1 0.81375 0.043333333333333335 0.82 0.04833333333333333 0.8225 0.065 0.82125 0.11166666666666666 0.82375 0.13166666666666665 0.82375 0.22333333333333333 0.82625 0.305 0.825 0.33666666666666667 0.8275 0.38333333333333336 0.825 0.39166666666666666 0.835 0.4033333333333333 0.84125 0.4166666666666667 0.84125 0.43333333333333335 0.83875 0.43833333333333335 0.83875 0.445 0.82625 0.465 0.82875 0.48 0.82875 0.5166666666666667 0.83125 0.5433333333333333 0.83 0.5633333333333334 0.8325 0.625 0.8325 0.7 0.835 0.7133333333333334 0.83625 0.7683333333333333 0.835 0.8266666666666667 0.81875 0.83 0.4975 0.83 0.3875 0.8333333333333334 0.2575 0.8333333333333334 0.25375 0.83 0.25125 0.8233333333333334 0.25125 0.79 0.24875 0.7766666666666666 0.25 0.7083333333333334 0.2475 0.68 0.24625 0.5083333333333333 0.24375 0.48333333333333334 0.245 0.4266666666666667 0.2425 0.41 0.2425 0.2966666666666667 0.22875 0.2816666666666667 0.225 0.2683333333333333 0.22625 0.24166666666666667 0.23 0.23333333333333334 0.24 0.22333333333333333 0.24 0.11833333333333333 0.23125 0.11166666666666666 0.22125 0.09666666666666666 0.2225 0.07 0.22875 0.05333333333333334 0.23375 0.04666666666666667 0.255 0.045 0.26625 0.05 0.28 0.06833333333333333 0.32125 0.07 0.3275 0.06666666666666667 0.39625 0.06666666666666667 0.42875 0.06166666666666667 0.4425 0.06166666666666667 0.45625 0.06666666666666667 0.465 0.06 0.52375 0.06333333333333334 0.5325 0.058333333333333334 0.5525 0.055 0.5875 0.055 0.61875 0.051666666666666666 0.65625 0.051666666666666666 0.66 0.05333333333333334 0.66375 0.06 0.6675 0.06 0.67125 0.05333333333333334 0.67875 0.05 0.71375 0.04666666666666667 0.755 0.04666666666666667 0.77625 0.043333333333333335 0.8125 0.043333333333333335
0 0.69125 0.6 0.7 0.6016666666666667 0.71 0.6083333333333333 0.71625 0.6166666666666667 0.72125 0.6333333333333333 0.72125 0.65 0.7175 0.6633333333333333 0.7075 0.675 0.69625 0.68 0.6825 0.6783333333333333 0.6725 0.6716666666666666 0.66375 0.66 0.66 0.6433333333333333 0.66125 0.6283333333333333 0.6675 0.6133333333333333 0.6775 0.6033333333333334 0.69 0.6
0 0.26125 0.045 0.27375 0.056666666666666664 0.27875 0.06833333333333333 0.28 0.07833333333333334 0.2775 0.09333333333333334 0.26875 0.11333333333333333 0.25375 0.12 0.24 0.11833333333333333 0.22625 0.10333333333333333 0.22125 0.08666666666666667 0.22125 0.07 0.22625 0.055 0.2375 0.045 0.26 0.045
0 0.38625 0.61 0.3975 0.615 0.4075 0.6266666666666667 0.41125 0.64 0.41125 0.6616666666666666 0.40875 0.6683333333333333 0.39625 0.685 0.385 0.6883333333333334 0.37625 0.6866666666666666 0.365 0.68 0.3575 0.6683333333333333 0.35375 0.65 0.355 0.6383333333333333 0.365 0.6183333333333333 0.37625 0.6116666666666667 0.385 0.61
0 0.55125 0.6116666666666667 0.55625 0.615 0.565 0.6283333333333333 0.56875 0.6533333333333333 0.5675 0.6633333333333333 0.5625 0.675 0.5575 0.6816666666666666 0.54375 0.6883333333333334 0.535 0.6883333333333334 0.52 0.6783333333333333 0.5125 0.6616666666666666 0.51125 0.6416666666666667 0.51625 0.625 0.52125 0.6166666666666667 0.5375 0.61 0.55 0.6116666666666667
0 0.255 0.22166666666666668 0.26875 0.23 0.27625 0.23833333333333334 0.28 0.24666666666666667 0.28 0.27 0.275 0.2866666666666667 0.2675 0.29333333333333333 0.2575 0.2966666666666667 0.23875 0.29333333333333333 0.23125 0.2866666666666667 0.225 0.2733333333333333 0.22375 0.25333333333333335 0.2275 0.23666666666666666 0.23375 0.22833333333333333 0.24125 0.22333333333333333 0.25375 0.22166666666666668
4 0.82875 0.395 0.84125 0.4116666666666667 0.8425 0.435 0.835 0.45666666666666667 0.825 0.465 0.815 0.4683333333333333 0.79875 0.465 0.78875 0.4533333333333333 0.78375 0.44166666666666665 0.78375 0.42 0.7875 0.4066666666666667 0.795 0.39666666666666667 0.8025 0.39166666666666666 0.81875 0.39 0.8275 0.395
4 0.68875 0.18 0.69875 0.18666666666666668 0.7075 0.19833333333333333 0.71125 0.21166666666666667 0.71 0.22833333333333333 0.70625 0.24166666666666667 0.7 0.25 0.68875 0.25666666666666665 0.6725 0.25666666666666665 0.6625 0.25166666666666665 0.65375 0.23833333333333334 0.65125 0.22666666666666666 0.65125 0.21333333333333335 0.65375 0.20333333333333334 0.66375 0.18666666666666668 0.67625 0.18 0.6875 0.18
4 0.53375 0.3933333333333333 0.5425 0.3983333333333333 0.55125 0.4116666666666667 0.555 0.425 0.555 0.43833333333333335 0.55125 0.45 0.53875 0.465 0.5325 0.4683333333333333 0.5125 0.4666666666666667 0.50375 0.45666666666666667 0.49625 0.43833333333333335 0.4975 0.4166666666666667 0.5075 0.4 0.51875 0.3933333333333333 0.5325 0.3933333333333333
4 0.55 0.20666666666666667 0.5575 0.21166666666666667 0.565 0.22166666666666668 0.56875 0.23333333333333334 0.56875 0.25166666666666665 0.56375 0.26666666666666666 0.55625 0.27666666666666667 0.5475 0.2816666666666667 0.5325 0.2816666666666667 0.52375 0.27666666666666667 0.51875 0.27 0.51125 0.25166666666666665 0.51125 0.23666666666666666 0.51375 0.22666666666666666 0.52625 0.21 0.5325 0.20666666666666667 0.54875 0.20666666666666667
2 0.44875 0.5466666666666666 0.4525 0.5483333333333333 0.45625 0.5566666666666666 0.45625 0.6116666666666667 0.46 0.68 0.45875 0.725 0.44875 0.7283333333333334 0.42 0.73 0.3325 0.7316666666666667 0.32625 0.7266666666666667 0.32375 0.7183333333333334 0.32375 0.5533333333333333 0.3275 0.55 0.44 0.5466666666666666 0.4475 0.5483333333333333
2 0.59125 0.15833333333333333 0.595 0.165 0.59625 0.19333333333333333 0.59625 0.335 0.5925 0.3383333333333333 0.4775 0.3433333333333333 0.46625 0.3416666666666667 0.4625 0.335 0.46 0.16833333333333333 0.47 0.16333333333333333 0.48625 0.16166666666666665 0.51125 0.16166666666666665 0.535 0.15833333333333333 0.59 0.15833333333333333
2 0.595 0.3516666666666667 0.5975 0.35833333333333334 0.6 0.4066666666666667 0.6 0.5266666666666666 0.59 0.5316666666666666 0.47375 0.535 0.46875 0.5333333333333333 0.465 0.5233333333333333 0.46125 0.38 0.4625 0.3616666666666667 0.46625 0.3566666666666667 0.5075 0.355 0.525 0.3516666666666667 0.59375 0.3516666666666667
2 0.7375 0.15166666666666667 0.7425 0.15833333333333333 0.745 0.33 0.74 0.335 0.62625 0.3383333333333333 0.6125 0.3383333333333333 0.6075 0.335 0.605 0.25833333333333336 0.60625 0.16166666666666665 0.61125 0.15666666666666668 0.73625 0.15166666666666667
2 0.445 0.165 0.44875 0.17 0.45125 0.18833333333333332 0.45125 0.34 0.44625 0.3433333333333333 0.33625 0.35 0.32125 0.34833333333333333 0.31875 0.3433333333333333 0.3175 0.2966666666666667 0.315 0.29 0.31625 0.23333333333333334 0.31375 0.23 0.3125 0.19666666666666666 0.3125 0.18333333333333332 0.31625 0.17166666666666666 0.32 0.16833333333333333 0.39 0.16833333333333333 0.4075 0.165 0.44375 0.165
2 0.70875 0.345 0.74 0.3466666666666667 0.745 0.35333333333333333 0.7475 0.43833333333333335 0.75 0.445 0.7475 0.45 0.74875 0.46 0.74625 0.5266666666666666 0.70625 0.53 0.61375 0.53 0.61125 0.5266666666666666 0.60875 0.5016666666666667 0.60875 0.4216666666666667 0.60625 0.37333333333333335 0.6075 0.35833333333333334 0.61125 0.3516666666666667 0.615 0.35 0.63625 0.35 0.6525 0.3466666666666667 0.6825 0.34833333333333333 0.7075 0.345
2 0.45125 0.35833333333333334 0.455 0.415 0.455 0.5316666666666666 0.44875 0.535 0.355 0.5383333333333333 0.33125 0.5383333333333333 0.32375 0.535 0.3225 0.53 0.3225 0.49666666666666665 0.32 0.465 0.32125 0.435 0.31875 0.4033333333333333 0.32 0.36333333333333334 0.32375 0.36 0.33625 0.35833333333333334 0.45 0.35833333333333334
2 0.595 0.5433333333333333 0.59875 0.545 0.60125 0.5516666666666666 0.60125 0.6116666666666667 0.60375 0.6333333333333333 0.605 0.7166666666666667 0.6025 0.7233333333333334 0.5975 0.725 0.57875 0.725 0.56375 0.7283333333333334 0.47375 0.7283333333333334 0.47 0.7233333333333334 0.4675 0.6833333333333333 0.46875 0.665 0.46625 0.645 0.46625 0.555 0.4725 0.5466666666666666 0.59375 0.5433333333333333
2 0.7475 0.5416666666666666 0.75125 0.5883333333333334 0.75375 0.7216666666666667 0.75125 0.725 0.71 0.7266666666666667 0.625 0.7266666666666667 0.615 0.7233333333333334 0.61 0.575 0.61125 0.55 0.6125 0.5466666666666666 0.6225 0.5433333333333333 0.74625 0.5416666666666666
3 0.31 0.16166666666666665 0.355 0.15666666666666668 0.43 0.15666666666666668 0.455 0.15333333333333332 0.465 0.155 0.5 0.15166666666666667 0.54375 0.15166666666666667 0.57125 0.14833333333333334 0.7475 0.14166666666666666 0.75 0.15 0.75125 0.18833333333333332 0.75 0.2783333333333333 0.75375 0.4033333333333333 0.7525 0.43166666666666664 0.755 0.445 0.75375 0.4866666666666667 0.75625 0.515 0.755 0.5633333333333334 0.7575 0.595 0.75875 0.665 0.75875 0.73 0.75125 0.7333333333333333 0.7475 0.7316666666666667 0.63375 0.735 0.445 0.735 0.4175 0.7383333333333333 0.32125 0.7366666666666667 0.31875 0.6966666666666667 0.31625 0.48333333333333334 0.31 0.29333333333333333 0.31 0.16333333333333333