1 0.1325 0 0.1575 0 0.18125 0.0033333333333333335 0.18625 0 0.19375 0 0.19875 0.0033333333333333335 0.2125 0 0.325 0 0.32875 0.0033333333333333335 0.335 0.0033333333333333335 0.3375 0 0.3725 0 0.37625 0.0033333333333333335 0.38 0 0.49125 0 0.49375 0.0033333333333333335 0.5 0.005 0.505 0 0.5325 0 0.53875 0.008333333333333333 0.54375 0.008333333333333333 0.55 0 0.575 0 0.58 0.005 0.60875 0.0033333333333333335 0.6225 0.006666666666666667 0.6325 0.0033333333333333335 0.635 0 0.66125 0 0.675 0.0033333333333333335 0.685 0.0033333333333333335 0.68875 0 0.74375 0 0.74625 0.0033333333333333335 0.75875 0.0033333333333333335 0.76625 0 0.79 0 0.7975 0.0033333333333333335 0.8 0.01 0.79875 0.04666666666666667 0.80375 0.08333333333333333 0.805 0.12 0.8075 0.12833333333333333 0.80625 0.14 0.80875 0.14333333333333334 0.81125 0.21 0.81375 0.21833333333333332 0.815 0.25666666666666665 0.8175 0.27166666666666667 0.81625 0.30833333333333335 0.82 0.325 0.8225 0.36 0.8225 0.36833333333333335 0.8175 0.37666666666666665 0.82125 0.39666666666666667 0.8225 0.46 0.82625 0.49 0.82625 0.5116666666666667 0.82875 0.5183333333333333 0.83 0.535 0.82875 0.5566666666666666 0.8325 0.5633333333333334 0.83 0.5833333333333334 0.835 0.59 0.835 0.615 0.83 0.6233333333333333 0.835 0.63 0.835 0.6533333333333333 0.84125 0.6783333333333333 0.84125 0.6983333333333334 0.84375 0.7083333333333334 0.8425 0.74 0.845 0.7433333333333333 0.845 0.7633333333333333 0.8475 0.7683333333333333 0.84875 0.8216666666666667 0.85125 0.83 0.8525 0.8633333333333333 0.855 0.87 0.8525 0.88 0.8525 0.895 0.855 0.9 0.85625 0.92 0.85625 0.9816666666666667 0.8525 0.9883333333333333 0.8525 0.9933333333333333 0.845 0.9933333333333333 0.84 0.9983333333333333 0.81625 0.9983333333333333 0.8075 0.99 0.80125 0.99 0.79625 0.9933333333333333 0.73625 0.9916666666666667 0.72 0.9966666666666667 0.705 0.9966666666666667 0.68875 0.9916666666666667 0.66875 0.99 0.63625 0.9966666666666667 0.6025 0.9916666666666667 0.57 0.995 0.43 0.995 0.42375 0.9983333333333333 0.41125 0.995 0.39125 0.995 0.3875 0.9983333333333333 0.37625 0.9983333333333333 0.37375 0.995 0.355 0.9933333333333333 0.3325 0.9933333333333333 0.32125 0.9983333333333333 0.30875 0.9983333333333333 0.305 0.995 0.28625 0.9933333333333333 0.26 0.995 0.2525 0.9983333333333333 0.2375 0.9983333333333333 0.23375 0.995 0.195 0.995 0.19125 0.9983333333333333 0.17 0.9983333333333333 0.1675 0.995 0.1425 0.995 0.14 0.99 0.14 0.9683333333333334 0.1375 0.9616666666666667 0.13875 0.9066666666666666 0.13625 0.8866666666666667 0.1375 0.855 0.135 0.8266666666666667 0.135 0.725 0.13125 0.6816666666666666 0.13375 0.6666666666666666 0.13375 0.65 0.13125 0.6383333333333333 0.1325 0.5733333333333334 0.12875 0.5616666666666666 0.13 0.48833333333333334 0.12875 0.43166666666666664 0.1275 0.41 0.125 0.40166666666666667 0.1275 0.385 0.1275 0.3616666666666667 0.12625 0.34 0.12375 0.335 0.125 0.23666666666666666 0.1225 0.23333333333333334 0.12375 0.22666666666666666 0.12125 0.17333333333333334 0.1225 0.025 0.12 0.008333333333333333 0.125 0.0033333333333333335 0.1325 0.0016666666666666668
1 0.74 0.028333333333333332 0.7525 0.041666666666666664 0.755 0.055 0.75375 0.07833333333333334 0.74625 0.08833333333333333 0.74375 0.09666666666666666 0.74 0.09833333333333333 0.74375 0.1 0.7425 0.105 0.7475 0.12 0.7475 0.135 0.75125 0.155 0.7525 0.19666666666666666 0.75 0.20666666666666667 0.75875 0.21833333333333332 0.76625 0.23666666666666666 0.7625 0.2633333333333333 0.75375 0.275 0.75375 0.2816666666666667 0.7575 0.30833333333333335 0.75625 0.33166666666666667 0.75875 0.3383333333333333 0.76 0.37666666666666665 0.7575 0.38666666666666666 0.765 0.3933333333333333 0.765 0.39666666666666667 0.7725 0.41 0.77125 0.43166666666666664 0.76125 0.455 0.765 0.4683333333333333 0.76625 0.5166666666666667 0.77 0.55 0.76875 0.5766666666666667 0.77625 0.6866666666666666 0.77625 0.715 0.77875 0.7383333333333333 0.7775 0.7533333333333333 0.78125 0.7816666666666666 0.78 0.8083333333333333 0.7725 0.8133333333333334 0.74125 0.8133333333333334 0.72375 0.8166666666666667 0.6 0.82 0.5825 0.8233333333333334 0.5375 0.8233333333333334 0.43375 0.83 0.42125 0.8283333333333334 0.41 0.8316666666666667 0.4025 0.83 0.34125 0.835 0.32375 0.8333333333333334 0.22625 0.84 0.21 0.84 0.2075 0.835 0.205 0.8133333333333334 0.20625 0.79 0.20375 0.7816666666666666 0.20375 0.7333333333333333 0.20125 0.7083333333333334 0.20125 0.6766666666666666 0.20375 0.665 0.19875 0.6583333333333333 0.19625 0.66 0.19375 0.6566666666666666 0.195 0.6533333333333333 0.18875 0.645 0.1875 0.63 0.185 0.6266666666666667 0.18625 0.6116666666666667 0.1925 0.6016666666666667 0.1925 0.595 0.19875 0.5966666666666667 0.20125 0.5916666666666667 0.1975 0.5866666666666667 0.19875 0.5466666666666666 0.195 0.5116666666666667 0.195 0.49666666666666665 0.1975 0.485 0.17875 0.45666666666666667 0.18125 0.43166666666666664 0.1975 0.4116666666666667 0.1925 0.405 0.19 0.33 0.19125 0.30833333333333335 0.18125 0.2966666666666667 0.1775 0.2833333333333333 0.17125 0.27166666666666667 0.175 0.25333333333333335 0.185 0.24 0.18625 0.235 0.18375 0.19333333333333333 0.18625 0.13166666666666665 0.17375 0.125 0.17375 0.12 0.1675 0.105 0.1675 0.08833333333333333 0.175 0.07166666666666667 0.185 0.065 0.205 0.065 0.2125 0.07 0.215 0.07666666666666666 0.21375 0.08333333333333333 0.2175 0.08833333333333333 0.22 0.08833333333333333 0.22375 0.09333333333333334 0.23 0.09333333333333334 0.24625 0.08833333333333333 0.2975 0.08833333333333333 0.3075 0.085 0.32 0.085 0.33125 0.08833333333333333 0.34875 0.08333333333333333 0.42 0.08 0.43625 0.07833333333333334 0.4425 0.075 0.49125 0.075 0.52625 0.07 0.65875 0.06333333333333334 0.7 0.058333333333333334 0.70375 0.051666666666666666 0.70375 0.045 0.7075 0.03666666666666667 0.7275 0.028333333333333332 0.73875 0.028333333333333332
0 0.21375 0.06833333333333333 0.22 0.08 0.2225 0.09833333333333333 0.22 0.11333333333333333 0.215 0.12666666666666668 0.205 0.13333333333333333 0.1875 0.13333333333333333 0.17875 0.13 0.16875 0.11666666666666667 0.16625 0.11 0.16625 0.08666666666666667 0.17 0.07666666666666666 0.17625 0.06833333333333333 0.18375 0.06333333333333334 0.2 0.06166666666666667 0.21 0.065 0.2125 0.06833333333333333
0 0.22875 0.5933333333333334 0.23625 0.6016666666666667 0.24125 0.615 0.2425 0.6333333333333333 0.2375 0.6516666666666666 0.23 0.6616666666666666 0.2225 0.665 0.2025 0.665 0.195 0.66 0.19 0.6533333333333333 0.18375 0.6383333333333333 0.18375 0.6183333333333333 0.19125 0.6016666666666667 0.2025 0.5916666666666667 0.22 0.59 0.2275 0.5933333333333334
0 0.21 0.23833333333333334 0.2275 0.25833333333333336 0.23 0.2783333333333333 0.2275 0.2866666666666667 0.2175 0.30333333333333334 0.2025 0.30833333333333335 0.19125 0.30666666666666664 0.1775 0.29333333333333333 0.17625 0.28 0.17125 0.27 0.17125 0.26 0.175 0.25 0.185 0.23833333333333334 0.1925 0.235 0.20375 0.235 0.20875 0.23833333333333334
0 0.21875 0.415 0.23125 0.42833333333333334 0.235 0.44 0.235 0.45166666666666666 0.23 0.47333333333333333 0.21625 0.485 0.19625 0.48333333333333334 0.18875 0.47833333333333333 0.1825 0.47 0.17875 0.4583333333333333 0.17875 0.43666666666666665 0.18125 0.42833333333333334 0.195 0.41333333333333333 0.2125 0.4116666666666667 0.2175 0.415
0 0.33875 0.6083333333333333 0.3525 0.615 0.36125 0.6283333333333333 0.36375 0.6383333333333333 0.36375 0.6533333333333333 0.3575 0.6733333333333333 0.3525 0.68 0.34625 0.6833333333333333 0.32875 0.6833333333333333 0.31875 0.6783333333333333 0.31125 0.6683333333333333 0.3075 0.6533333333333333 0.3075 0.6383333333333333 0.31125 0.6266666666666667 0.32 0.615 0.3275 0.61 0.3375 0.6083333333333333
4 0.76125 0.38666666666666666 0.77125 0.3983333333333333 0.77375 0.405 0.775 0.4266666666666667 0.76875 0.44666666666666666 0.75375 0.45666666666666667 0.73875 0.45666666666666667 0.72625 0.4483333333333333 0.71875 0.43166666666666664 0.71875 0.4166666666666667 0.7225 0.3983333333333333 0.73 0.3883333333333333 0.73875 0.38333333333333336 0.755 0.38333333333333336 0.76 0.38666666666666666
4 0.475 0.39166666666666666 0.48625 0.39666666666666667 0.49375 0.4066666666666667 0.49875 0.42 0.49875 0.44 0.4875 0.46 0.48125 0.465 0.47375 0.4666666666666667 0.46125 0.465 0.45375 0.46 0.445 0.445 0.4425 0.435 0.44375 0.41833333333333333 0.44875 0.405 0.46 0.395 0.47375 0.39166666666666666
4 0.75 0.20666666666666667 0.76125 0.21833333333333332 0.76625 0.23166666666666666 0.76625 0.25166666666666665 0.7625 0.265 0.7575 0.27166666666666667 0.745 0.2783333333333333 0.7325 0.2783333333333333 0.72 0.27 0.7125 0.255 0.71 0.23333333333333334 0.715 0.22 0.725 0.20833333333333334 0.73125 0.205 0.74875 0.20666666666666667
4 0.7375 0.02666666666666667 0.745 0.03166666666666667 0.75375 0.043333333333333335 0.75625 0.05333333333333334 0.75625 0.07666666666666666 0.74375 0.09333333333333334 0.73375 0.09833333333333333 0.72375 0.09833333333333333 0.71 0.09 0.7025 0.07833333333333334 0.7 0.055 0.7025 0.041666666666666664 0.7125 0.03 0.72 0.02666666666666667 0.73625 0.02666666666666667
2 0.6575 0.15833333333333333 0.6675 0.15833333333333333 0.67125 0.16166666666666665 0.67375 0.16833333333333333 0.6775 0.25833333333333336 0.68 0.265 0.68 0.3333333333333333 0.64375 0.3383333333333333 0.56625 0.3416666666666667 0.5525 0.3416666666666667 0.54875 0.33666666666666667 0.545 0.28 0.545 0.245 0.54125 0.21333333333333335 0.5425 0.17166666666666666 0.56625 0.16666666666666666 0.5975 0.16666666666666666 0.62 0.16333333333333333 0.6225 0.165 0.65625 0.16
2 0.52625 0.17166666666666666 0.53 0.175 0.53125 0.18166666666666667 0.5325 0.22666666666666666 0.535 0.23833333333333334 0.535 0.29 0.5375 0.30666666666666664 0.53625 0.34 0.50875 0.345 0.47 0.345 0.45875 0.34833333333333333 0.45625 0.3466666666666667 0.43 0.35 0.41375 0.35 0.41 0.34833333333333333 0.40875 0.345 0.40625 0.26166666666666666 0.40375 0.25666666666666665 0.405 0.23333333333333334 0.4025 0.22666666666666666 0.4025 0.18333333333333332 0.4075 0.17833333333333334 0.4475 0.17333333333333334 0.4875 0.17333333333333334 0.4975 0.17 0.525 0.17166666666666666
2 0.425 0.7233333333333334 0.42125 0.705 0.42125 0.675 0.41875 0.655 0.42 0.6216666666666667 0.41625 0.5783333333333334 0.4175 0.5533333333333333 0.425 0.5483333333333333 0.4975 0.5433333333333333 0.54625 0.5433333333333333 0.54875 0.5466666666666666 0.555 0.6683333333333333 0.55375 0.715 0.55 0.7183333333333334 0.525 0.7216666666666667 0.49 0.7216666666666667 0.465 0.725 0.42625 0.7233333333333334
2 0.66875 0.3466666666666667 0.67875 0.35 0.6825 0.3566666666666667 0.685 0.42833333333333334 0.68875 0.465 0.6875 0.52 0.67125 0.5233333333333333 0.64 0.5233333333333333 0.62 0.5266666666666666 0.605 0.525 0.5825 0.5283333333333333 0.56 0.5283333333333333 0.55625 0.5216666666666666 0.55 0.37666666666666665 0.55125 0.35833333333333334 0.5675 0.35333333333333333 0.6675 0.3466666666666667
2 0.39625 0.36333333333333334 0.4 0.37333333333333335 0.39875 0.38166666666666665 0.40375 0.435 0.4025 0.44333333333333336 0.40625 0.5 0.405 0.5333333333333333 0.4025 0.5366666666666666 0.39125 0.5383333333333333 0.38625 0.5366666666666666 0.36625 0.54 0.3425 0.54 0.2875 0.5466666666666666 0.275 0.545 0.2725 0.5383333333333333 0.27375 0.5333333333333333 0.27125 0.5016666666666667 0.26875 0.37666666666666665 0.2725 0.37166666666666665 0.395 0.36333333333333334
2 0.38875 0.18166666666666667 0.3925 0.19333333333333333 0.3925 0.21666666666666667 0.395 0.22833333333333333 0.3975 0.34833333333333333 0.39 0.3516666666666667 0.32625 0.355 0.2975 0.36 0.2725 0.36 0.27 0.35833333333333334 0.2675 0.35 0.26125 0.27166666666666667 0.26375 0.265 0.26125 0.255 0.26125 0.19666666666666666 0.26625 0.18833333333333332 0.27875 0.185 0.31625 0.185 0.37 0.18 0.3875 0.18166666666666667
2 0.3975 0.55 0.40625 0.555 0.4075 0.5666666666666667 0.41375 0.72 0.4125 0.7233333333333334 0.40625 0.7266666666666667 0.35125 0.73 0.33375 0.7333333333333333 0.28375 0.7333333333333333 0.28 0.7283333333333334 0.28 0.69 0.2775 0.6833333333333333 0.27625 0.6683333333333333 0.2775 0.6533333333333333 0.275 0.6233333333333333 0.27625 0.56 0.33875 0.5516666666666666 0.39625 0.55
2 0.685 0.5333333333333333 0.69125 0.5416666666666666 0.695 0.5816666666666667 0.69375 0.5966666666666667 0.6975 0.6266666666666667 0.6975 0.6866666666666666 0.7 0.7066666666666667 0.69875 0.71 0.69 0.7133333333333334 0.62875 0.715 0.62 0.7183333333333334 0.57 0.7183333333333334 0.56625 0.715 0.56375 0.6966666666666667 0.5575 0.5466666666666666 0.56125 0.5416666666666666 0.58125 0.5383333333333333 0.61625 0.5383333333333333 0.6325 0.535 0.66125 0.5366666666666666 0.68375 0.5333333333333333
2 0.41125 0.36333333333333334 0.4675 0.35833333333333334 0.53625 0.3566666666666667 0.54 0.3616666666666667 0.54125 0.375 0.54625 0.49833333333333335 0.54625 0.525 0.5425 0.5283333333333333 0.4525 0.535 0.4175 0.535 0.415 0.5266666666666666 0.41375 0.4716666666666667 0.41 0.4266666666666667 0.40875 0.375 0.41125 0.365
3 0.67625 0.15333333333333332 0.68 0.17666666666666667 0.67875 0.195 0.68125 0.2 0.68 0.21166666666666667 0.6825 0.23166666666666666 0.6825 0.2816666666666667 0.68625 0.31 0.685 0.3433333333333333 0.68875 0.35333333333333333 0.68875 0.38666666666666666 0.6925 0.4266666666666667 0.6925 0.44 0.69 0.445 0.6925 0.4483333333333333 0.6925 0.47 0.695 0.485 0.69375 0.49333333333333335 0.69625 0.505 0.695 0.5283333333333333 0.6975 0.545 0.7 0.5883333333333334 0.69875 0.595 0.7025 0.6383333333333333 0.70125 0.6466666666666666 0.70375 0.6766666666666666 0.70375 0.7166666666666667 0.7 0.72 0.675 0.7216666666666667 0.665 0.72 0.6475 0.7233333333333334 0.6175 0.7233333333333334 0.5925 0.7266666666666667 0.415 0.7333333333333333 0.365 0.7383333333333333 0.315 0.7383333333333333 0.2925 0.7416666666666667 0.27625 0.74 0.27375 0.72 0.27375 0.6833333333333333 0.27 0.6583333333333333 0.27 0.63 0.2725 0.6233333333333333 0.27 0.62 0.27 0.575 0.26375 0.4633333333333333 0.265 0.4216666666666667 0.2625 0.40166666666666667 0.2625 0.37 0.25875 0.31 0.26 0.2833333333333333 0.26375 0.2816666666666667 0.26375 0.2916666666666667 0.26625 0.3 0.2675 0.34833333333333333 0.27125 0.35833333333333334 0.3075 0.35833333333333334 0.34125 0.35333333333333333 0.37 0.35333333333333333 0.39625 0.35 0.39875 0.34 0.39875 0.31 0.3975 0.2816666666666667 0.395 0.275 0.395 0.23333333333333334 0.3925 0.22 0.39375 0.21666666666666667 0.39125 0.18833333333333332 0.38625 0.18 0.35 0.18 0.315 0.18666666666666668 0.275 0.18666666666666668 0.2675 0.19 0.26 0.20166666666666666 0.2625 0.21166666666666667 0.2625 0.23166666666666666 0.26625 0.24 0.26625 0.265 0.265 0.27166666666666667 0.26 0.2733333333333333 0.2575 0.26666666666666666 0.2575 0.23666666666666666 0.255 0.22666666666666666 0.25625 0.18 0.31 0.17333333333333334 0.3275 0.175 0.34 0.17166666666666666 0.43 0.16833333333333333 0.44625 0.165 0.50125 0.16333333333333333 0.52125 0.16 0.55125 0.16 0.6625 0.15166666666666667 0.675 0.15333333333333332