1 0.0225 0.17666666666666667 0.175 0.195 0.2 0.2 0.21375 0.2 0.275 0.21 0.28875 0.21 0.30875 0.215 0.3475 0.21833333333333332 0.39625 0.22666666666666666 0.48 0.235 0.5025 0.24 0.57 0.245 0.595 0.25166666666666665 0.5975 0.25833333333333336 0.59625 0.3283333333333333 0.59125 0.38 0.58875 0.44333333333333336 0.58625 0.45666666666666667 0.585 0.525 0.5825 0.5416666666666666 0.5825 0.5766666666666667 0.5775 0.6216666666666667 0.57875 0.65 0.57625 0.6633333333333333 0.5775 0.6783333333333333 0.5725 0.7583333333333333 0.5725 0.77 0.57875 0.7866666666666666 0.58 0.8083333333333333 0.5775 0.8166666666666667 0.57375 0.8183333333333334 0.5675 0.8316666666666667 0.57 0.84 0.56875 0.875 0.56625 0.915 0.5625 0.935 0.565 0.945 0.57125 0.9566666666666667 0.57 0.9833333333333333 0.55875 0.995 0.53875 0.995 0.52625 0.99 0.52125 0.985 0.51875 0.9783333333333334 0.51125 0.9816666666666667 0.50125 0.9816666666666667 0.4875 0.9733333333333334 0.4675 0.98 0.4375 0.98 0.43 0.975 0.415 0.975 0.4075 0.9783333333333334 0.37875 0.9783333333333334 0.31 0.975 0.2975 0.9766666666666667 0.1525 0.9716666666666667 0.14625 0.9733333333333334 0.115 0.97 0.03875 0.9683333333333334 0.0275 0.965 0.0275 0.9583333333333334 0.025 0.955 0.02875 0.9583333333333334 0.03375 0.9516666666666667 0.03125 0.9483333333333334 0.0325 0.9416666666666667 0.03625 0.9416666666666667 0.03875 0.9383333333333334 0.0375 0.935 0.035 0.935 0.04125 0.935 0.04375 0.9316666666666666 0.045 0.9166666666666666 0.0425 0.9116666666666666 0.0375 0.9116666666666666 0.035 0.9166666666666666 0.03625 0.9216666666666666 0.03375 0.925 0.01875 0.9166666666666666 0.0125 0.9233333333333333 0.015 0.93 0.0075 0.925 0.00625 0.9233333333333333 0.01 0.9183333333333333 0.01 0.91 0.00625 0.9033333333333333 0.01375 0.9 0.01 0.8966666666666666 0.015 0.8933333333333333 0.01 0.89 0.01625 0.8866666666666667 0.0125 0.8833333333333333 0 0.8833333333333333 0 0.87 0.0025 0.8683333333333333 0 0.865 0 0.8366666666666667 0.00375 0.83 0.005 0.82 0 0.8133333333333334 0 0.6633333333333333 0.0075 0.6533333333333333 0.00625 0.6383333333333333 0 0.63 0 0.6016666666666667 0.00375 0.5983333333333334 0.0025 0.5583333333333333 0 0.555 0.0025 0.5516666666666666 0.0025 0.545 0 0.5416666666666666 0 0.41833333333333333 0.0025 0.4166666666666667 0.00375 0.4033333333333333 0.0025 0.35833333333333334 0.005 0.31166666666666665 0.00875 0.29 0.0075 0.2816666666666667 0.01 0.26166666666666666 0.00875 0.25333333333333335 0.01125 0.24 0.01125 0.21166666666666667 0.01375 0.185 0.0175 0.17833333333333334 0.02125 0.17833333333333334
0 0.565 0.7633333333333333 0.5775 0.775 0.5825 0.7916666666666666 0.5825 0.8066666666666666 0.57875 0.82 0.575 0.825 0.56875 0.83 0.55875 0.8333333333333334 0.54625 0.8316666666666667 0.5325 0.8166666666666667 0.52875 0.8033333333333333 0.52875 0.7866666666666666 0.53125 0.775 0.53875 0.7666666666666667 0.54875 0.7616666666666667 0.56375 0.7633333333333333
0 0.32 0.5516666666666666 0.32875 0.5666666666666667 0.33 0.5866666666666667 0.32375 0.6033333333333334 0.31625 0.6133333333333333 0.30625 0.6183333333333333 0.295 0.6183333333333333 0.2825 0.6116666666666667 0.2725 0.595 0.27125 0.5716666666666667 0.275 0.5616666666666666 0.28375 0.55 0.2925 0.545 0.30875 0.545 0.31875 0.5516666666666666
0 0.315 0.34 0.32875 0.35 0.33375 0.35833333333333334 0.3375 0.36833333333333335 0.3375 0.3883333333333333 0.335 0.3983333333333333 0.32875 0.4083333333333333 0.32125 0.415 0.3125 0.41833333333333333 0.30375 0.41833333333333333 0.28875 0.41 0.28 0.39666666666666667 0.27875 0.37333333333333335 0.28 0.35833333333333334 0.28375 0.35 0.3 0.34 0.31375 0.34
0 0.4625 0.7916666666666666 0.47125 0.8016666666666666 0.475 0.81 0.4775 0.8283333333333334 0.47125 0.8483333333333334 0.46625 0.855 0.4525 0.8633333333333333 0.43875 0.8616666666666667 0.425 0.8483333333333334 0.42125 0.8366666666666667 0.42 0.8183333333333334 0.4225 0.81 0.435 0.7933333333333333 0.44 0.79 0.45625 0.7883333333333333 0.46125 0.7916666666666666
0 0.555 0.9333333333333333 0.56625 0.9416666666666667 0.5725 0.9566666666666667 0.575 0.97 0.57375 0.9866666666666667 0.56625 0.9983333333333333 0.525 0.9983333333333333 0.51875 0.9833333333333333 0.51875 0.9616666666666667 0.5275 0.9433333333333334 0.53625 0.935 0.55375 0.9333333333333333
4 0 0.92 0.01 0.925 0.01625 0.9333333333333333 0.02 0.955 0.01875 0.97 0.015 0.98 0.00875 0.9883333333333333 0 0.9916666666666667 0 0.9216666666666666
4 0.1475 0.7533333333333333 0.1575 0.7583333333333333 0.165 0.77 0.16875 0.785 0.16875 0.7966666666666666 0.165 0.8083333333333333 0.15625 0.8216666666666667 0.14 0.83 0.125 0.8266666666666667 0.115 0.8166666666666667 0.1075 0.7983333333333333 0.1075 0.785 0.1125 0.7716666666666666 0.12125 0.76 0.1325 0.7533333333333333 0.14625 0.7533333333333333
4 0.1475 0.32 0.1575 0.3233333333333333 0.16375 0.3283333333333333 0.17 0.3383333333333333 0.1725 0.34833333333333333 0.1725 0.365 0.16875 0.37833333333333335 0.16 0.39 0.1475 0.39666666666666667 0.13625 0.39666666666666667 0.1225 0.3883333333333333 0.11625 0.37666666666666665 0.1125 0.36 0.115 0.3416666666666667 0.1225 0.32666666666666666 0.135 0.32 0.14625 0.32
4 0.45875 0.5666666666666667 0.47375 0.5766666666666667 0.47875 0.585 0.4825 0.5983333333333334 0.4825 0.61 0.4775 0.625 0.46125 0.6383333333333333 0.44 0.6366666666666667 0.4275 0.6216666666666667 0.425 0.6133333333333333 0.425 0.595 0.43375 0.5766666666666667 0.44875 0.5666666666666667 0.4575 0.5666666666666667
2 0.40375 0.32666666666666666 0.46 0.335 0.50375 0.33666666666666667 0.5125 0.3383333333333333 0.51625 0.3433333333333333 0.51625 0.41 0.51375 0.4166666666666667 0.515 0.43833333333333335 0.51375 0.46 0.51125 0.47 0.51125 0.5016666666666667 0.50875 0.51 0.505 0.5116666666666667 0.4675 0.5066666666666667 0.3925 0.5033333333333333 0.3825 0.5016666666666667 0.38 0.49833333333333335 0.37875 0.4583333333333333 0.38125 0.44 0.38625 0.33166666666666667 0.39 0.325 0.4025 0.32666666666666666
2 0.40125 0.5133333333333333 0.44875 0.5166666666666667 0.47375 0.5216666666666666 0.50125 0.5216666666666666 0.5075 0.5266666666666666 0.50875 0.5433333333333333 0.50625 0.5766666666666667 0.50625 0.6266666666666667 0.50375 0.6416666666666667 0.50125 0.69 0.4975 0.6966666666666667 0.47 0.6933333333333334 0.4275 0.6933333333333334 0.4175 0.69 0.37625 0.69 0.37 0.685 0.37 0.6416666666666667 0.37625 0.5166666666666667 0.38 0.5116666666666667 0.4 0.5133333333333333
2 0.08 0.48833333333333334 0.1025 0.4866666666666667 0.14375 0.49 0.15375 0.49333333333333335 0.17375 0.49333333333333335 0.1875 0.49666666666666665 0.21125 0.49666666666666665 0.22125 0.5016666666666667 0.22 0.5466666666666666 0.2175 0.5583333333333333 0.2175 0.605 0.215 0.6183333333333333 0.21375 0.6483333333333333 0.215 0.6583333333333333 0.2125 0.6716666666666666 0.205 0.6766666666666666 0.1125 0.6733333333333333 0.07625 0.6683333333333333 0.0725 0.665 0.07125 0.6583333333333333 0.07375 0.565 0.08 0.49
2 0.16625 0.2966666666666667 0.2 0.30333333333333334 0.225 0.305 0.2325 0.31166666666666665 0.225 0.435 0.22625 0.46 0.22375 0.4666666666666667 0.22375 0.4766666666666667 0.22 0.485 0.12875 0.48 0.1175 0.4766666666666667 0.09125 0.475 0.08375 0.47333333333333333 0.08125 0.47 0.08125 0.42833333333333334 0.08375 0.4033333333333333 0.0825 0.38666666666666666 0.08625 0.36833333333333335 0.08625 0.345 0.08875 0.34 0.08875 0.295 0.0925 0.2916666666666667 0.10875 0.2916666666666667 0.12125 0.295 0.165 0.2966666666666667
2 0.2975 0.31166666666666665 0.32875 0.31833333333333336 0.37125 0.32166666666666666 0.3775 0.33 0.375 0.35833333333333334 0.37625 0.385 0.3725 0.425 0.37125 0.47833333333333333 0.36875 0.49333333333333335 0.3625 0.49833333333333335 0.245 0.49 0.2375 0.48833333333333334 0.2325 0.4816666666666667 0.24 0.33166666666666667 0.23875 0.31 0.25625 0.30833333333333335 0.29625 0.31166666666666665
2 0.08875 0.6816666666666666 0.21 0.6916666666666667 0.21125 0.7266666666666667 0.20625 0.7983333333333333 0.205 0.85 0.2025 0.8666666666666667 0.19875 0.87 0.14 0.87 0.10125 0.865 0.0675 0.865 0.0625 0.86 0.0625 0.84 0.06625 0.8016666666666666 0.06625 0.7416666666666667 0.06875 0.7316666666666667 0.07 0.6916666666666667 0.0725 0.685 0.07625 0.6816666666666666 0.0875 0.6816666666666666
2 0.41625 0.7016666666666667 0.43375 0.705 0.49 0.7066666666666667 0.49875 0.7116666666666667 0.5 0.7283333333333334 0.49625 0.78 0.495 0.8583333333333333 0.49375 0.8733333333333333 0.4875 0.88 0.40125 0.88 0.38375 0.8766666666666667 0.3625 0.8766666666666667 0.3625 0.79 0.36875 0.7016666666666667 0.415 0.7016666666666667
2 0.27875 0.6933333333333334 0.35375 0.6983333333333334 0.35625 0.7 0.3575 0.705 0.35125 0.8666666666666667 0.3475 0.8733333333333333 0.3225 0.8766666666666667 0.31 0.8733333333333333 0.285 0.875 0.2575 0.8716666666666667 0.22625 0.8716666666666667 0.21875 0.87 0.215 0.8633333333333333 0.21625 0.8116666666666666 0.21875 0.79 0.21875 0.7483333333333333 0.2225 0.695 0.22625 0.6916666666666667 0.2775 0.6933333333333334
2 0.296875 0.5941666666666666 0.14625 0.18833333333333332
3 0.11625 0.2833333333333333 0.1425 0.28833333333333333 0.1575 0.28833333333333333 0.16375 0.2916666666666667 0.26875 0.3016666666666667 0.29875 0.30833333333333335 0.38 0.31333333333333335 0.40625 0.31666666666666665 0.41375 0.32 0.435 0.32 0.455 0.325 0.5025 0.3283333333333333 0.515 0.33 0.52125 0.335 0.5225 0.39166666666666666 0.52 0.415 0.5175 0.49666666666666665 0.51375 0.525 0.515 0.5433333333333333 0.5125 0.5583333333333333 0.5125 0.5866666666666667 0.51 0.605 0.50875 0.68 0.50625 0.6966666666666667 0.50625 0.7483333333333333 0.5025 0.7883333333333333 0.50375 0.8 0.50125 0.855 0.4975 0.8833333333333333 0.495 0.8866666666666667 0.4875 0.8883333333333333 0.21375 0.8783333333333333 0.1575 0.8783333333333333 0.13375 0.875 0.125 0.8766666666666667 0.05625 0.8716666666666667 0.055 0.845 0.06125 0.7466666666666667 0.06125 0.7116666666666667 0.06375 0.695 0.06375 0.64 0.0675 0.5966666666666667 0.0675 0.5633333333333334 0.07125 0.5333333333333333 0.07 0.525 0.0725 0.5083333333333333 0.07125 0.5 0.0775 0.3933333333333333 0.07625 0.38666666666666666 0.07875 0.38 0.07875 0.35833333333333334 0.08125 0.345 0.08125 0.2966666666666667 0.08375 0.29333333333333333 0.085 0.285 0.09 0.2816666666666667 0.115 0.2833333333333333