1 0.71625 0.105 0.7225 0.10166666666666667 0.73625 0.10166666666666667 0.74375 0.10833333333333334 0.75125 0.12 0.75125 0.135 0.745 0.15333333333333332 0.7475 0.15666666666666668 0.74625 0.16 0.75125 0.175 0.75125 0.185 0.75375 0.19166666666666668 0.75625 0.23333333333333334 0.755 0.245 0.7625 0.26166666666666666 0.7625 0.2783333333333333 0.75625 0.3 0.7625 0.335 0.765 0.37 0.76375 0.38666666666666666 0.7725 0.4116666666666667 0.77125 0.42833333333333334 0.7675 0.44333333333333336 0.77375 0.48333333333333334 0.78 0.605 0.78375 0.63 0.78375 0.6483333333333333 0.78625 0.6616666666666666 0.78625 0.6816666666666666 0.7925 0.7466666666666667 0.7925 0.76 0.79 0.765 0.62125 0.7766666666666666 0.5925 0.7766666666666666 0.57125 0.78 0.50875 0.7816666666666666 0.49125 0.785 0.425 0.7866666666666666 0.35625 0.7933333333333333 0.30375 0.7916666666666666 0.3 0.7883333333333333 0.29875 0.7816666666666666 0.30125 0.7583333333333333 0.3 0.7466666666666667 0.30375 0.735 0.3025 0.73 0.3075 0.7233333333333334 0.3 0.7216666666666667 0.2975 0.715 0.295 0.6316666666666667 0.2875 0.6216666666666667 0.28375 0.6083333333333333 0.285 0.59 0.295 0.5716666666666667 0.2925 0.5366666666666666 0.29375 0.4866666666666667 0.2825 0.4716666666666667 0.28125 0.4483333333333333 0.285 0.43833333333333335 0.29375 0.425 0.29125 0.42 0.29125 0.34833333333333333 0.28 0.3233333333333333 0.28125 0.30333333333333334 0.29 0.28833333333333333 0.2875 0.23833333333333334 0.28875 0.2 0.29 0.19 0.295 0.185 0.3275 0.18166666666666667 0.34625 0.17666666666666667 0.3975 0.17333333333333334 0.4325 0.16666666666666666 0.6125 0.14666666666666667 0.6825 0.135 0.70375 0.135 0.70625 0.13166666666666665 0.70875 0.115 0.71625 0.10666666666666667
0 0.30625 0.4266666666666667 0.31375 0.43 0.32 0.43833333333333335 0.3225 0.445 0.3225 0.4633333333333333 0.31875 0.475 0.31375 0.4816666666666667 0.3 0.48833333333333334 0.29125 0.485 0.2825 0.4766666666666667 0.27875 0.4633333333333333 0.27875 0.4533333333333333 0.28125 0.44166666666666665 0.28625 0.43333333333333335 0.29625 0.4266666666666667 0.305 0.4266666666666667
0 0.31375 0.5733333333333334 0.3175 0.575 0.325 0.585 0.32625 0.6133333333333333 0.32125 0.6233333333333333 0.31125 0.6333333333333333 0.29875 0.6333333333333333 0.28625 0.6233333333333333 0.2825 0.6116666666666667 0.2825 0.5916666666666667 0.285 0.585 0.29625 0.5733333333333334 0.3125 0.5733333333333334
0 0.51125 0.4216666666666667 0.51875 0.425 0.52625 0.435 0.53 0.4533333333333333 0.52625 0.47 0.51875 0.48 0.51125 0.48333333333333334 0.49875 0.48333333333333334 0.49125 0.48 0.4875 0.475 0.4825 0.46 0.4825 0.44333333333333336 0.4875 0.43166666666666664 0.49625 0.42333333333333334 0.51 0.4216666666666667
0 0.3125 0.2916666666666667 0.32 0.30333333333333334 0.31875 0.33 0.31375 0.3383333333333333 0.30125 0.345 0.28875 0.3416666666666667 0.2825 0.3333333333333333 0.27875 0.325 0.27875 0.30666666666666664 0.28125 0.29833333333333334 0.29 0.28833333333333333 0.305 0.2866666666666667 0.31125 0.2916666666666667
0 0.315 0.725 0.32125 0.7283333333333334 0.3275 0.7366666666666667 0.33125 0.7516666666666667 0.33125 0.7633333333333333 0.32625 0.7783333333333333 0.32 0.7866666666666666 0.3125 0.79 0.29875 0.7883333333333333 0.29125 0.7766666666666666 0.28625 0.775 0.28375 0.7683333333333333 0.2825 0.7516666666666667 0.285 0.74 0.29 0.7383333333333333 0.2925 0.7533333333333333 0.29125 0.7716666666666666 0.29375 0.7733333333333333 0.295 0.7683333333333333 0.30125 0.775 0.30875 0.775 0.315 0.7716666666666666 0.32 0.7616666666666667 0.31875 0.745 0.3125 0.74 0.30375 0.74 0.3 0.7433333333333333 0.29875 0.75 0.29875 0.7466666666666667 0.295 0.7416666666666667 0.295 0.73 0.2975 0.725 0.31375 0.725
4 0.7475 0.24166666666666667 0.755 0.245 0.76 0.25166666666666665 0.76375 0.275 0.76 0.29 0.75625 0.295 0.74625 0.3 0.7325 0.3 0.72625 0.2966666666666667 0.72 0.28833333333333333 0.71625 0.2783333333333333 0.7175 0.25833333333333336 0.72625 0.245 0.7325 0.24166666666666667 0.74625 0.24166666666666667
4 0.76375 0.39166666666666666 0.76875 0.39666666666666667 0.7725 0.4083333333333333 0.7725 0.42833333333333334 0.76625 0.44 0.755 0.44666666666666666 0.74125 0.44666666666666666 0.73 0.43833333333333335 0.725 0.425 0.725 0.4083333333333333 0.73 0.39666666666666667 0.73875 0.3883333333333333 0.75375 0.38666666666666666 0.7625 0.39166666666666666
4 0.735 0.09833333333333333 0.745 0.105 0.7525 0.11666666666666667 0.7525 0.13833333333333334 0.75 0.14666666666666667 0.73625 0.15666666666666668 0.71875 0.155 0.7125 0.15 0.70625 0.13833333333333334 0.70625 0.11833333333333333 0.70875 0.11166666666666666 0.72 0.1 0.73375 0.09833333333333333
4 0.6625 0.5683333333333334 0.67125 0.5733333333333334 0.68 0.59 0.68 0.6116666666666667 0.6775 0.62 0.6725 0.6266666666666667 0.6625 0.6316666666666667 0.6525 0.6316666666666667 0.64125 0.6266666666666667 0.6325 0.61 0.6325 0.5916666666666667 0.63875 0.5766666666666667 0.65 0.5683333333333334 0.66125 0.5683333333333334
2 0.6375 0.29083333333333333 0.1175 0.155
2 0.45125 0.24166666666666667 0.455 0.245 0.45625 0.25 0.455 0.26166666666666666 0.4575 0.2916666666666667 0.45875 0.35333333333333333 0.4575 0.37833333333333335 0.4525 0.38166666666666665 0.42875 0.38166666666666665 0.375 0.39 0.35375 0.39 0.35125 0.38666666666666666 0.35 0.2866666666666667 0.34875 0.26666666666666666 0.34625 0.25833333333333336 0.3475 0.255 0.35375 0.25 0.41875 0.24666666666666667 0.42875 0.24333333333333335 0.45 0.24166666666666667
2 0.695 0.37 0.69875 0.385 0.70125 0.43166666666666664 0.70375 0.445 0.70625 0.5016666666666667 0.705 0.5116666666666667 0.70125 0.515 0.6875 0.5166666666666667 0.63625 0.5183333333333333 0.60625 0.5233333333333333 0.59625 0.5233333333333333 0.5925 0.5166666666666667 0.58625 0.41 0.5875 0.38 0.5925 0.37666666666666665 0.6075 0.375 0.63 0.375 0.68125 0.36833333333333335 0.69375 0.37
2 0.45625 0.39166666666666666 0.46 0.3983333333333333 0.46125 0.415 0.4625 0.4716666666666667 0.465 0.49833333333333335 0.46375 0.5316666666666666 0.4525 0.5366666666666666 0.445 0.535 0.4325 0.5383333333333333 0.39375 0.54 0.365 0.545 0.355 0.5416666666666666 0.3525 0.475 0.35375 0.43 0.35125 0.4033333333333333 0.35375 0.4 0.3675 0.3983333333333333 0.435 0.3933333333333333 0.43875 0.395 0.455 0.39166666666666666
2 0.52 0.30416666666666664 0.115 0.15166666666666667
2 0.36375 0.5516666666666666 0.36625 0.5533333333333333 0.42625 0.5483333333333333 0.46 0.5433333333333333 0.46375 0.545 0.465 0.5483333333333333 0.4675 0.58 0.47125 0.67 0.47 0.6916666666666667 0.44875 0.6966666666666667 0.37125 0.7033333333333334 0.3625 0.7016666666666667 0.35875 0.6916666666666667 0.35625 0.5583333333333333 0.35875 0.5533333333333333 0.3625 0.5516666666666666
2 0.58375 0.535 0.58625 0.5466666666666666 0.58875 0.6116666666666667 0.59125 0.625 0.5925 0.6816666666666666 0.5725 0.6883333333333334 0.54125 0.6883333333333334 0.5025 0.6933333333333334 0.48375 0.6933333333333334 0.48 0.69 0.47875 0.6833333333333333 0.47375 0.5633333333333334 0.47625 0.545 0.50125 0.54 0.54625 0.5383333333333333 0.58 0.5333333333333333 0.5825 0.535
2 0.70625 0.5266666666666666 0.71 0.545 0.71125 0.575 0.71375 0.5883333333333334 0.7125 0.595 0.715 0.61 0.71875 0.675 0.71125 0.68 0.68375 0.68 0.6675 0.6833333333333333 0.63125 0.685 0.60375 0.685 0.60125 0.6816666666666666 0.60125 0.6633333333333333 0.59625 0.6116666666666667 0.59625 0.5816666666666667 0.59375 0.5683333333333334 0.595 0.5366666666666666 0.60125 0.5316666666666666 0.6125 0.53 0.61875 0.5316666666666666 0.6925 0.525 0.705 0.5266666666666666
2 0.5775 0.38 0.58 0.44 0.5825 0.455 0.58375 0.5216666666666666 0.58125 0.525 0.4825 0.5333333333333333 0.47625 0.5333333333333333 0.4725 0.5233333333333333 0.4725 0.49833333333333335 0.46875 0.46 0.47 0.39166666666666666 0.47375 0.3883333333333333 0.48375 0.38666666666666666 0.54 0.38333333333333336 0.57125 0.37833333333333335 0.57625 0.38
3 0.34875 0.4666666666666667 0.345 0.30833333333333335 0.3425 0.2783333333333333 0.3425 0.26 0.34375 0.25 0.34625 0.24666666666666667 0.36375 0.24333333333333335 0.385 0.24333333333333335 0.39375 0.24 0.44625 0.23666666666666666 0.465 0.23166666666666666 0.64125 0.215 0.6775 0.20833333333333334 0.69125 0.20833333333333334 0.69375 0.21333333333333335 0.695 0.22666666666666666 0.69625 0.27666666666666667 0.7025 0.3383333333333333 0.7025 0.36833333333333335 0.70625 0.4033333333333333 0.705 0.4083333333333333 0.7075 0.4166666666666667 0.7075 0.4483333333333333 0.71125 0.4766666666666667 0.7175 0.6 0.72 0.6083333333333333 0.71875 0.62 0.72375 0.6633333333333333 0.72375 0.675 0.72 0.6833333333333333 0.55125 0.695 0.5375 0.6983333333333334 0.47625 0.7 0.4625 0.7033333333333334 0.425 0.7033333333333334 0.35625 0.7083333333333334 0.35375 0.6883333333333334 0.35375 0.6516666666666666 0.35125 0.6266666666666667 0.3525 0.5733333333333334 0.35 0.545 0.34875 0.475 0.35375 0.475 0.35375 0.49333333333333335 0.35625 0.505 0.355 0.525 0.35625 0.5383333333333333 0.35875 0.5433333333333333 0.43625 0.5366666666666666 0.46375 0.5316666666666666 0.465 0.49 0.46375 0.45166666666666666 0.46125 0.44 0.46125 0.4 0.4575 0.39166666666666666 0.355 0.40166666666666667 0.35375 0.425 0.35625 0.45666666666666667 0.355 0.4666666666666667 0.35 0.4666666666666667