1 0.09875 0.19666666666666666 0.32 0.225 0.335 0.225 0.3725 0.23166666666666666 0.38875 0.23166666666666666 0.39875 0.235 0.43 0.23666666666666666 0.4525 0.24166666666666667 0.53875 0.25 0.57 0.255 0.575 0.25833333333333336 0.57625 0.34833333333333333 0.5725 0.44166666666666665 0.57375 0.475 0.57125 0.49333333333333335 0.57125 0.5916666666666667 0.56875 0.5983333333333334 0.57 0.6883333333333334 0.5675 0.6916666666666667 0.5725 0.71 0.5725 0.7233333333333334 0.57 0.74 0.56375 0.75 0.56625 0.8016666666666666 0.56375 0.845 0.56625 0.855 0.56375 0.86 0.56375 0.8883333333333333 0.5575 0.895 0.54375 0.8983333333333333 0.54 0.8983333333333333 0.52625 0.8866666666666667 0.51 0.8866666666666667 0.5025 0.8833333333333333 0.45375 0.885 0.44375 0.8816666666666667 0.395 0.8833333333333333 0.3775 0.88 0.34375 0.8816666666666667 0.11 0.8733333333333333 0.10125 0.87 0.1 0.8383333333333334 0.08875 0.8233333333333334 0.08375 0.82 0.065 0.82 0.0625 0.8166666666666667 0.06 0.8066666666666666 0.0625 0.7783333333333333 0.06 0.7716666666666666 0.06125 0.7066666666666667 0.0625 0.6983333333333334 0.065 0.695 0.0625 0.6533333333333333 0.0675 0.555 0.06625 0.505 0.06875 0.49166666666666664 0.06875 0.4533333333333333 0.07125 0.43333333333333335 0.0725 0.3283333333333333 0.0775 0.24833333333333332 0.0775 0.21166666666666667 0.07875 0.2 0.08125 0.19666666666666666 0.0975 0.19666666666666666
0 0.3425 0.5083333333333333 0.35375 0.52 0.3575 0.5316666666666666 0.3575 0.5466666666666666 0.3475 0.5633333333333334 0.34125 0.5666666666666667 0.32625 0.5666666666666667 0.31625 0.56 0.31 0.5533333333333333 0.305 0.5366666666666666 0.30875 0.5183333333333333 0.315 0.5116666666666667 0.32375 0.5066666666666667 0.34125 0.5083333333333333
0 0.5575 0.6933333333333334 0.56875 0.6983333333333334 0.5725 0.7033333333333334 0.57625 0.7166666666666667 0.57125 0.7333333333333333 0.57 0.745 0.5575 0.7516666666666667 0.54375 0.7516666666666667 0.5375 0.7483333333333333 0.52625 0.7333333333333333 0.52375 0.7266666666666667 0.525 0.7116666666666667 0.5325 0.6983333333333334 0.54625 0.6916666666666667 0.55625 0.6933333333333334
0 0.3375 0.33166666666666667 0.35 0.3383333333333333 0.35875 0.3516666666666667 0.36 0.36 0.35875 0.37833333333333335 0.35625 0.385 0.35 0.3933333333333333 0.34375 0.39666666666666667 0.32875 0.39666666666666667 0.32125 0.3933333333333333 0.31125 0.38166666666666665 0.30875 0.37166666666666665 0.30875 0.355 0.3125 0.3433333333333333 0.32125 0.335 0.33625 0.33166666666666667
0 0.465 0.7116666666666667 0.47625 0.7183333333333334 0.485 0.73 0.48625 0.7516666666666667 0.47875 0.7683333333333333 0.4725 0.7733333333333333 0.4625 0.7766666666666666 0.45 0.7733333333333333 0.44 0.7633333333333333 0.43625 0.7516666666666667 0.43625 0.7366666666666667 0.4375 0.73 0.44375 0.72 0.4525 0.7133333333333334 0.46375 0.7116666666666667
0 0.5525 0.84 0.5625 0.8416666666666667 0.5675 0.85 0.56875 0.8866666666666667 0.56625 0.895 0.54375 0.9033333333333333 0.53875 0.9033333333333333 0.5275 0.8933333333333333 0.52125 0.8716666666666667 0.52125 0.8616666666666667 0.525 0.85 0.53 0.8433333333333334 0.535 0.84 0.55125 0.84
4 0.08125 0.8216666666666667 0.09125 0.8266666666666667 0.09875 0.835 0.10125 0.8466666666666667 0.10125 0.86 0.09875 0.8733333333333333 0.095 0.8783333333333333 0.08 0.8866666666666667 0.07 0.8866666666666667 0.06125 0.8833333333333333 0.05375 0.8716666666666667 0.05 0.86 0.05 0.8433333333333334 0.05375 0.83 0.06375 0.8233333333333334 0.08 0.8216666666666667
4 0.2025 0.68 0.21875 0.6883333333333334 0.2275 0.7066666666666667 0.2275 0.7166666666666667 0.22 0.7366666666666667 0.21625 0.7416666666666667 0.20875 0.745 0.19375 0.745 0.185 0.74 0.1775 0.73 0.175 0.72 0.175 0.7066666666666667 0.17875 0.695 0.18875 0.6833333333333333 0.20125 0.68
4 0.1975 0.315 0.21375 0.3233333333333333 0.22125 0.33666666666666667 0.22125 0.35833333333333334 0.2175 0.36833333333333335 0.2125 0.375 0.2025 0.38 0.19125 0.38 0.18 0.37333333333333335 0.17625 0.36833333333333335 0.17125 0.3516666666666667 0.17125 0.335 0.17375 0.3283333333333333 0.18625 0.31666666666666665 0.19625 0.315
4 0.47125 0.5266666666666666 0.48 0.535 0.485 0.5516666666666666 0.485 0.5633333333333334 0.48 0.575 0.47375 0.5833333333333334 0.47 0.585 0.44875 0.5833333333333334 0.44 0.5733333333333334 0.4375 0.565 0.4375 0.545 0.4475 0.5283333333333333 0.4525 0.525 0.47 0.5266666666666666
2 0.50125 0.33 0.51 0.335 0.5075 0.36666666666666664 0.50875 0.39 0.50625 0.4066666666666667 0.5075 0.415 0.505 0.47333333333333333 0.5025 0.47833333333333333 0.49375 0.48 0.43125 0.47333333333333333 0.40625 0.47333333333333333 0.3975 0.4683333333333333 0.39625 0.41333333333333333 0.39875 0.39666666666666667 0.39875 0.3283333333333333 0.40125 0.3233333333333333 0.4275 0.3233333333333333 0.45875 0.3283333333333333 0.5 0.33
2 0.44125 0.485 0.4925 0.48833333333333334 0.50125 0.49 0.505 0.495 0.5025 0.5083333333333333 0.505 0.5616666666666666 0.50375 0.5783333333333334 0.5 0.5933333333333334 0.50125 0.63 0.4975 0.64 0.395 0.6333333333333333 0.39 0.6266666666666667 0.3925 0.5916666666666667 0.39125 0.5866666666666667 0.3875 0.5833333333333334 0.39125 0.5783333333333334 0.39 0.5633333333333334 0.395 0.545 0.395 0.4866666666666667 0.3975 0.48333333333333334 0.44 0.485
2 0.2275 0.4666666666666667 0.255 0.47 0.26 0.47333333333333333 0.2575 0.4766666666666667 0.25875 0.49166666666666664 0.255 0.5916666666666667 0.25625 0.6116666666666667 0.25375 0.6183333333333333 0.24625 0.6216666666666667 0.14625 0.615 0.14 0.6133333333333333 0.1375 0.6033333333333334 0.14 0.59 0.14 0.565 0.1375 0.5533333333333333 0.14 0.5483333333333333 0.13875 0.5383333333333333 0.1425 0.5183333333333333 0.14125 0.51 0.14375 0.5016666666666667 0.14125 0.49166666666666664 0.1425 0.4766666666666667 0.14 0.47333333333333333 0.14 0.4666666666666667 0.14375 0.46166666666666667 0.1725 0.46166666666666667 0.22625 0.4666666666666667
2 0.1775 0.295 0.1875 0.29833333333333334 0.215 0.29833333333333334 0.2375 0.3016666666666667 0.25625 0.305 0.265 0.31 0.265 0.3283333333333333 0.2625 0.3416666666666667 0.2625 0.41833333333333333 0.26 0.4266666666666667 0.26 0.45 0.25875 0.455 0.255 0.45666666666666667 0.2275 0.45666666666666667 0.2075 0.4533333333333333 0.20125 0.455 0.1575 0.45 0.14125 0.445 0.14 0.44166666666666665 0.145 0.43833333333333335 0.14375 0.435 0.14625 0.425 0.145 0.345 0.1475 0.3283333333333333 0.1475 0.2966666666666667 0.15375 0.29333333333333333 0.17625 0.295
2 0.33375 0.475 0.38 0.48 0.385 0.4866666666666667 0.38125 0.51 0.3825 0.5433333333333333 0.38 0.6183333333333333 0.37875 0.625 0.375 0.63 0.32 0.6283333333333333 0.305 0.625 0.27875 0.625 0.2675 0.6216666666666667 0.2675 0.6016666666666667 0.27 0.595 0.27 0.5333333333333333 0.2675 0.5283333333333333 0.27 0.525 0.26875 0.48333333333333334 0.27125 0.475 0.3325 0.475
2 0.32375 0.31166666666666665 0.37625 0.31833333333333336 0.3875 0.3233333333333333 0.385 0.44666666666666666 0.38375 0.4633333333333333 0.37875 0.4683333333333333 0.29875 0.4633333333333333 0.27875 0.46 0.27125 0.455 0.275 0.41 0.27375 0.34833333333333333 0.27625 0.33666666666666667 0.27625 0.31166666666666665 0.3225 0.31166666666666665
2 0.21625 0.6316666666666667 0.25375 0.6366666666666667 0.25375 0.715 0.25 0.74 0.25125 0.77 0.25 0.7816666666666666 0.2425 0.7866666666666666 0.14 0.7833333333333333 0.135 0.7783333333333333 0.1375 0.7583333333333333 0.13875 0.7166666666666667 0.13875 0.6316666666666667 0.14125 0.6283333333333333 0.215 0.6316666666666667
2 0.39125 0.6466666666666666 0.435 0.645 0.49875 0.65 0.50125 0.6533333333333333 0.49875 0.6716666666666666 0.5 0.6783333333333333 0.4975 0.685 0.4975 0.7066666666666667 0.49875 0.7166666666666667 0.50125 0.72 0.505 0.72 0.505 0.7266666666666667 0.5025 0.7316666666666667 0.50375 0.7366666666666667 0.49875 0.74 0.49625 0.76 0.4975 0.7916666666666666 0.49375 0.7983333333333333 0.48 0.8 0.44375 0.7966666666666666 0.40375 0.7966666666666666 0.39 0.7933333333333333 0.38875 0.7783333333333333 0.39125 0.7466666666666667 0.39125 0.6483333333333333
2 0.31125 0.6366666666666667 0.3275 0.64 0.35625 0.64 0.3775 0.6433333333333333 0.37875 0.6583333333333333 0.37625 0.6833333333333333 0.375 0.7883333333333333 0.3675 0.7933333333333333 0.27875 0.79 0.2675 0.7883333333333333 0.26375 0.7833333333333333 0.26625 0.7533333333333333 0.26625 0.6983333333333334 0.26875 0.6833333333333333 0.2675 0.64 0.27125 0.6366666666666667 0.31 0.6366666666666667
3 0.14375 0.2866666666666667 0.16 0.285 0.2225 0.295 0.26625 0.2966666666666667 0.30375 0.30333333333333334 0.33375 0.305 0.34125 0.30833333333333335 0.3825 0.31 0.39375 0.31333333333333335 0.41625 0.31333333333333335 0.42875 0.31666666666666665 0.43125 0.315 0.4525 0.32 0.50875 0.325 0.515 0.33166666666666667 0.515 0.41 0.5125 0.41833333333333333 0.515 0.43833333333333335 0.5125 0.44666666666666666 0.51125 0.48 0.505 0.49333333333333335 0.51 0.5033333333333333 0.51 0.5233333333333333 0.5125 0.5316666666666666 0.5125 0.54 0.51 0.5466666666666666 0.5125 0.5633333333333334 0.50875 0.5783333333333334 0.5075 0.595 0.50875 0.6266666666666667 0.50375 0.6366666666666667 0.505 0.6533333333333333 0.50875 0.6633333333333333 0.51125 0.6983333333333334 0.5075 0.7166666666666667 0.50375 0.7233333333333334 0.505 0.7283333333333334 0.4975 0.735 0.49875 0.7383333333333333 0.5075 0.74 0.50625 0.7433333333333333 0.50875 0.7516666666666667 0.50875 0.7816666666666666 0.50375 0.7983333333333333 0.49875 0.805 0.47 0.8066666666666666 0.45875 0.8033333333333333 0.39875 0.8033333333333333 0.36375 0.8 0.23625 0.7966666666666666 0.2125 0.7933333333333333 0.17125 0.7933333333333333 0.14375 0.79 0.14 0.7916666666666666 0.1325 0.79 0.12625 0.7816666666666666 0.12625 0.7616666666666667 0.12375 0.7566666666666667 0.12625 0.75 0.125 0.7316666666666667 0.12875 0.7216666666666667 0.1275 0.7116666666666667 0.13 0.71 0.1275 0.7033333333333334 0.1275 0.6783333333333333 0.12875 0.67 0.13125 0.6666666666666666 0.12875 0.64 0.13125 0.6233333333333333 0.12875 0.615 0.13375 0.595 0.13125 0.5916666666666667 0.1325 0.58 0.13 0.57 0.1325 0.5416666666666666 0.1325 0.5116666666666667 0.135 0.505 0.1325 0.48333333333333334 0.13625 0.41333333333333333 0.13375 0.41 0.13625 0.405 0.13625 0.36 0.1375 0.3516666666666667 0.14 0.34833333333333333 0.13875 0.33666666666666667 0.14375 0.28833333333333333