0 0.27375 0.2966666666666667 0.27875 0.3 0.285 0.31 0.28625 0.325 0.27875 0.34 0.27125 0.3433333333333333 0.26125 0.3416666666666667 0.25 0.3333333333333333 0.24625 0.32666666666666666 0.245 0.31333333333333335 0.2475 0.30333333333333334 0.25375 0.2966666666666667 0.2725 0.2966666666666667
0 0.355 0.4116666666666667 0.36875 0.42 0.37625 0.43166666666666664 0.37625 0.445 0.37375 0.45166666666666666 0.3675 0.46 0.35875 0.4633333333333333 0.34125 0.45666666666666667 0.33375 0.44666666666666666 0.3325 0.44166666666666665 0.33375 0.42 0.3425 0.4116666666666667 0.35375 0.4116666666666667
0 0.44 0.3883333333333333 0.455 0.39666666666666667 0.46 0.4066666666666667 0.46125 0.4166666666666667 0.46 0.43 0.4575 0.435 0.4425 0.44166666666666665 0.42625 0.435 0.42125 0.42833333333333334 0.41875 0.42 0.4225 0.395 0.43 0.3883333333333333 0.43875 0.3883333333333333
0 0.2775 0.4066666666666667 0.2925 0.415 0.2975 0.425 0.29625 0.44666666666666666 0.285 0.455 0.2725 0.455 0.26375 0.45166666666666666 0.25875 0.44666666666666666 0.255 0.43666666666666665 0.2575 0.4116666666666667 0.2625 0.4066666666666667 0.27625 0.4066666666666667
0 0.26375 0.18833333333333332 0.27375 0.19833333333333333 0.27625 0.205 0.27625 0.21666666666666667 0.26875 0.23 0.26 0.23333333333333334 0.25125 0.23333333333333334 0.24 0.22666666666666666 0.23625 0.20833333333333334 0.23875 0.19333333333333333 0.2425 0.18833333333333332 0.2625 0.18833333333333332
4 0.6075 0.23833333333333334 0.61625 0.24166666666666667 0.6225 0.255 0.62125 0.27666666666666667 0.61625 0.2833333333333333 0.59875 0.2833333333333333 0.59125 0.28 0.58625 0.27166666666666667 0.585 0.25833333333333336 0.59 0.24333333333333335 0.59375 0.24 0.60625 0.23833333333333334
4 0.43625 0.26166666666666666 0.4475 0.2683333333333333 0.4525 0.2783333333333333 0.4525 0.3 0.445 0.30666666666666664 0.42625 0.30666666666666664 0.4225 0.305 0.4175 0.295 0.41625 0.275 0.41875 0.26666666666666666 0.42375 0.26166666666666666 0.435 0.26166666666666666
4 0.5525 0.48833333333333334 0.56625 0.495 0.57125 0.5066666666666667 0.57 0.5266666666666666 0.56625 0.5333333333333333 0.56125 0.5366666666666666 0.5475 0.5366666666666666 0.53875 0.5333333333333333 0.52875 0.5216666666666666 0.5275 0.5166666666666667 0.52875 0.5 0.535 0.49166666666666664 0.54 0.48833333333333334 0.55125 0.48833333333333334
4 0.605 0.13333333333333333 0.60875 0.13833333333333334 0.61125 0.15666666666666668 0.60875 0.16666666666666666 0.59875 0.17333333333333334 0.58625 0.17333333333333334 0.58 0.17 0.57625 0.16333333333333333 0.575 0.14333333333333334 0.5775 0.13333333333333333 0.58375 0.12833333333333333 0.5975 0.12833333333333333 0.60375 0.13333333333333333
2 0.5575 0.21333333333333335 0.5625 0.21666666666666667 0.56875 0.23833333333333334 0.57125 0.26166666666666666 0.57 0.275 0.57375 0.29333333333333333 0.5725 0.32 0.55875 0.325 0.52375 0.3283333333333333 0.51125 0.3333333333333333 0.495 0.3333333333333333 0.49 0.3283333333333333 0.48 0.23166666666666666 0.48625 0.225 0.52875 0.21833333333333332 0.545 0.21333333333333335 0.55625 0.21333333333333335
2 0.48125 0.4666666666666667 0.48875 0.4716666666666667 0.49 0.49333333333333335 0.49625 0.49833333333333335 0.49625 0.5066666666666667 0.49875 0.5116666666666667 0.495 0.5283333333333333 0.495 0.5416666666666666 0.4975 0.5533333333333333 0.49625 0.5566666666666666 0.49875 0.57 0.495 0.575 0.48375 0.58 0.46 0.5816666666666667 0.44875 0.5866666666666667 0.43625 0.5883333333333334 0.42875 0.5883333333333334 0.42375 0.5816666666666667 0.41375 0.4816666666666667 0.4175 0.47833333333333333 0.48 0.4666666666666667
2 0.56125 0.33166666666666667 0.575 0.3383333333333333 0.57375 0.3416666666666667 0.5775 0.345 0.5775 0.34833333333333333 0.57375 0.3516666666666667 0.57625 0.3566666666666667 0.57625 0.36333333333333334 0.5725 0.37666666666666665 0.575 0.3883333333333333 0.57375 0.39666666666666667 0.57875 0.405 0.57875 0.425 0.5825 0.42833333333333334 0.58125 0.435 0.57375 0.44166666666666665 0.55625 0.445 0.5375 0.445 0.51625 0.45 0.50625 0.45 0.5025 0.44 0.50125 0.41833333333333333 0.49625 0.39166666666666666 0.4975 0.385 0.495 0.36333333333333334 0.4925 0.355 0.49375 0.3516666666666667 0.49125 0.34833333333333333 0.4975 0.3416666666666667 0.51375 0.3416666666666667 0.56 0.33166666666666667
2 0.38875 0.36666666666666664 0.39375 0.37166666666666665 0.3975 0.39 0.39125 0.4 0.39125 0.405 0.39625 0.4166666666666667 0.39625 0.425 0.40125 0.43166666666666664 0.40375 0.44 0.4025 0.4633333333333333 0.38375 0.4766666666666667 0.34375 0.485 0.32375 0.485 0.3175 0.4766666666666667 0.3175 0.4666666666666667 0.315 0.46 0.31625 0.45 0.31375 0.445 0.315 0.4083333333333333 0.3125 0.385 0.31 0.38 0.315 0.37666666666666665 0.36875 0.36833333333333335 0.375 0.365 0.3875 0.36666666666666664
2 0.346875 0.3075 0.09375 0.12166666666666667
2 0.39625 0.485 0.4 0.4866666666666667 0.3975 0.49166666666666664 0.4025 0.49833333333333335 0.39875 0.5066666666666667 0.39875 0.5166666666666667 0.40125 0.5216666666666666 0.4 0.5283333333333333 0.40375 0.54 0.4025 0.555 0.40625 0.5833333333333334 0.405 0.59 0.39625 0.595 0.3775 0.6 0.335 0.605 0.33125 0.595 0.33125 0.58 0.32875 0.5666666666666667 0.32875 0.5316666666666666 0.325 0.5116666666666667 0.325 0.49833333333333335 0.335 0.49333333333333335 0.3625 0.49 0.37625 0.485 0.395 0.485
2 0.5875 0.4533333333333333 0.59125 0.4583333333333333 0.58875 0.46166666666666667 0.58875 0.47333333333333333 0.5925 0.47833333333333333 0.5925 0.49333333333333335 0.59625 0.49833333333333335 0.59625 0.52 0.59875 0.5333333333333333 0.5975 0.5583333333333333 0.58125 0.5633333333333334 0.56125 0.5633333333333334 0.55125 0.5683333333333334 0.5375 0.57 0.52125 0.57 0.515 0.5633333333333334 0.5125 0.5216666666666666 0.50875 0.5016666666666667 0.50625 0.4683333333333333 0.51125 0.46166666666666667 0.54 0.455 0.55 0.455 0.55625 0.45166666666666666 0.57875 0.45 0.58625 0.4533333333333333
2 0.475 0.26666666666666666 0.48125 0.29 0.48375 0.3333333333333333 0.4775 0.3383333333333333 0.45875 0.3433333333333333 0.4275 0.3466666666666667 0.41875 0.35 0.40375 0.35 0.4 0.3433333333333333 0.39875 0.31833333333333336 0.395 0.30666666666666664 0.3925 0.2833333333333333 0.39375 0.275 0.39125 0.2633333333333333 0.39125 0.245 0.40625 0.23833333333333334 0.4625 0.23 0.4725 0.23666666666666666 0.47375 0.26666666666666666
2 0.47625 0.34833333333333333 0.48125 0.3516666666666667 0.485 0.3616666666666667 0.48375 0.37 0.4875 0.37833333333333335 0.4875 0.385 0.48375 0.39 0.4875 0.4066666666666667 0.48625 0.4166666666666667 0.49 0.4216666666666667 0.48875 0.42333333333333334 0.49375 0.42833333333333334 0.49375 0.43166666666666664 0.4975 0.435 0.49625 0.44666666666666666 0.4825 0.4583333333333333 0.45 0.46166666666666667 0.43875 0.4666666666666667 0.42375 0.4683333333333333 0.41625 0.4666666666666667 0.4125 0.46166666666666667 0.41 0.45166666666666666 0.41 0.435 0.405 0.42 0.40625 0.38666666666666666 0.40375 0.3616666666666667 0.45625 0.35 0.475 0.34833333333333333
1 0.275 0.23 0.28 0.22666666666666666 0.28 0.21666666666666667 0.275 0.20666666666666667 0.275 0.2 0.28 0.195 0.31375 0.19166666666666668 0.34 0.185 0.3525 0.185 0.36 0.18166666666666667 0.4125 0.175 0.445 0.16666666666666666 0.45625 0.16666666666666666 0.485 0.16 0.49625 0.16 0.50125 0.15666666666666668 0.53125 0.15333333333333332 0.55375 0.14666666666666667 0.57 0.14666666666666667 0.57375 0.17166666666666666 0.5775 0.17333333333333334 0.58125 0.18 0.59625 0.17666666666666667 0.60625 0.17833333333333334 0.6125 0.20166666666666666 0.61625 0.23666666666666666 0.60625 0.24166666666666667 0.60125 0.23833333333333334 0.595 0.23833333333333334 0.5875 0.25333333333333335 0.5875 0.265 0.59375 0.27166666666666667 0.58625 0.275 0.58875 0.28 0.60125 0.28 0.60875 0.2866666666666667 0.61625 0.28833333333333333 0.62 0.3 0.62375 0.33666666666666667 0.62625 0.3416666666666667 0.62625 0.36666666666666664 0.63 0.3933333333333333 0.63 0.415 0.635 0.45 0.6375 0.49166666666666664 0.64125 0.5116666666666667 0.64 0.5433333333333333 0.64625 0.5833333333333334 0.64625 0.5916666666666667 0.64375 0.595 0.645 0.605 0.64125 0.6116666666666667 0.6225 0.615 0.6175 0.6183333333333333 0.58875 0.6216666666666667 0.57625 0.6266666666666667 0.56625 0.6266666666666667 0.56125 0.63 0.55 0.63 0.54375 0.6333333333333333 0.51875 0.635 0.50625 0.64 0.49625 0.64 0.49125 0.6433333333333333 0.4775 0.6433333333333333 0.47125 0.6466666666666666 0.4625 0.6466666666666666 0.41125 0.6583333333333333 0.4 0.6583333333333333 0.36125 0.6683333333333333 0.325 0.6716666666666666 0.3025 0.6783333333333333 0.28875 0.6783333333333333 0.2825 0.675 0.27875 0.67 0.27875 0.64 0.275 0.6266666666666667 0.275 0.605 0.2725 0.5983333333333334 0.27375 0.595 0.27125 0.5916666666666667 0.275 0.575 0.27125 0.5716666666666667 0.27125 0.5666666666666667 0.26875 0.5633333333333334 0.2725 0.555 0.265 0.5233333333333333 0.265 0.5066666666666667 0.2675 0.5033333333333333 0.2675 0.49333333333333335 0.265 0.48833333333333334 0.26375 0.4666666666666667 0.26125 0.46 0.2625 0.4533333333333333 0.26 0.43166666666666664 0.2625 0.42833333333333334 0.25875 0.425 0.26125 0.42 0.265 0.4216666666666667 0.2675 0.41833333333333333 0.265 0.4116666666666667 0.26125 0.4116666666666667 0.26125 0.4 0.2575 0.38 0.25875 0.375 0.25375 0.36 0.25375 0.35 0.25125 0.34833333333333333 0.25875 0.3466666666666667 0.26125 0.3433333333333333 0.26625 0.345 0.2725 0.3416666666666667 0.275 0.35 0.28625 0.35 0.28875 0.3433333333333333 0.29625 0.3416666666666667 0.29625 0.3383333333333333 0.29 0.3333333333333333 0.28875 0.325 0.295 0.32 0.2775 0.3 0.26875 0.3 0.26625 0.295 0.25 0.29333333333333333 0.24625 0.25666666666666665 0.24625 0.24 0.24875 0.235 0.27 0.23666666666666666 0.27125 0.23333333333333334 0.275 0.23166666666666666
3 0.5625 0.21166666666666667 0.57 0.22 0.5725 0.24 0.57 0.25 0.58 0.29 0.5775 0.30333333333333334 0.58 0.33 0.57875 0.3333333333333333 0.58625 0.3516666666666667 0.5875 0.36 0.58625 0.36833333333333335 0.58875 0.37333333333333335 0.58875 0.4 0.59125 0.41 0.5925 0.435 0.59125 0.4483333333333333 0.59625 0.47333333333333333 0.59875 0.4766666666666667 0.5975 0.49333333333333335 0.60125 0.5033333333333333 0.60125 0.56 0.58875 0.5666666666666667 0.58 0.5666666666666667 0.56625 0.5716666666666667 0.5525 0.5716666666666667 0.5375 0.5766666666666667 0.51875 0.5766666666666667 0.50375 0.5816666666666667 0.475 0.585 0.46375 0.59 0.42125 0.595 0.41125 0.6 0.33875 0.6116666666666667 0.32125 0.6083333333333333 0.31375 0.6 0.31375 0.58 0.31125 0.5666666666666667 0.31375 0.5666666666666667 0.315 0.585 0.32 0.5883333333333334 0.32625 0.5883333333333334 0.32 0.59 0.31875 0.5916666666666667 0.32125 0.595 0.3275 0.5933333333333334 0.33125 0.5966666666666667 0.33375 0.5783333333333334 0.32875 0.5716666666666667 0.32375 0.5533333333333333 0.32375 0.545 0.32125 0.5416666666666666 0.32125 0.5333333333333333 0.3175 0.5283333333333333 0.32125 0.5116666666666667 0.3175 0.505 0.32125 0.5 0.3175 0.495 0.31375 0.49833333333333335 0.3125 0.49333333333333335 0.305 0.4866666666666667 0.3075 0.4816666666666667 0.31125 0.48 0.31375 0.47333333333333333 0.31375 0.4666666666666667 0.31125 0.46166666666666667 0.31625 0.4483333333333333 0.31 0.43666666666666665 0.31375 0.43166666666666664 0.31375 0.42833333333333334 0.305 0.4166666666666667 0.3 0.4 0.30125 0.39 0.29625 0.36666666666666664 0.29875 0.35833333333333334 0.305 0.3516666666666667 0.30125 0.3416666666666667 0.30125 0.3016666666666667 0.29875 0.2966666666666667 0.29875 0.2816666666666667 0.29625 0.27666666666666667 0.29625 0.26666666666666666 0.29875 0.265 0.29875 0.25833333333333336 0.30125 0.25666666666666665 0.3 0.2833333333333333 0.30375 0.295 0.30375 0.305 0.30875 0.31666666666666665 0.3075 0.32666666666666666 0.31125 0.3383333333333333 0.31125 0.35833333333333334 0.315 0.36333333333333334 0.33125 0.36333333333333334 0.35125 0.35833333333333334 0.37375 0.35833333333333334 0.37875 0.3566666666666667 0.38875 0.3416666666666667 0.3875 0.3233333333333333 0.39 0.30833333333333335 0.38875 0.30333333333333334 0.385 0.3 0.385 0.28833333333333333 0.3875 0.2816666666666667 0.3825 0.27166666666666667 0.385 0.255 0.37 0.24666666666666667 0.3575 0.245 0.35875 0.24333333333333335 0.36125 0.245 0.38 0.23666666666666666 0.4075 0.23166666666666666 0.435 0.22833333333333333 0.445 0.23 0.44875 0.22666666666666666 0.4575 0.22666666666666666 0.46625 0.22166666666666668 0.48875 0.21666666666666667 0.535 0.21333333333333335 0.54625 0.21 0.56125 0.21166666666666667