1 0.77625 0.105 0.815 0.105 0.82 0.10666666666666667 0.82375 0.11333333333333333 0.825 0.13 0.8225 0.13666666666666666 0.8225 0.15333333333333332 0.82625 0.17833333333333334 0.82625 0.25 0.83125 0.38666666666666666 0.83125 0.43666666666666665 0.82875 0.44166666666666665 0.845 0.4583333333333333 0.84875 0.47 0.845 0.49666666666666665 0.83125 0.515 0.835 0.54 0.83875 0.7633333333333333 0.84125 0.78 0.84 0.7883333333333333 0.8425 0.8366666666666667 0.84125 0.8683333333333333 0.83375 0.8733333333333333 0.60875 0.8733333333333333 0.34 0.88 0.27 0.88 0.265 0.875 0.2625 0.8183333333333334 0.265 0.7066666666666667 0.255 0.6883333333333334 0.25125 0.6716666666666666 0.25375 0.6566666666666666 0.265 0.6366666666666667 0.2625 0.6133333333333333 0.26375 0.595 0.26125 0.5633333333333334 0.2625 0.56 0.26 0.4816666666666667 0.26 0.3616666666666667 0.2625 0.34833333333333333 0.24875 0.3283333333333333 0.24625 0.31833333333333336 0.24625 0.30333333333333334 0.26 0.28 0.2575 0.25333333333333335 0.25875 0.175 0.25625 0.16833333333333333 0.25125 0.165 0.24625 0.155 0.245 0.14333333333333334 0.2475 0.12166666666666667 0.25125 0.115 0.26375 0.105 0.28 0.105 0.28625 0.10833333333333334 0.30125 0.12833333333333333 0.32 0.12666666666666668 0.32625 0.13 0.3375 0.13 0.3575 0.125 0.38875 0.125 0.3925 0.12833333333333333 0.40375 0.13 0.41125 0.125 0.42 0.12333333333333334 0.46125 0.12333333333333334 0.52125 0.11833333333333333 0.54375 0.12 0.55625 0.11666666666666667 0.58375 0.11833333333333333 0.59125 0.115 0.63375 0.11166666666666666 0.6975 0.11166666666666666 0.715 0.10833333333333334 0.7525 0.10833333333333334 0.775 0.105
0 0.56 0.655 0.57125 0.66 0.57875 0.67 0.5825 0.6816666666666666 0.58375 0.7 0.58125 0.7116666666666667 0.575 0.7233333333333334 0.565 0.7316666666666667 0.55625 0.7333333333333333 0.5475 0.7316666666666667 0.54 0.7266666666666667 0.53125 0.715 0.5275 0.7 0.5275 0.6833333333333333 0.53 0.6733333333333333 0.535 0.665 0.5475 0.6566666666666666 0.55875 0.655
0 0.27875 0.10166666666666667 0.29 0.10833333333333334 0.29875 0.12166666666666667 0.3 0.14666666666666667 0.295 0.16333333333333333 0.29 0.17 0.2775 0.175 0.2575 0.17333333333333334 0.2475 0.15833333333333333 0.24375 0.145 0.24625 0.12166666666666667 0.25375 0.11 0.26125 0.10333333333333333 0.2775 0.10166666666666667
0 0.2825 0.6316666666666667 0.2975 0.6383333333333333 0.3075 0.6566666666666666 0.30875 0.6766666666666666 0.3025 0.6966666666666667 0.2925 0.7066666666666667 0.2725 0.7083333333333334 0.26125 0.7033333333333334 0.25125 0.685 0.25 0.6683333333333333 0.2525 0.655 0.25625 0.6466666666666666 0.26875 0.635 0.28125 0.6333333333333333
0 0.42125 0.665 0.42875 0.6816666666666666 0.42875 0.7066666666666667 0.42375 0.7183333333333334 0.4175 0.7266666666666667 0.41125 0.7316666666666667 0.40375 0.7333333333333333 0.3925 0.7316666666666667 0.385 0.7266666666666667 0.37875 0.7183333333333334 0.37375 0.7083333333333334 0.3725 0.6883333333333334 0.38125 0.6666666666666666 0.395 0.6566666666666666 0.40875 0.6566666666666666 0.41625 0.66 0.42 0.665
0 0.2775 0.27666666666666667 0.295 0.28833333333333333 0.3 0.2966666666666667 0.30125 0.30333333333333334 0.30125 0.32166666666666666 0.29875 0.335 0.29125 0.345 0.28 0.35 0.2725 0.35 0.2575 0.3433333333333333 0.25 0.3333333333333333 0.24625 0.32 0.24625 0.3016666666666667 0.25125 0.29 0.2575 0.2816666666666667 0.265 0.27666666666666667 0.27625 0.27666666666666667
4 0.835 0.44333333333333336 0.845 0.455 0.85 0.4666666666666667 0.85 0.485 0.8425 0.505 0.8375 0.5116666666666667 0.83125 0.515 0.81125 0.515 0.8025 0.5083333333333333 0.79625 0.5 0.7925 0.49 0.7925 0.4683333333333333 0.79625 0.45666666666666667 0.80375 0.44666666666666666 0.81125 0.44166666666666665 0.83375 0.44333333333333336
4 0.693125 0.275 0.05875 0.07666666666666666
4 0.55125 0.44333333333333336 0.56 0.45 0.5675 0.46166666666666667 0.57 0.4716666666666667 0.57 0.49 0.565 0.5016666666666667 0.55375 0.515 0.55 0.5166666666666667 0.52875 0.515 0.5175 0.5016666666666667 0.51375 0.49 0.51375 0.4716666666666667 0.5225 0.45166666666666666 0.53375 0.44333333333333336 0.55 0.44333333333333336
4 0.56375 0.26166666666666666 0.5725 0.26666666666666666 0.58 0.27666666666666667 0.58375 0.28833333333333333 0.58375 0.30666666666666664 0.58 0.31833333333333336 0.57125 0.33 0.5625 0.335 0.54875 0.335 0.5425 0.33166666666666667 0.5325 0.31666666666666665 0.5275 0.2966666666666667 0.53125 0.28 0.54 0.26666666666666666 0.54875 0.26166666666666666 0.5625 0.26166666666666666
2 0.59625 0.21333333333333335 0.6025 0.215 0.60625 0.225 0.60875 0.38333333333333336 0.605 0.39 0.56875 0.39 0.53875 0.3933333333333333 0.48 0.3933333333333333 0.4775 0.39 0.47375 0.22666666666666666 0.47625 0.22166666666666668 0.48875 0.21833333333333332 0.595 0.21333333333333335
2 0.60625 0.405 0.60875 0.4116666666666667 0.61125 0.46 0.61125 0.575 0.60875 0.5783333333333334 0.53625 0.5816666666666667 0.4825 0.5816666666666667 0.48 0.5766666666666667 0.4775 0.5333333333333333 0.47875 0.5133333333333333 0.47625 0.4866666666666667 0.47875 0.41 0.49 0.405 0.605 0.405
2 0.695 0.20833333333333334 0.7475 0.21 0.75 0.225 0.75 0.265 0.7525 0.2833333333333333 0.75125 0.38166666666666665 0.74875 0.385 0.69625 0.3883333333333333 0.62 0.38666666666666666 0.6175 0.36833333333333335 0.6175 0.32666666666666666 0.61375 0.2733333333333333 0.61375 0.22166666666666668 0.61875 0.215 0.63625 0.21166666666666667 0.69375 0.20833333333333334
2 0.39875 0.22166666666666668 0.46125 0.22166666666666668 0.465 0.22666666666666666 0.4675 0.39 0.4625 0.395 0.42125 0.395 0.4025 0.3983333333333333 0.355 0.4 0.34 0.4 0.335 0.39 0.335 0.3516666666666667 0.33125 0.32 0.33375 0.31333333333333335 0.33125 0.28 0.33125 0.23333333333333334 0.33375 0.22666666666666666 0.34125 0.22333333333333333 0.36375 0.225 0.3975 0.22166666666666668
2 0.71625 0.39666666666666667 0.74875 0.3983333333333333 0.7525 0.4033333333333333 0.755 0.44666666666666666 0.75375 0.45666666666666667 0.75625 0.4716666666666667 0.75625 0.57 0.74875 0.5766666666666667 0.67625 0.5783333333333334 0.625 0.5783333333333334 0.62125 0.57 0.6175 0.44333333333333336 0.62 0.405 0.6225 0.40166666666666667 0.6425 0.4 0.69 0.4 0.705 0.39666666666666667 0.715 0.3983333333333333
2 0.335 0.4866666666666667 0.33625 0.4166666666666667 0.34 0.41 0.3725 0.41 0.39 0.4066666666666667 0.465 0.4066666666666667 0.46875 0.4166666666666667 0.46875 0.48833333333333334 0.47125 0.5316666666666666 0.47125 0.5716666666666667 0.47 0.58 0.4675 0.5816666666666667 0.34875 0.5866666666666667 0.33875 0.585 0.33625 0.5733333333333334 0.33625 0.48833333333333334
2 0.46625 0.595 0.47 0.5983333333333334 0.47125 0.6116666666666667 0.47375 0.7666666666666667 0.47 0.7716666666666666 0.45875 0.7733333333333333 0.4125 0.7733333333333333 0.39 0.7766666666666666 0.34625 0.7766666666666666 0.33875 0.7683333333333333 0.33875 0.5983333333333334 0.34125 0.595 0.465 0.595
2 0.60875 0.5883333333333334 0.6125 0.5966666666666667 0.61375 0.6083333333333333 0.61375 0.6783333333333333 0.61625 0.695 0.615 0.765 0.605 0.77 0.49125 0.7733333333333333 0.48375 0.7683333333333333 0.48125 0.7416666666666667 0.4825 0.7266666666666667 0.48 0.695 0.48 0.6066666666666667 0.4825 0.5966666666666667 0.525 0.5916666666666667 0.6075 0.59
2 0.755 0.5883333333333334 0.7575 0.5966666666666667 0.75875 0.6183333333333333 0.7625 0.7616666666666667 0.76 0.7666666666666667 0.75125 0.77 0.63125 0.77 0.62625 0.765 0.62375 0.7316666666666667 0.6225 0.595 0.62625 0.5916666666666667 0.635 0.59 0.66375 0.5883333333333334 0.75375 0.5883333333333334
3 0.75125 0.2 0.755 0.205 0.75625 0.23333333333333334 0.75625 0.29833333333333334 0.75875 0.34833333333333333 0.7575 0.36833333333333335 0.76 0.405 0.76 0.475 0.7625 0.49666666666666665 0.7625 0.5766666666666667 0.765 0.5883333333333334 0.76375 0.6266666666666667 0.76625 0.6716666666666666 0.765 0.68 0.7675 0.7216666666666667 0.7675 0.7733333333333333 0.765 0.7766666666666666 0.73 0.7783333333333333 0.6225 0.7766666666666666 0.60625 0.78 0.55375 0.7783333333333333 0.50875 0.7816666666666666 0.46875 0.78 0.4175 0.7833333333333333 0.33875 0.7833333333333333 0.335 0.78 0.335 0.7216666666666667 0.3325 0.7083333333333334 0.33375 0.525 0.33125 0.5016666666666667 0.33375 0.4716666666666667 0.33125 0.4483333333333333 0.33125 0.40166666666666667 0.32875 0.38333333333333336 0.33 0.31666666666666665 0.3275 0.275 0.3275 0.21833333333333332 0.34 0.215 0.35625 0.21666666666666667 0.395 0.21333333333333335 0.45 0.21333333333333335 0.52 0.20833333333333334 0.57125 0.20833333333333334 0.5875 0.205 0.6275 0.20666666666666667 0.64 0.20333333333333334 0.75 0.2