1 0.29625 0 0.32375 0 0.3275 0.0033333333333333335 0.34 0.005 0.345 0.01 0.355 0.008333333333333333 0.37 0 0.40875 0 0.415 0.005 0.425 0.0033333333333333335 0.42875 0 0.44 0 0.45625 0.006666666666666667 0.47 0 0.48375 0 0.48625 0.0033333333333333335 0.49375 0.005 0.5075 0.0016666666666666668 0.5175 0.005 0.52625 0.011666666666666667 0.545 0.01 0.57 0.0033333333333333335 0.57375 0 0.625 0.006666666666666667 0.63375 0.0033333333333333335 0.63625 0 0.66875 0 0.6725 0.0033333333333333335 0.6825 0.0033333333333333335 0.685 0 0.7025 0 0.705 0.0033333333333333335 0.7175 0.005 0.7225 0.008333333333333333 0.75125 0.008333333333333333 0.76 0 0.79875 0 0.8025 0.005 0.8175 0.005 0.82375 0.008333333333333333 0.83375 0.008333333333333333 0.835 0.005 0.8425 0 0.865 0 0.8725 0.008333333333333333 0.87875 0.008333333333333333 0.88625 0.0033333333333333335 0.89625 0.0033333333333333335 0.8975 0.016666666666666666 0.90125 0.025 0.90125 0.04666666666666667 0.89875 0.055 0.9 0.085 0.8975 0.095 0.90125 0.10166666666666667 0.90125 0.11166666666666666 0.89875 0.12 0.90125 0.155 0.9 0.17166666666666666 0.90375 0.17833333333333334 0.9 0.195 0.9 0.265 0.9025 0.2833333333333333 0.90125 0.31666666666666665 0.905 0.33 0.9025 0.3616666666666667 0.905 0.41 0.90375 0.42833333333333334 0.90125 0.43666666666666665 0.90125 0.47 0.90375 0.4766666666666667 0.90375 0.49666666666666665 0.90125 0.5033333333333333 0.90375 0.5316666666666666 0.90375 0.6066666666666667 0.90125 0.615 0.90125 0.6266666666666667 0.9075 0.675 0.90625 0.6883333333333334 0.90375 0.6933333333333334 0.90625 0.735 0.9025 0.7516666666666667 0.9025 0.7933333333333333 0.905 0.8033333333333333 0.90625 0.8283333333333334 0.90375 0.8666666666666667 0.90125 0.8766666666666667 0.9075 0.9116666666666666 0.90625 0.9183333333333333 0.9025 0.9233333333333333 0.905 0.9366666666666666 0.90125 0.945 0.90125 0.9533333333333334 0.9025 0.96 0.90625 0.965 0.90375 0.98 0.90625 0.9933333333333333 0.895 0.9983333333333333 0.87875 0.9983333333333333 0.875 0.995 0.8575 0.995 0.8425 0.9916666666666667 0.8225 0.9983333333333333 0.80875 0.9983333333333333 0.80625 0.995 0.8025 0.995 0.8 0.9983333333333333 0.77625 0.9983333333333333 0.76625 0.9933333333333333 0.6875 0.995 0.66375 0.9916666666666667 0.6225 0.9966666666666667 0.6125 0.99 0.5975 0.995 0.5625 0.995 0.5575 0.9983333333333333 0.54625 0.995 0.5425 0.99 0.51875 0.9933333333333333 0.51125 0.99 0.5075 0.995 0.49375 0.995 0.48375 0.9983333333333333 0.48 0.9933333333333333 0.4675 0.9883333333333333 0.45375 0.99 0.45 0.9933333333333333 0.42 0.9966666666666667 0.4125 0.9966666666666667 0.40625 0.9933333333333333 0.34375 0.995 0.3375 0.9933333333333333 0.335 0.99 0.31875 0.995 0.285 0.9933333333333333 0.24875 0.995 0.245 0.9983333333333333 0.2375 0.9933333333333333 0.22875 0.9966666666666667 0.2175 0.995 0.20375 0.9983333333333333 0.1975 0.9933333333333333 0.1975 0.9283333333333333 0.2 0.9 0.19875 0.8916666666666667 0.20125 0.875 0.2 0.8233333333333334 0.2025 0.8133333333333334 0.2025 0.745 0.205 0.7333333333333333 0.205 0.635 0.20875 0.58 0.20625 0.5633333333333334 0.20875 0.5483333333333333 0.20875 0.47 0.21125 0.4633333333333333 0.21 0.45666666666666667 0.2125 0.42833333333333334 0.2125 0.32 0.21625 0.295 0.215 0.2833333333333333 0.2175 0.2683333333333333 0.21625 0.195 0.22 0.09166666666666666 0.21875 0.04 0.22 0.025 0.2225 0.018333333333333333 0.22125 0.011666666666666667 0.22375 0.005 0.2275 0.006666666666666667 0.23875 0.0033333333333333335 0.25375 0.0033333333333333335 0.26 0 0.295 0.0016666666666666668
1 0.3175 0.10333333333333333 0.3275 0.11166666666666666 0.33375 0.10833333333333334 0.46125 0.10833333333333334 0.48 0.11 0.48375 0.11333333333333333 0.4875 0.11333333333333333 0.49125 0.10833333333333334 0.63125 0.10833333333333334 0.65 0.105 0.7125 0.10833333333333334 0.73125 0.105 0.79625 0.105 0.79875 0.10833333333333334 0.79875 0.11333333333333333 0.79125 0.12666666666666668 0.78125 0.135 0.78125 0.15666666666666668 0.7875 0.17 0.8 0.185 0.80625 0.18833333333333332 0.8225 0.18333333333333332 0.82875 0.17666666666666667 0.83125 0.165 0.83375 0.16666666666666666 0.84125 0.16 0.84125 0.15333333333333332 0.84375 0.17666666666666667 0.84375 0.215 0.84125 0.22166666666666668 0.845 0.23 0.84375 0.285 0.84625 0.29333333333333333 0.845 0.365 0.8425 0.37 0.8425 0.38 0.84625 0.39 0.845 0.43166666666666664 0.82875 0.43333333333333335 0.815 0.44 0.81 0.445 0.8025 0.445 0.79625 0.45 0.7925 0.46166666666666667 0.78625 0.4683333333333333 0.78125 0.47 0.78125 0.4866666666666667 0.78625 0.49 0.78875 0.495 0.7925 0.495 0.79375 0.5016666666666667 0.8025 0.5116666666666667 0.81 0.5116666666666667 0.8125 0.5066666666666667 0.82 0.5066666666666667 0.82375 0.5116666666666667 0.8375 0.5116666666666667 0.845 0.5083333333333333 0.84625 0.5133333333333333 0.84625 0.7583333333333333 0.84875 0.8066666666666666 0.84625 0.86 0.8425 0.865 0.835 0.8666666666666667 0.70625 0.8616666666666667 0.6975 0.8633333333333333 0.6675 0.86 0.64625 0.8616666666666667 0.6025 0.8583333333333333 0.59 0.86 0.53125 0.8566666666666667 0.44375 0.8566666666666667 0.3975 0.8533333333333334 0.375 0.855 0.28875 0.8516666666666667 0.2775 0.85 0.2725 0.8466666666666667 0.2725 0.81 0.275 0.8066666666666666 0.2725 0.8 0.275 0.685 0.2775 0.6783333333333333 0.2825 0.6733333333333333 0.28875 0.6783333333333333 0.30375 0.6783333333333333 0.3075 0.6766666666666666 0.31 0.67 0.32 0.6683333333333333 0.3225 0.6633333333333333 0.32125 0.66 0.315 0.6516666666666666 0.31125 0.65 0.31625 0.6466666666666666 0.3175 0.6383333333333333 0.32 0.6416666666666667 0.3225 0.64 0.32625 0.625 0.32375 0.62 0.3175 0.6183333333333333 0.315 0.6116666666666667 0.305 0.6033333333333334 0.2875 0.6033333333333334 0.2875 0.6166666666666667 0.29 0.62 0.29875 0.62 0.30375 0.625 0.3075 0.645 0.3025 0.66 0.29625 0.6633333333333333 0.28125 0.6616666666666666 0.27625 0.6583333333333333 0.27 0.6466666666666666 0.27 0.6366666666666667 0.27375 0.6283333333333333 0.2725 0.6183333333333333 0.27625 0.6166666666666667 0.275 0.6116666666666667 0.27875 0.6083333333333333 0.275 0.6033333333333334 0.275 0.535 0.2775 0.5183333333333333 0.27625 0.51 0.28125 0.49666666666666665 0.27875 0.49333333333333335 0.27875 0.48833333333333334 0.28875 0.5016666666666667 0.3 0.5033333333333333 0.3025 0.5083333333333333 0.31 0.5033333333333333 0.31375 0.505 0.315 0.51 0.31875 0.51 0.32625 0.5033333333333333 0.3275 0.49166666666666664 0.33125 0.49666666666666665 0.3325 0.495 0.3375 0.4816666666666667 0.3375 0.47 0.3275 0.46 0.33 0.455 0.32375 0.4483333333333333 0.32 0.44 0.31 0.43666666666666665 0.3025 0.43 0.29625 0.43166666666666664 0.29625 0.4266666666666667 0.2875 0.4266666666666667 0.2875 0.43166666666666664 0.27875 0.43 0.27875 0.32666666666666666 0.28125 0.32166666666666666 0.2875 0.32 0.27875 0.31833333333333336 0.275 0.30833333333333335 0.2675 0.3 0.26875 0.2783333333333333 0.2725 0.28 0.27875 0.2683333333333333 0.2775 0.265 0.28625 0.26166666666666666 0.27875 0.25833333333333336 0.28125 0.17 0.285 0.15833333333333333 0.2875 0.15833333333333333 0.29 0.165 0.29 0.15666666666666668 0.2925 0.15166666666666667 0.3 0.165 0.30125 0.17333333333333334 0.29875 0.175 0.30375 0.18166666666666667 0.30625 0.17833333333333334 0.30625 0.17166666666666666 0.31625 0.18333333333333332 0.32625 0.18 0.33375 0.17166666666666666 0.33 0.16666666666666666 0.33 0.16 0.33125 0.15333333333333332 0.335 0.15 0.335 0.145 0.325 0.14 0.3225 0.12333333333333334 0.32625 0.11833333333333333 0.31375 0.11 0.3175 0.105
0 0.3025 0.08 0.31375 0.085 0.31875 0.09166666666666666 0.32625 0.11333333333333333 0.32625 0.12333333333333334 0.3225 0.12833333333333333 0.31875 0.14 0.31375 0.14833333333333334 0.305 0.15333333333333332 0.28875 0.15333333333333332 0.2825 0.15 0.27625 0.13666666666666666 0.27125 0.13166666666666665 0.26875 0.12333333333333334 0.27125 0.09666666666666666 0.28625 0.08166666666666667 0.30125 0.08
0 0.29625 0.4266666666666667 0.30875 0.43333333333333335 0.3175 0.445 0.32 0.455 0.31875 0.47833333333333333 0.315 0.48833333333333334 0.30125 0.5 0.28875 0.5 0.28 0.49666666666666665 0.275 0.49333333333333335 0.265 0.4766666666666667 0.265 0.45166666666666666 0.26875 0.44333333333333336 0.2825 0.42833333333333334 0.295 0.4266666666666667
0 0.30375 0.6066666666666667 0.31375 0.615 0.3175 0.6233333333333333 0.31875 0.6533333333333333 0.315 0.6666666666666666 0.30875 0.675 0.3 0.68 0.285 0.68 0.27375 0.675 0.26875 0.6683333333333333 0.2625 0.6533333333333333 0.26125 0.64 0.265 0.625 0.275 0.61 0.285 0.605 0.3025 0.6066666666666667
0 0.3075 0.25666666666666665 0.31375 0.2633333333333333 0.32 0.275 0.32125 0.295 0.31875 0.30833333333333335 0.315 0.31666666666666665 0.3 0.325 0.28625 0.325 0.27875 0.32 0.2675 0.30333333333333334 0.265 0.2833333333333333 0.26875 0.27 0.28125 0.255 0.2975 0.25166666666666665 0.30625 0.25666666666666665
0 0.41625 0.6316666666666667 0.43125 0.6416666666666667 0.43625 0.65 0.44 0.6633333333333333 0.44 0.6783333333333333 0.435 0.6933333333333334 0.425 0.705 0.41625 0.7083333333333334 0.4025 0.7066666666666667 0.3975 0.7033333333333334 0.38875 0.6933333333333334 0.38375 0.6816666666666666 0.38375 0.6616666666666666 0.39 0.645 0.40375 0.6333333333333333 0.415 0.6316666666666667
4 0.8375 0.435 0.8525 0.44166666666666665 0.86 0.45166666666666666 0.86375 0.4633333333333333 0.86375 0.475 0.85875 0.49333333333333335 0.85125 0.5033333333333333 0.84125 0.51 0.82625 0.51 0.8175 0.505 0.80875 0.49333333333333335 0.805 0.4766666666666667 0.80625 0.46166666666666667 0.81 0.45 0.82125 0.43833333333333335 0.83625 0.435
4 0.84 0.07666666666666666 0.84875 0.08166666666666667 0.85625 0.09166666666666666 0.86 0.10333333333333333 0.86 0.11833333333333333 0.85875 0.12666666666666668 0.8525 0.13666666666666666 0.845 0.145 0.83625 0.14833333333333334 0.825 0.14833333333333334 0.81375 0.14166666666666666 0.805 0.12833333333333333 0.8025 0.105 0.805 0.095 0.81625 0.08 0.825 0.07666666666666666 0.83875 0.07666666666666666
4 0.57 0.43 0.58 0.44166666666666665 0.58375 0.45166666666666666 0.585 0.4666666666666667 0.58 0.48333333333333334 0.5725 0.49333333333333335 0.56375 0.5 0.545 0.49833333333333335 0.5325 0.485 0.52875 0.47333333333333333 0.52875 0.45166666666666666 0.535 0.43833333333333335 0.54625 0.42833333333333334 0.56375 0.4266666666666667 0.56875 0.43
4 0.58875 0.25166666666666665 0.6 0.26666666666666666 0.60125 0.29333333333333333 0.5975 0.305 0.59125 0.31333333333333335 0.58 0.32 0.5675 0.32 0.55875 0.315 0.55375 0.30833333333333335 0.5475 0.29333333333333333 0.54625 0.2783333333333333 0.55 0.265 0.555 0.25666666666666665 0.5625 0.25 0.5825 0.24833333333333332 0.5875 0.25166666666666665
2 0.61625 0.205 0.6225 0.20833333333333334 0.625 0.22666666666666666 0.62375 0.37166666666666665 0.61875 0.37833333333333335 0.49875 0.37833333333333335 0.495 0.37666666666666665 0.49375 0.37333333333333335 0.4925 0.36 0.4925 0.25166666666666665 0.49375 0.215 0.4975 0.20666666666666667 0.5625 0.20333333333333334 0.615 0.205
2 0.635 0.5816666666666667 0.6425 0.5783333333333334 0.765 0.58 0.7675 0.585 0.7675 0.63 0.77 0.6516666666666666 0.76875 0.7533333333333333 0.76625 0.7583333333333333 0.7575 0.7616666666666667 0.74375 0.7616666666666667 0.6375 0.7566666666666667 0.635 0.755 0.6325 0.7433333333333333 0.63125 0.6883333333333334 0.63375 0.6316666666666667 0.6325 0.5916666666666667 0.635 0.5833333333333334
2 0.700625 0.2916666666666667 0.13625 0.18
2 0.35625 0.20833333333333334 0.3625 0.205 0.48 0.20666666666666667 0.48375 0.20833333333333334 0.485 0.22166666666666668 0.485 0.34833333333333333 0.48375 0.37166666666666665 0.48125 0.37666666666666665 0.36125 0.37833333333333335 0.355 0.375 0.3525 0.33666666666666667 0.3525 0.22166666666666668 0.35625 0.21
2 0.70125 0.39 0.755 0.39 0.7625 0.39166666666666666 0.76625 0.39666666666666667 0.76875 0.4583333333333333 0.7675 0.47 0.77 0.4866666666666667 0.76875 0.5483333333333333 0.7675 0.5633333333333334 0.76125 0.57 0.64 0.5666666666666667 0.63625 0.565 0.63375 0.56 0.6325 0.44166666666666665 0.635 0.395 0.63875 0.39166666666666666 0.65125 0.39 0.7 0.39
2 0.42125 0.38666666666666666 0.4425 0.39 0.4775 0.3883333333333333 0.4825 0.3933333333333333 0.48375 0.535 0.4825 0.5583333333333333 0.4775 0.5633333333333334 0.355 0.5633333333333334 0.35125 0.5566666666666666 0.35 0.5233333333333333 0.35125 0.505 0.35375 0.49833333333333335 0.35125 0.45166666666666666 0.3525 0.43666666666666665 0.35 0.43166666666666664 0.3525 0.425 0.35375 0.39 0.42 0.38666666666666666
2 0.505 0.5766666666666667 0.58875 0.5766666666666667 0.6225 0.58 0.625 0.6216666666666667 0.6225 0.67 0.625 0.6833333333333333 0.625 0.71 0.62375 0.75 0.62 0.755 0.4975 0.7533333333333333 0.49125 0.7483333333333333 0.48875 0.7233333333333334 0.49125 0.7066666666666667 0.49125 0.5916666666666667 0.49375 0.5783333333333334 0.50375 0.5766666666666667
2 0.39 0.5733333333333334 0.47 0.5733333333333334 0.4775 0.575 0.4825 0.5816666666666667 0.4825 0.6816666666666666 0.48 0.7066666666666667 0.4825 0.72 0.48125 0.7466666666666667 0.4775 0.7516666666666667 0.445 0.7533333333333333 0.3725 0.7516666666666667 0.3525 0.75 0.35 0.7466666666666667 0.34875 0.65 0.35125 0.6283333333333333 0.35125 0.58 0.355 0.5733333333333334 0.38875 0.5733333333333334
2 0.56125 0.3883333333333333 0.61875 0.39 0.62375 0.395 0.625 0.5316666666666666 0.62375 0.56 0.62125 0.565 0.4975 0.565 0.4925 0.56 0.4925 0.3933333333333333 0.495 0.39 0.56 0.3883333333333333
3 0.765 0.195 0.77125 0.19666666666666666 0.77375 0.20333333333333334 0.7725 0.31333333333333335 0.775 0.475 0.775 0.7633333333333333 0.7725 0.7683333333333333 0.7125 0.7683333333333333 0.6725 0.765 0.605 0.765 0.49125 0.76 0.47625 0.7616666666666667 0.34875 0.7583333333333333 0.345 0.7566666666666667 0.3425 0.7516666666666667 0.34375 0.615 0.34625 0.585 0.345 0.4633333333333333 0.3475 0.44333333333333336 0.34625 0.29833333333333334 0.34875 0.19833333333333333 0.62875 0.19833333333333333 0.76375 0.195