1 0.19125 0.11166666666666666 0.20125 0.11833333333333333 0.21 0.13 0.21625 0.12666666666666668 0.2475 0.125 0.35875 0.125 0.3925 0.12166666666666667 0.66875 0.115 0.6725 0.12166666666666667 0.6725 0.165 0.675 0.18333333333333332 0.67625 0.225 0.67625 0.2966666666666667 0.67875 0.31166666666666665 0.68125 0.41 0.68875 0.4216666666666667 0.6925 0.43833333333333335 0.69 0.4533333333333333 0.6825 0.4683333333333333 0.6875 0.575 0.68625 0.595 0.69 0.655 0.69 0.7033333333333334 0.6925 0.725 0.6925 0.765 0.69 0.7683333333333333 0.6275 0.775 0.56625 0.7766666666666666 0.52125 0.7816666666666666 0.48125 0.7816666666666666 0.4175 0.7883333333333333 0.38125 0.7883333333333333 0.3375 0.7933333333333333 0.25625 0.7966666666666666 0.20375 0.8016666666666666 0.195 0.7983333333333333 0.1925 0.7716666666666666 0.19375 0.7566666666666667 0.19 0.7166666666666667 0.18375 0.495 0.17875 0.43166666666666664 0.1775 0.33 0.1675 0.31333333333333335 0.165 0.3016666666666667 0.1675 0.285 0.175 0.27166666666666667 0.17125 0.22833333333333333 0.17125 0.17333333333333334 0.16 0.15 0.16125 0.13166666666666665 0.1675 0.11833333333333333 0.17875 0.11166666666666666 0.19 0.11166666666666666
0 0.5775 0.5916666666666667 0.59 0.6033333333333334 0.595 0.6183333333333333 0.595 0.63 0.59 0.6466666666666666 0.57875 0.6566666666666666 0.56 0.655 0.55125 0.6483333333333333 0.545 0.635 0.545 0.615 0.54875 0.605 0.56125 0.5916666666666667 0.57625 0.5916666666666667
0 0.19375 0.11 0.2025 0.11666666666666667 0.2125 0.13833333333333334 0.2125 0.14666666666666667 0.205 0.16833333333333333 0.19875 0.175 0.19375 0.17666666666666667 0.1775 0.17666666666666667 0.1675 0.17 0.16125 0.16 0.15875 0.15 0.16 0.12833333333333333 0.165 0.11833333333333333 0.17625 0.11 0.1925 0.11
0 0.31875 0.6033333333333334 0.325 0.605 0.335 0.6133333333333333 0.34125 0.63 0.34125 0.6433333333333333 0.3375 0.6566666666666666 0.33125 0.665 0.31875 0.67 0.3125 0.67 0.3025 0.665 0.29625 0.6566666666666666 0.2925 0.6466666666666666 0.2925 0.6266666666666667 0.29625 0.6183333333333333 0.3025 0.61 0.3175 0.6033333333333334
0 0.45625 0.5983333333333334 0.46375 0.6033333333333334 0.46875 0.6116666666666667 0.4725 0.6233333333333333 0.4725 0.6416666666666667 0.46375 0.6583333333333333 0.455 0.6633333333333333 0.43625 0.6616666666666666 0.42625 0.6466666666666666 0.42375 0.6333333333333333 0.425 0.6166666666666667 0.43375 0.6033333333333334 0.44375 0.5983333333333334 0.455 0.5983333333333334
0 0.195 0.2683333333333333 0.20375 0.2733333333333333 0.21375 0.285 0.21625 0.3 0.21625 0.31 0.2125 0.3233333333333333 0.19625 0.335 0.185 0.3333333333333333 0.17125 0.3233333333333333 0.165 0.31 0.16375 0.3016666666666667 0.165 0.28833333333333333 0.1725 0.275 0.185 0.2683333333333333 0.19375 0.2683333333333333
4 0.6725 0.4083333333333333 0.68375 0.41333333333333333 0.69125 0.42333333333333334 0.6925 0.45 0.685 0.465 0.6775 0.47 0.6675 0.4716666666666667 0.655 0.4683333333333333 0.64875 0.46166666666666667 0.645 0.4533333333333333 0.64375 0.435 0.65 0.4166666666666667 0.66 0.41 0.67125 0.4083333333333333
4 0.44375 0.4166666666666667 0.45 0.4216666666666667 0.45875 0.43666666666666665 0.45875 0.4583333333333333 0.4575 0.4633333333333333 0.44875 0.475 0.44125 0.48 0.42875 0.48 0.42125 0.4766666666666667 0.41125 0.46 0.41 0.44 0.41625 0.425 0.42125 0.42 0.4325 0.415 0.4425 0.4166666666666667
4 0.4525 0.25833333333333336 0.45625 0.26 0.46375 0.27 0.4675 0.28 0.4675 0.29833333333333334 0.46375 0.30833333333333335 0.4575 0.31666666666666665 0.4475 0.32166666666666666 0.43625 0.32 0.4275 0.31333333333333335 0.42125 0.3016666666666667 0.41875 0.2833333333333333 0.4225 0.27 0.42875 0.26166666666666666 0.43875 0.25666666666666665 0.45125 0.25833333333333336
4 0.5725 0.24 0.5825 0.255 0.58375 0.27666666666666667 0.58 0.28833333333333333 0.56625 0.3 0.55375 0.3 0.5425 0.29333333333333333 0.53625 0.27666666666666667 0.53625 0.26 0.54125 0.24666666666666667 0.54875 0.23833333333333334 0.56625 0.23666666666666666 0.57125 0.24
2 0.6025 0.205 0.60875 0.21 0.61 0.21833333333333332 0.61375 0.34833333333333333 0.6125 0.3566666666666667 0.60875 0.36 0.54625 0.36333333333333334 0.50125 0.36333333333333334 0.49875 0.36 0.49375 0.27 0.49375 0.21666666666666667 0.49875 0.21 0.53875 0.20666666666666667 0.5775 0.20833333333333334 0.60125 0.205
2 0.615 0.5316666666666666 0.62 0.5383333333333333 0.62125 0.5566666666666666 0.6225 0.625 0.625 0.645 0.62375 0.6583333333333333 0.62625 0.6716666666666666 0.625 0.6816666666666666 0.62 0.6866666666666666 0.595 0.6866666666666666 0.57125 0.6916666666666667 0.51125 0.69 0.50875 0.6683333333333333 0.50875 0.6283333333333333 0.5125 0.6233333333333333 0.50625 0.6183333333333333 0.505 0.545 0.5125 0.5383333333333333 0.525 0.5366666666666666 0.55625 0.5366666666666666 0.61375 0.5316666666666666
2 0.465 0.54 0.49625 0.5416666666666666 0.5025 0.645 0.5025 0.6883333333333334 0.495 0.6933333333333334 0.3975 0.7 0.38875 0.6983333333333334 0.38625 0.695 0.3825 0.615 0.3825 0.5483333333333333 0.38875 0.545 0.46375 0.54
2 0.48625 0.375 0.49125 0.38 0.4925 0.39 0.4925 0.42333333333333334 0.49625 0.4866666666666667 0.495 0.5266666666666666 0.41375 0.5333333333333333 0.38125 0.5316666666666666 0.37625 0.445 0.37625 0.385 0.38 0.38 0.385 0.37833333333333335 0.4 0.38 0.4275 0.37666666666666665 0.435 0.37833333333333335 0.45875 0.375 0.485 0.375
2 0.44125 0.21 0.48 0.21 0.48375 0.21166666666666667 0.485 0.215 0.49125 0.35333333333333333 0.49 0.36 0.48375 0.365 0.4425 0.365 0.41875 0.36833333333333335 0.37875 0.36833333333333335 0.375 0.365 0.37125 0.32 0.36875 0.22333333333333333 0.37 0.21833333333333332 0.375 0.21333333333333335 0.44 0.21
2 0.305 0.215 0.35625 0.215 0.36 0.21833333333333332 0.36625 0.325 0.36625 0.36666666666666664 0.3625 0.37 0.345 0.37166666666666665 0.26875 0.37333333333333335 0.25125 0.37666666666666665 0.24875 0.37333333333333335 0.24625 0.36 0.2425 0.22166666666666668 0.24375 0.21833333333333332 0.2475 0.21666666666666667 0.30375 0.215
2 0.61125 0.37166666666666665 0.61375 0.37666666666666665 0.61625 0.40166666666666667 0.61875 0.5166666666666667 0.61625 0.5216666666666666 0.61125 0.5233333333333333 0.57375 0.5233333333333333 0.56375 0.5266666666666666 0.5075 0.5266666666666666 0.505 0.5233333333333333 0.5 0.445 0.5 0.37666666666666665 0.5175 0.37333333333333335 0.52875 0.375 0.585 0.37 0.61 0.37166666666666665
2 0.3125 0.38333333333333336 0.36625 0.385 0.3725 0.5166666666666667 0.37125 0.53 0.37 0.5333333333333333 0.36625 0.535 0.265 0.5416666666666666 0.255 0.54 0.2525 0.5233333333333333 0.2525 0.4766666666666667 0.25 0.4633333333333333 0.25125 0.4583333333333333 0.24875 0.39166666666666666 0.25125 0.38666666666666666 0.2575 0.385 0.31125 0.38333333333333336
2 0.3175 0.6283333333333333 0.125 0.16333333333333333
3 0.61125 0.19833333333333333 0.61375 0.20333333333333334 0.615 0.22666666666666666 0.61875 0.37166666666666665 0.62125 0.4266666666666667 0.62375 0.44 0.6225 0.48333333333333334 0.62625 0.5533333333333333 0.625 0.57 0.6275 0.5833333333333334 0.62875 0.615 0.62875 0.6883333333333334 0.62625 0.6916666666666667 0.5775 0.6966666666666667 0.5675 0.695 0.55 0.6983333333333334 0.48375 0.7 0.4675 0.7033333333333334 0.42875 0.7033333333333334 0.4125 0.7066666666666667 0.40625 0.705 0.33125 0.7083333333333334 0.285 0.7133333333333334 0.25875 0.7133333333333334 0.25625 0.7083333333333334 0.25375 0.6433333333333333 0.25125 0.6333333333333333 0.25125 0.5533333333333333 0.24875 0.545 0.2475 0.5266666666666666 0.2475 0.48333333333333334 0.245 0.4583333333333333 0.24625 0.44166666666666665 0.24 0.35333333333333333 0.2425 0.33 0.24 0.3233333333333333 0.23875 0.30666666666666664 0.23625 0.21333333333333335 0.23875 0.21 0.25375 0.20833333333333334 0.2725 0.21 0.32875 0.20833333333333334 0.3525 0.205 0.445 0.205 0.47375 0.20166666666666666 0.54375 0.20166666666666666 0.61 0.19833333333333333