1 0.46 0.2683333333333333 0.47 0.275 0.4775 0.28833333333333333 0.5375 0.2833333333333333 0.56 0.2833333333333333 0.56375 0.28833333333333333 0.5675 0.31833333333333336 0.5725 0.41833333333333333 0.575 0.43166666666666664 0.575 0.4633333333333333 0.57875 0.485 0.57875 0.5116666666666667 0.58625 0.5833333333333334 0.5875 0.6283333333333333 0.59875 0.7533333333333333 0.5975 0.765 0.57875 0.7683333333333333 0.58125 0.7716666666666666 0.59625 0.77 0.60125 0.78 0.60125 0.8266666666666667 0.59625 0.83 0.57625 0.83 0.53125 0.8383333333333334 0.48125 0.84 0.4175 0.85 0.375 0.85 0.3625 0.855 0.3375 0.8583333333333333 0.28875 0.8616666666666667 0.1625 0.8766666666666667 0.15625 0.875 0.15375 0.865 0.15375 0.695 0.14875 0.445 0.14875 0.355 0.15125 0.34833333333333333 0.15125 0.33166666666666667 0.1425 0.31666666666666665 0.14375 0.2966666666666667 0.14875 0.28833333333333333 0.15375 0.285 0.16875 0.285 0.17875 0.2916666666666667 0.185 0.305 0.20375 0.3016666666666667 0.23 0.3016666666666667 0.24125 0.29833333333333334 0.2475 0.285 0.25125 0.2816666666666667 0.26875 0.2816666666666667 0.275 0.285 0.27875 0.29333333333333333 0.285 0.3 0.29125 0.2966666666666667 0.315 0.295 0.3375 0.2966666666666667 0.34125 0.29333333333333333 0.345 0.2816666666666667 0.355 0.275 0.36875 0.275 0.37625 0.28 0.3775 0.2866666666666667 0.38375 0.295 0.39125 0.2916666666666667 0.42 0.2916666666666667 0.435 0.28833333333333333 0.4425 0.2733333333333333 0.4525 0.2683333333333333 0.45875 0.2683333333333333
0 0.16875 0.2816666666666667 0.1775 0.28833333333333333 0.1825 0.29833333333333334 0.18375 0.30666666666666664 0.17875 0.3233333333333333 0.17375 0.33 0.165 0.335 0.15125 0.335 0.1475 0.33166666666666667 0.14125 0.32166666666666666 0.14 0.3016666666666667 0.14375 0.29 0.14875 0.285 0.15375 0.2816666666666667 0.1675 0.2816666666666667
0 0.37 0.5033333333333333 0.37625 0.51 0.38 0.5183333333333333 0.38 0.5383333333333333 0.3725 0.5516666666666666 0.35875 0.5566666666666666 0.35125 0.555 0.34125 0.545 0.33875 0.5366666666666666 0.33875 0.52 0.34125 0.5133333333333333 0.3525 0.5016666666666667 0.36375 0.5 0.36875 0.5033333333333333
0 0.2725 0.28 0.28 0.29 0.2825 0.3 0.2825 0.31166666666666665 0.27625 0.3233333333333333 0.26625 0.32666666666666666 0.255 0.32666666666666666 0.2475 0.3233333333333333 0.2425 0.31333333333333335 0.24125 0.295 0.24375 0.28833333333333333 0.25125 0.28 0.27125 0.28
0 0.37125 0.2733333333333333 0.37625 0.27666666666666667 0.37875 0.2816666666666667 0.38 0.30666666666666664 0.3725 0.32 0.3675 0.32166666666666666 0.35375 0.32166666666666666 0.34625 0.31666666666666665 0.34125 0.30333333333333334 0.34125 0.2866666666666667 0.35125 0.2733333333333333 0.37 0.2733333333333333
0 0.45625 0.265 0.46625 0.2683333333333333 0.47625 0.2816666666666667 0.47625 0.29333333333333333 0.4725 0.30833333333333335 0.46875 0.31333333333333335 0.46125 0.31666666666666665 0.4475 0.315 0.43875 0.30833333333333335 0.43625 0.2966666666666667 0.43625 0.285 0.43875 0.27666666666666667 0.445 0.2683333333333333 0.455 0.26666666666666666
4 0.59625 0.77 0.6025 0.7766666666666666 0.60625 0.7883333333333333 0.605 0.8116666666666666 0.5975 0.82 0.58125 0.825 0.5725 0.8233333333333334 0.56625 0.815 0.565 0.7833333333333333 0.5675 0.775 0.575 0.7683333333333333 0.59 0.7666666666666667 0.595 0.77
4 0.38625 0.7866666666666666 0.39125 0.7883333333333333 0.39875 0.7966666666666666 0.4025 0.81 0.4025 0.8233333333333334 0.39375 0.84 0.385 0.845 0.375 0.845 0.36875 0.8416666666666667 0.3625 0.8316666666666667 0.36 0.82 0.36 0.8083333333333333 0.36375 0.7966666666666666 0.3725 0.7883333333333333 0.385 0.7866666666666666
4 0.49 0.7783333333333333 0.49625 0.7816666666666666 0.50125 0.7883333333333333 0.505 0.81 0.49875 0.8266666666666667 0.48625 0.835 0.47625 0.835 0.46625 0.8266666666666667 0.4625 0.8133333333333334 0.4625 0.795 0.46625 0.785 0.475 0.7783333333333333 0.48875 0.7783333333333333
4 0.25875 0.6833333333333333 0.26875 0.6916666666666667 0.2725 0.7033333333333334 0.2725 0.7133333333333334 0.26875 0.7266666666666667 0.25625 0.7383333333333333 0.2425 0.7383333333333333 0.235 0.7333333333333333 0.22875 0.72 0.22875 0.7016666666666667 0.2375 0.6866666666666666 0.245 0.6816666666666666 0.2575 0.6833333333333333
2 0.47375 0.355 0.51 0.355 0.5125 0.35833333333333334 0.51625 0.39166666666666666 0.52 0.47333333333333333 0.51 0.47833333333333333 0.46125 0.48 0.44125 0.48333333333333334 0.4275 0.48333333333333334 0.42375 0.48 0.41875 0.3616666666666667 0.4725 0.355
2 0.5275 0.6233333333333333 0.53 0.6266666666666667 0.5325 0.6733333333333333 0.535 0.6883333333333334 0.53625 0.735 0.53875 0.7466666666666667 0.5375 0.7516666666666667 0.53125 0.7566666666666667 0.4775 0.76 0.4725 0.7633333333333333 0.44125 0.7633333333333333 0.43875 0.7583333333333333 0.435 0.7283333333333334 0.4325 0.6333333333333333 0.44 0.6283333333333333 0.455 0.6266666666666667 0.52625 0.6233333333333333
2 0.42125 0.63 0.425 0.6383333333333333 0.43 0.7616666666666667 0.4275 0.765 0.4175 0.7683333333333333 0.3425 0.775 0.3325 0.775 0.32875 0.7716666666666666 0.3275 0.765 0.325 0.7066666666666667 0.32625 0.6733333333333333 0.32375 0.6616666666666666 0.325 0.6416666666666667 0.34 0.6366666666666667 0.36125 0.6366666666666667 0.42 0.63
2 0.385 0.3616666666666667 0.40625 0.3616666666666667 0.41125 0.365 0.415 0.41833333333333333 0.415 0.4816666666666667 0.40875 0.485 0.3325 0.49166666666666664 0.31875 0.49 0.315 0.42 0.315 0.36833333333333335 0.34125 0.36333333333333334 0.38375 0.3616666666666667
2 0.52 0.4866666666666667 0.525 0.525 0.52875 0.6083333333333333 0.52625 0.6116666666666667 0.5075 0.615 0.4825 0.615 0.44125 0.62 0.4325 0.6183333333333333 0.43 0.6083333333333333 0.425 0.5083333333333333 0.42625 0.49333333333333335 0.48 0.4866666666666667 0.51875 0.4866666666666667
2 0.31 0.5016666666666667 0.3125 0.5133333333333333 0.3125 0.5383333333333333 0.315 0.5566666666666666 0.315 0.6283333333333333 0.3 0.6333333333333333 0.28 0.6333333333333333 0.2275 0.64 0.21625 0.64 0.2125 0.6333333333333333 0.21 0.5816666666666667 0.21125 0.5116666666666667 0.22125 0.5066666666666667 0.30875 0.5016666666666667
2 0.26 0.435 0.105 0.13333333333333333
2 0.395 0.49333333333333335 0.415 0.49333333333333335 0.41625 0.49666666666666665 0.41875 0.515 0.4225 0.5933333333333334 0.42125 0.62 0.41875 0.6233333333333333 0.3975 0.6233333333333333 0.34125 0.63 0.325 0.63 0.3225 0.6216666666666667 0.32 0.5033333333333333 0.32375 0.5 0.3625 0.5 0.37625 0.495 0.39375 0.49333333333333335
2 0.31625 0.6416666666666667 0.32 0.7066666666666667 0.32 0.775 0.3 0.78 0.28375 0.78 0.255 0.785 0.2475 0.7833333333333333 0.225 0.7883333333333333 0.22 0.7883333333333333 0.215 0.7833333333333333 0.2125 0.675 0.21375 0.6516666666666666 0.21625 0.6483333333333333 0.25125 0.6433333333333333 0.275 0.6433333333333333 0.2975 0.64 0.315 0.6416666666666667
3 0.51625 0.34833333333333333 0.51875 0.3516666666666667 0.52125 0.37666666666666665 0.52625 0.48833333333333334 0.5325 0.555 0.535 0.6283333333333333 0.54375 0.7333333333333333 0.5425 0.76 0.5075 0.765 0.43375 0.77 0.41875 0.7733333333333333 0.3625 0.7766666666666666 0.33875 0.7816666666666666 0.26125 0.7866666666666666 0.22875 0.7916666666666666 0.2125 0.7916666666666666 0.21 0.775 0.20875 0.7116666666666667 0.21125 0.7066666666666667 0.20875 0.7016666666666667 0.2075 0.5566666666666666 0.20375 0.47833333333333333 0.205 0.44 0.2025 0.38666666666666666 0.205 0.37 0.2525 0.36333333333333334 0.29625 0.36333333333333334 0.365 0.3566666666666667 0.375 0.35833333333333334 0.395 0.355 0.42 0.355 0.4275 0.3516666666666667 0.47375 0.3516666666666667 0.49375 0.34833333333333333 0.515 0.34833333333333333