4 0.3 0.3685 0.314 0.372 0.322 0.3795 0.324 0.3855 0.32 0.398 0.31333333333333335 0.403 0.306 0.4045 0.29533333333333334 0.4045 0.2853333333333333 0.4015 0.2773333333333333 0.3955 0.274 0.39 0.274 0.3835 0.278 0.375 0.28733333333333333 0.3695 0.29933333333333334 0.3685
4 0.31533333333333335 0.203 0.332 0.21 0.3393333333333333 0.223 0.3353333333333333 0.232 0.33066666666666666 0.2355 0.32066666666666666 0.238 0.30666666666666664 0.237 0.2966666666666667 0.2315 0.28933333333333333 0.224 0.292 0.21 0.304 0.2035 0.31466666666666665 0.203
4 0.296 0.455 0.312 0.463 0.31666666666666665 0.4735 0.312 0.485 0.2966666666666667 0.493 0.28933333333333333 0.493 0.27466666666666667 0.488 0.26866666666666666 0.483 0.26466666666666666 0.4745 0.2653333333333333 0.4675 0.27466666666666667 0.459 0.2826666666666667 0.455 0.29533333333333334 0.455
4 0.2866666666666667 0.543 0.29733333333333334 0.5465 0.30333333333333334 0.551 0.30733333333333335 0.5655 0.302 0.5745 0.286 0.582 0.272 0.5815 0.266 0.579 0.258 0.571 0.25533333333333336 0.5605 0.25666666666666665 0.554 0.2613333333333333 0.549 0.27466666666666667 0.5435 0.286 0.543
4 0.314 0.285 0.328 0.293 0.332 0.3 0.32866666666666666 0.313 0.318 0.319 0.2966666666666667 0.3175 0.2866666666666667 0.312 0.2826666666666667 0.3045 0.2846666666666667 0.293 0.2926666666666667 0.2865 0.3 0.2845 0.31333333333333335 0.285
0 0.7113333333333334 0.4825 0.7233333333333334 0.488 0.7266666666666667 0.4915 0.728 0.4985 0.724 0.511 0.7106666666666667 0.515 0.698 0.5135 0.692 0.5085 0.6886666666666666 0.5015 0.6913333333333334 0.4875 0.7 0.4825 0.7106666666666667 0.4825
0 0.7146666666666667 0.4075 0.7253333333333334 0.4145 0.7286666666666667 0.4275 0.7246666666666667 0.435 0.714 0.44 0.7013333333333334 0.439 0.6913333333333334 0.426 0.694 0.412 0.7033333333333334 0.407 0.714 0.4075
0 0.7133333333333334 0.333 0.724 0.339 0.7293333333333333 0.348 0.726 0.3605 0.7133333333333334 0.3655 0.7013333333333334 0.3635 0.6933333333333334 0.356 0.6906666666666667 0.3485 0.6906666666666667 0.3415 0.6973333333333334 0.3365 0.704 0.3335 0.7126666666666667 0.333
0 0.714 0.262 0.7266666666666667 0.2685 0.7313333333333333 0.282 0.728 0.2885 0.7166666666666667 0.294 0.7026666666666667 0.29 0.694 0.277 0.6966666666666667 0.266 0.7033333333333334 0.2625 0.7133333333333334 0.262
0 0.7073333333333334 0.56 0.714 0.5615 0.722 0.5665 0.726 0.578 0.7213333333333334 0.588 0.71 0.594 0.694 0.5925 0.688 0.5855 0.686 0.576 0.6926666666666667 0.5635 0.6973333333333334 0.5605 0.7066666666666667 0.56
1 0.31733333333333336 0.205 0.3293333333333333 0.21 0.3406666666666667 0.224 0.35733333333333334 0.2235 0.38266666666666665 0.2295 0.4053333333333333 0.2305 0.414 0.234 0.42533333333333334 0.234 0.43533333333333335 0.2375 0.48133333333333334 0.241 0.49066666666666664 0.2445 0.502 0.2445 0.5066666666666667 0.2485 0.5233333333333333 0.248 0.532 0.252 0.5426666666666666 0.2505 0.5586666666666666 0.255 0.572 0.255 0.5853333333333334 0.2585 0.602 0.2585 0.61 0.2615 0.6273333333333333 0.262 0.6426666666666667 0.2655 0.644 0.2695 0.648 0.2695 0.6506666666666666 0.267 0.654 0.27 0.6633333333333333 0.269 0.6613333333333333 0.272 0.6646666666666666 0.2745 0.674 0.2765 0.6786666666666666 0.277 0.6886666666666666 0.2715 0.6946666666666667 0.2715 0.6993333333333334 0.2745 0.7046666666666667 0.272 0.7106666666666667 0.273 0.7153333333333334 0.2685 0.71 0.2675 0.7093333333333334 0.2655 0.7026666666666667 0.268 0.702 0.265 0.7153333333333334 0.265 0.724 0.269 0.7273333333333334 0.276 0.7266666666666667 0.2855 0.7226666666666667 0.278 0.7193333333333334 0.2815 0.7213333333333334 0.2895 0.7106666666666667 0.2955 0.7093333333333334 0.3 0.706 0.2995 0.702 0.3035 0.7053333333333334 0.3065 0.7053333333333334 0.3285 0.71 0.33 0.724 0.343 0.7233333333333334 0.3575 0.7206666666666667 0.3575 0.6993333333333334 0.3725 0.7033333333333334 0.3955 0.702 0.405 0.718 0.411 0.724 0.4175 0.724 0.432 0.7033333333333334 0.442 0.6993333333333334 0.4565 0.702 0.466 0.6993333333333334 0.47 0.7 0.481 0.706 0.484 0.7113333333333334 0.484 0.71 0.488 0.7133333333333334 0.4965 0.7166666666666667 0.494 0.7206666666666667 0.497 0.7233333333333334 0.4935 0.724 0.4985 0.7233333333333334 0.505 0.7206666666666667 0.503 0.7173333333333334 0.505 0.72 0.509 0.7133333333333334 0.503 0.7113333333333334 0.5045 0.7133333333333334 0.5115 0.704 0.5155 0.6993333333333334 0.5135 0.6973333333333334 0.515 0.6986666666666667 0.534 0.7026666666666667 0.531 0.7046666666666667 0.5385 0.7046666666666667 0.5535 0.7 0.5575 0.7133333333333334 0.564 0.7106666666666667 0.567 0.7133333333333334 0.571 0.7086666666666667 0.5785 0.714 0.581 0.7146666666666667 0.588 0.708 0.592 0.6953333333333334 0.5925 0.6893333333333334 0.597 0.6713333333333333 0.596 0.658 0.599 0.63 0.5965 0.6233333333333333 0.598 0.6193333333333333 0.6025 0.614 0.602 0.6053333333333333 0.597 0.5873333333333334 0.5975 0.5746666666666667 0.595 0.5673333333333334 0.599 0.5606666666666666 0.595 0.5533333333333333 0.5945 0.55 0.5965 0.5366666666666666 0.594 0.5113333333333333 0.594 0.5046666666666667 0.595 0.502 0.599 0.49466666666666664 0.5975 0.484 0.5985 0.48533333333333334 0.595 0.4706666666666667 0.592 0.45266666666666666 0.5945 0.44133333333333336 0.5935 0.436 0.5945 0.43266666666666664 0.599 0.42733333333333334 0.5985 0.4266666666666667 0.5945 0.41933333333333334 0.5925 0.41 0.594 0.3973333333333333 0.5915 0.38333333333333336 0.5945 0.38 0.593 0.37266666666666665 0.596 0.37133333333333335 0.592 0.36666666666666664 0.591 0.36333333333333334 0.592 0.3626666666666667 0.595 0.35933333333333334 0.594 0.354 0.596 0.34933333333333333 0.5915 0.31733333333333336 0.5895 0.31 0.5955 0.2966666666666667 0.5945 0.29 0.596 0.28933333333333333 0.592 0.28 0.587 0.2613333333333333 0.5865 0.24533333333333332 0.591 0.23933333333333334 0.588 0.242 0.5855 0.242 0.572 0.246 0.5575 0.24466666666666667 0.542 0.24066666666666667 0.542 0.23933333333333334 0.5395 0.24533333333333332 0.5365 0.24266666666666667 0.529 0.246 0.5225 0.246 0.5155 0.24866666666666667 0.514 0.252 0.4955 0.252 0.4905 0.24666666666666667 0.4865 0.252 0.482 0.256 0.466 0.25533333333333336 0.45 0.252 0.4425 0.256 0.439 0.25466666666666665 0.4315 0.25933333333333336 0.4195 0.25933333333333336 0.4005 0.2633333333333333 0.397 0.2613333333333333 0.3935 0.266 0.3675 0.266 0.3455 0.2713333333333333 0.319 0.2693333333333333 0.309 0.2653333333333333 0.305 0.25933333333333336 0.31 0.25866666666666666 0.315 0.258 0.3035 0.2673333333333333 0.3035 0.27 0.3005 0.26866666666666666 0.294 0.262 0.2925 0.262 0.286 0.26866666666666666 0.2895 0.27266666666666667 0.28 0.28 0.2235 0.2826666666666667 0.221 0.29 0.221 0.2906666666666667 0.2135 0.3 0.206 0.31666666666666665 0.205
2 0.3453333333333333 0.3615 0.432 0.3695 0.44 0.372 0.442 0.3765 0.438 0.4125 0.43866666666666665 0.435 0.43533333333333335 0.45 0.3626666666666667 0.446 0.32866666666666666 0.4415 0.32866666666666666 0.3885 0.33266666666666667 0.3645 0.3353333333333333 0.361 0.3446666666666667 0.3615
2 0.46 0.2895 0.5273333333333333 0.2965 0.5506666666666666 0.302 0.5486666666666666 0.373 0.5446666666666666 0.375 0.512 0.373 0.456 0.367 0.4513333333333333 0.365 0.4533333333333333 0.302 0.4553333333333333 0.2915 0.4593333333333333 0.29
2 0.4573333333333333 0.4585 0.5406666666666666 0.463 0.5433333333333333 0.4645 0.5446666666666666 0.4825 0.5413333333333333 0.54 0.5366666666666666 0.5435 0.45066666666666666 0.54 0.43866666666666665 0.537 0.44333333333333336 0.46 0.446 0.458 0.45666666666666667 0.4585
2 0.454 0.3725 0.5466666666666666 0.382 0.5466666666666666 0.4445 0.5446666666666666 0.4565 0.54 0.4575 0.4613333333333333 0.4535 0.44533333333333336 0.45 0.44733333333333336 0.3905 0.4493333333333333 0.376 0.4533333333333333 0.3725
2 0.588 0.305 0.6453333333333333 0.3115 0.6513333333333333 0.3145 0.652 0.36 0.6493333333333333 0.3835 0.6466666666666666 0.3855 0.5586666666666666 0.3765 0.5566666666666666 0.3605 0.56 0.3055 0.5626666666666666 0.303 0.5873333333333334 0.305
2 0.35 0.2745 0.43533333333333335 0.285 0.44533333333333336 0.2885 0.44333333333333336 0.354 0.442 0.3625 0.43933333333333335 0.3645 0.33866666666666667 0.355 0.3353333333333333 0.353 0.334 0.3435 0.338 0.2905 0.342 0.275 0.34933333333333333 0.2745
2 0.5726666666666667 0.3835 0.6486666666666666 0.3915 0.6493333333333333 0.45 0.648 0.4625 0.644 0.4655 0.5626666666666666 0.46 0.552 0.4565 0.556 0.3875 0.56 0.383 0.572 0.3835
2 0.3406666666666667 0.4495 0.43533333333333335 0.457 0.43133333333333335 0.533 0.43 0.5365 0.424 0.5385 0.32 0.535 0.318 0.5325 0.31933333333333336 0.4975 0.32666666666666666 0.45 0.34 0.4495
2 0.5533333333333333 0.4655 0.6273333333333333 0.4695 0.646 0.473 0.6473333333333333 0.5045 0.646 0.5435 0.6426666666666667 0.5485 0.55 0.544 0.548 0.541 0.5493333333333333 0.501 0.5533333333333333 0.466
3 0.33666666666666667 0.27 0.342 0.269 0.36733333333333335 0.272 0.404 0.2785 0.4846666666666667 0.2875 0.49866666666666665 0.291 0.602 0.3025 0.652 0.3105 0.6566666666666666 0.3165 0.6513333333333333 0.5 0.6473333333333333 0.5515 0.596 0.551 0.4726666666666667 0.545 0.4633333333333333 0.546 0.4026666666666667 0.5415 0.32066666666666666 0.539 0.314 0.536 0.31333333333333335 0.527 0.31733333333333336 0.502 0.31933333333333336 0.4565 0.3233333333333333 0.4435 0.32266666666666666 0.421 0.32666666666666666 0.394 0.3293333333333333 0.3905 0.3273333333333333 0.372 0.33466666666666667 0.31 0.33466666666666667 0.2735 0.33666666666666667 0.2705