4 0.46 0.5666666666666667 0.46875 0.5716666666666667 0.4775 0.5816666666666667 0.4825 0.5983333333333334 0.4825 0.6116666666666667 0.475 0.6283333333333333 0.465 0.6366666666666667 0.45375 0.64 0.4425 0.6383333333333333 0.4375 0.635 0.4275 0.6216666666666667 0.425 0.6133333333333333 0.425 0.595 0.4275 0.5866666666666667 0.43875 0.5716666666666667 0.4475 0.5666666666666667 0.45875 0.5666666666666667
4 0.1475 0.32 0.1625 0.32666666666666666 0.16875 0.335 0.1725 0.3466666666666667 0.1725 0.36666666666666664 0.16875 0.37833333333333335 0.16 0.39 0.1475 0.39666666666666667 0.13625 0.39666666666666667 0.1225 0.3883333333333333 0.11625 0.37666666666666665 0.1125 0.36 0.11375 0.345 0.11875 0.33166666666666667 0.12375 0.325 0.135 0.32 0.14625 0.32
4 0.14875 0.7533333333333333 0.1575 0.7583333333333333 0.165 0.77 0.16875 0.785 0.16875 0.7966666666666666 0.165 0.8083333333333333 0.15625 0.8216666666666667 0.15 0.8266666666666667 0.14 0.83 0.1275 0.8283333333333334 0.12 0.8233333333333334 0.1125 0.8133333333333334 0.1075 0.8 0.1075 0.785 0.11125 0.7733333333333333 0.125 0.7566666666666667 0.14 0.7516666666666667 0.1475 0.7533333333333333
4 0 0.92 0.01 0.925 0.01625 0.9333333333333333 0.02 0.9533333333333334 0.01875 0.97 0.015 0.98 0.00875 0.9883333333333333 0 0.9916666666666667 0 0.9216666666666666
0 0.55875 0.935 0.56875 0.9466666666666667 0.575 0.97 0.575 0.9833333333333333 0.56625 0.9983333333333333 0.525 0.9983333333333333 0.52125 0.9933333333333333 0.51875 0.9833333333333333 0.51875 0.9616666666666667 0.5325 0.9366666666666666 0.5425 0.9333333333333333 0.5575 0.935
0 0.45625 0.7883333333333333 0.465 0.7933333333333333 0.47375 0.8066666666666666 0.4775 0.82 0.4775 0.8316666666666667 0.47125 0.8483333333333334 0.46625 0.855 0.45375 0.8633333333333333 0.44125 0.8633333333333333 0.43 0.855 0.425 0.8483333333333334 0.42125 0.8383333333333334 0.42 0.8166666666666667 0.4225 0.81 0.435 0.7933333333333333 0.44375 0.7883333333333333 0.455 0.7883333333333333
0 0.315 0.34 0.32125 0.3433333333333333 0.3325 0.355 0.3375 0.36833333333333335 0.33875 0.37833333333333335 0.3375 0.39 0.3325 0.4033333333333333 0.32375 0.41333333333333333 0.31375 0.41833333333333333 0.30375 0.41833333333333333 0.2925 0.41333333333333333 0.28125 0.4 0.27875 0.39 0.28 0.35833333333333334 0.2825 0.3516666666666667 0.3 0.34 0.31375 0.34
0 0.32 0.5516666666666666 0.32875 0.5666666666666667 0.33 0.5866666666666667 0.325 0.6016666666666667 0.31625 0.6133333333333333 0.3075 0.6183333333333333 0.29375 0.6183333333333333 0.2825 0.6116666666666667 0.2725 0.595 0.27125 0.5716666666666667 0.275 0.5616666666666666 0.28375 0.55 0.2925 0.545 0.30875 0.545 0.31875 0.5516666666666666
0 0.565 0.7633333333333333 0.57875 0.7766666666666666 0.5825 0.7916666666666666 0.5825 0.8083333333333333 0.58125 0.815 0.57375 0.8266666666666667 0.56 0.8333333333333334 0.54625 0.8316666666666667 0.5325 0.8166666666666667 0.52875 0.805 0.52875 0.7866666666666666 0.53125 0.775 0.53625 0.7683333333333333 0.54875 0.7616666666666667 0.56375 0.7633333333333333
1 0.015 0.17833333333333334 0.035 0.17666666666666667 0.05875 0.18166666666666667 0.21875 0.2 0.22625 0.20333333333333334 0.28125 0.20833333333333334 0.315 0.215 0.375 0.22166666666666668 0.385 0.225 0.46 0.23166666666666666 0.49375 0.23833333333333334 0.57625 0.245 0.595 0.25 0.59875 0.26166666666666666 0.59625 0.3416666666666667 0.59125 0.385 0.59125 0.4083333333333333 0.58875 0.42833333333333334 0.59 0.43166666666666664 0.585 0.4866666666666667 0.585 0.53 0.5825 0.5783333333333334 0.57875 0.6066666666666667 0.57875 0.6566666666666666 0.57625 0.6716666666666666 0.57625 0.715 0.5725 0.7616666666666667 0.57375 0.7716666666666666 0.57875 0.7816666666666666 0.58 0.81 0.57 0.8316666666666667 0.56875 0.8816666666666667 0.56375 0.9316666666666666 0.56375 0.9416666666666667 0.5725 0.9616666666666667 0.57125 0.9866666666666667 0.5675 0.9933333333333333 0.55875 0.9983333333333333 0.5325 0.9983333333333333 0.525 0.9916666666666667 0.51875 0.9816666666666667 0.5 0.9816666666666667 0.4925 0.975 0.48625 0.9733333333333334 0.4675 0.98 0.435 0.98 0.42875 0.975 0.41375 0.975 0.40875 0.9783333333333334 0.295 0.975 0.23375 0.9766666666666667 0.19375 0.9733333333333334 0.16625 0.975 0.14125 0.9716666666666667 0.0875 0.9716666666666667 0.0325 0.9683333333333334 0.0225 0.965 0.0175 0.97 0.015 0.9766666666666667 0 0.9866666666666667 0 0.655 0.0025 0.6533333333333333 0.0025 0.6366666666666667 0 0.6333333333333333 0 0.4216666666666667 0.0025 0.41833333333333333 0.00375 0.31333333333333335 0.0075 0.2966666666666667 0.0075 0.255 0.01 0.24666666666666667 0.0125 0.18666666666666668 0.015 0.18
2 0.39375 0.325 0.43875 0.3333333333333333 0.51 0.3383333333333333 0.515 0.3433333333333333 0.51625 0.41 0.51375 0.415 0.515 0.435 0.5125 0.44166666666666665 0.51125 0.49666666666666665 0.50875 0.5083333333333333 0.49125 0.51 0.47 0.5066666666666667 0.44375 0.5066666666666667 0.42875 0.5033333333333333 0.38375 0.5016666666666667 0.38 0.49833333333333335 0.37875 0.47 0.38125 0.425 0.38375 0.415 0.3825 0.3933333333333333 0.385 0.35 0.3875 0.33 0.3925 0.32666666666666666
2 0.39625 0.5133333333333333 0.4425 0.5166666666666667 0.44875 0.52 0.49125 0.5216666666666666 0.5025 0.5233333333333333 0.50625 0.5266666666666666 0.50875 0.5383333333333333 0.50625 0.56 0.50625 0.6166666666666667 0.50125 0.6866666666666666 0.49875 0.695 0.4375 0.6933333333333334 0.39 0.6883333333333334 0.38625 0.69 0.37375 0.6883333333333334 0.37 0.6833333333333333 0.37 0.6483333333333333 0.37625 0.5166666666666667 0.3825 0.5116666666666667 0.395 0.5133333333333333
2 0.095 0.4866666666666667 0.22 0.5 0.21875 0.57 0.2175 0.6033333333333334 0.215 0.6166666666666667 0.21375 0.6666666666666666 0.20875 0.675 0.14875 0.675 0.0975 0.6716666666666666 0.07625 0.6683333333333333 0.0725 0.6633333333333333 0.0725 0.6183333333333333 0.075 0.56 0.07875 0.5233333333333333 0.07875 0.49833333333333335 0.08125 0.48833333333333334 0.09375 0.4866666666666667
2 0.2325 0.5016666666666667 0.23875 0.5 0.26 0.5033333333333333 0.29625 0.5033333333333333 0.32 0.5083333333333333 0.3625 0.51 0.36875 0.515 0.3625 0.6533333333333333 0.36 0.6733333333333333 0.35625 0.685 0.2825 0.685 0.2725 0.6816666666666666 0.235 0.6783333333333333 0.2275 0.68 0.22375 0.6733333333333333 0.2275 0.5583333333333333 0.23 0.5383333333333333 0.23 0.515 0.2325 0.5033333333333333
2 0.15375 0.295 0.16625 0.29833333333333334 0.18125 0.29833333333333334 0.18625 0.3016666666666667 0.1975 0.3016666666666667 0.20625 0.305 0.22125 0.305 0.23 0.30833333333333335 0.2325 0.31333333333333335 0.22875 0.3516666666666667 0.2275 0.4083333333333333 0.225 0.43333333333333335 0.22625 0.46 0.22375 0.4633333333333333 0.22375 0.47333333333333333 0.22125 0.4816666666666667 0.21 0.485 0.1625 0.48 0.12875 0.48 0.11875 0.4766666666666667 0.085 0.47333333333333333 0.08125 0.4666666666666667 0.08125 0.44166666666666665 0.08375 0.425 0.0825 0.39 0.0875 0.3616666666666667 0.08625 0.3466666666666667 0.08875 0.34 0.08875 0.2966666666666667 0.09625 0.2916666666666667 0.1175 0.295 0.1525 0.295
2 0.2525 0.30833333333333335 0.27125 0.31166666666666665 0.29625 0.31166666666666665 0.325 0.31833333333333336 0.37375 0.3233333333333333 0.3775 0.3333333333333333 0.375 0.355 0.375 0.39666666666666667 0.3725 0.41333333333333333 0.37375 0.42 0.37125 0.4766666666666667 0.37 0.49 0.36625 0.49666666666666665 0.2825 0.49333333333333335 0.2375 0.48833333333333334 0.23375 0.48333333333333334 0.2325 0.465 0.2375 0.395 0.23875 0.31333333333333335 0.2425 0.30833333333333335 0.25125 0.30833333333333335
2 0.1425 0.685 0.2 0.69 0.20875 0.6916666666666667 0.21125 0.695 0.20375 0.8616666666666667 0.2 0.8683333333333333 0.15125 0.87 0.11 0.865 0.07 0.865 0.06375 0.8616666666666667 0.0625 0.8533333333333334 0.06625 0.81 0.06625 0.745 0.06875 0.7383333333333333 0.07 0.6966666666666667 0.0725 0.685 0.0775 0.6816666666666666 0.14125 0.685
2 0.41 0.7016666666666667 0.4525 0.7066666666666667 0.48625 0.7066666666666667 0.4975 0.71 0.49875 0.74 0.4975 0.7783333333333333 0.495 0.7916666666666666 0.49625 0.805 0.49375 0.8733333333333333 0.49 0.8783333333333333 0.485 0.88 0.435 0.88 0.3625 0.875 0.36125 0.835 0.36875 0.7033333333333334 0.37125 0.7 0.40875 0.7016666666666667
2 0.27625 0.6933333333333334 0.3525 0.6983333333333334 0.35625 0.7016666666666667 0.35625 0.7633333333333333 0.35375 0.775 0.355 0.7983333333333333 0.3525 0.8166666666666667 0.35125 0.865 0.34875 0.8716666666666667 0.335 0.875 0.235 0.8716666666666667 0.22 0.87 0.21625 0.8666666666666667 0.215 0.8433333333333334 0.2175 0.825 0.21625 0.8133333333333334 0.22 0.7733333333333333 0.21875 0.7566666666666667 0.2225 0.6966666666666667 0.23 0.6916666666666667 0.275 0.6933333333333334
3 0.10375 0.2816666666666667 0.14375 0.28833333333333333 0.1575 0.28833333333333333 0.16375 0.2916666666666667 0.28375 0.30333333333333334 0.28875 0.30666666666666664 0.3 0.30833333333333335 0.38125 0.31333333333333335 0.40875 0.31666666666666665 0.4125 0.32 0.425 0.32166666666666666 0.44875 0.32166666666666666 0.4675 0.32666666666666666 0.50375 0.3283333333333333 0.515 0.33 0.52125 0.335 0.5225 0.3933333333333333 0.52 0.415 0.52125 0.4216666666666667 0.5175 0.4716666666666667 0.5175 0.49833333333333335 0.51375 0.5266666666666666 0.515 0.545 0.5125 0.56 0.51375 0.5766666666666667 0.51125 0.5866666666666667 0.51 0.6083333333333333 0.51 0.65 0.50875 0.6833333333333333 0.50625 0.6983333333333334 0.50625 0.755 0.5025 0.7883333333333333 0.50375 0.8016666666666666 0.50125 0.8533333333333334 0.4975 0.8833333333333333 0.4925 0.8883333333333333 0.165 0.8783333333333333 0.1325 0.875 0.11875 0.8766666666666667 0.05625 0.8716666666666667 0.055 0.845 0.06125 0.745 0.06125 0.7116666666666667 0.06375 0.695 0.06375 0.6383333333333333 0.06625 0.62 0.07 0.5216666666666666 0.0725 0.5083333333333333 0.07125 0.5 0.0775 0.3933333333333333 0.07625 0.38666666666666666 0.07875 0.38 0.07875 0.35833333333333334 0.08125 0.345 0.0825 0.295 0.08625 0.2833333333333333 0.1025 0.2816666666666667