4 0.70625 0.05 0.71875 0.058333333333333334 0.72625 0.07833333333333334 0.72625 0.09 0.7225 0.105 0.715 0.11666666666666667 0.7075 0.12 0.6925 0.12 0.6825 0.115 0.675 0.105 0.67125 0.09 0.67125 0.07833333333333334 0.68125 0.055 0.68875 0.05 0.705 0.05
4 0.7175 0.22833333333333333 0.725 0.23833333333333334 0.72875 0.24833333333333332 0.73 0.2683333333333333 0.72625 0.28 0.71875 0.2916666666666667 0.70625 0.2966666666666667 0.6975 0.2966666666666667 0.69 0.29333333333333333 0.68 0.2816666666666667 0.675 0.265 0.675 0.25 0.67875 0.24 0.685 0.23166666666666666 0.6925 0.22666666666666666 0.70875 0.225 0.71625 0.22833333333333333
4 0.44375 0.3933333333333333 0.4525 0.3983333333333333 0.45875 0.4066666666666667 0.46375 0.42333333333333334 0.46375 0.43833333333333335 0.45625 0.455 0.4475 0.4633333333333333 0.44 0.4666666666666667 0.42625 0.465 0.42 0.46166666666666667 0.41 0.445 0.4075 0.425 0.41125 0.41 0.42 0.3983333333333333 0.42875 0.3933333333333333 0.4425 0.3933333333333333
4 0.71875 0.4033333333333333 0.72375 0.4066666666666667 0.73125 0.42 0.7325 0.44166666666666665 0.72625 0.46 0.72125 0.4666666666666667 0.71125 0.4716666666666667 0.6975 0.4716666666666667 0.69 0.4666666666666667 0.67875 0.45 0.6775 0.43833333333333335 0.68 0.41833333333333333 0.6825 0.4116666666666667 0.69 0.4033333333333333 0.7025 0.3983333333333333 0.7175 0.4033333333333333
0 0.1725 0.7583333333333333 0.18875 0.7683333333333333 0.19875 0.79 0.19875 0.8066666666666666 0.195 0.8183333333333334 0.18625 0.8316666666666667 0.17625 0.8366666666666667 0.16 0.8366666666666667 0.15375 0.8333333333333334 0.14625 0.825 0.14 0.8116666666666666 0.14 0.7916666666666666 0.14625 0.775 0.155 0.765 0.17125 0.7583333333333333
0 0.1775 0.22333333333333333 0.18875 0.23 0.2 0.24666666666666667 0.19875 0.2783333333333333 0.195 0.2866666666666667 0.1825 0.29333333333333333 0.16625 0.29333333333333333 0.15625 0.28833333333333333 0.14875 0.28 0.1475 0.2683333333333333 0.14375 0.25833333333333336 0.14625 0.24166666666666667 0.15625 0.22833333333333333 0.165 0.22333333333333333 0.17625 0.22333333333333333
0 0.185 0.5783333333333334 0.1925 0.5833333333333334 0.19875 0.595 0.2 0.6283333333333333 0.19375 0.6416666666666667 0.1875 0.6483333333333333 0.17875 0.6516666666666666 0.1625 0.6516666666666666 0.15 0.6433333333333333 0.14125 0.6233333333333333 0.14125 0.6083333333333333 0.145 0.5966666666666667 0.1575 0.58 0.16375 0.5766666666666667 0.18375 0.5783333333333334
0 0.185 0.05333333333333334 0.195 0.06166666666666667 0.2 0.07333333333333333 0.2025 0.08666666666666667 0.2 0.10333333333333333 0.195 0.115 0.1825 0.12333333333333334 0.16625 0.12333333333333334 0.15875 0.12 0.1475 0.10166666666666667 0.14625 0.08 0.15 0.06833333333333333 0.1575 0.058333333333333334 0.165 0.05333333333333334 0.18375 0.05333333333333334
0 0.17875 0.3983333333333333 0.19 0.405 0.1975 0.415 0.2 0.4216666666666667 0.2 0.445 0.19625 0.45666666666666667 0.19125 0.4633333333333333 0.17625 0.47 0.16125 0.4683333333333333 0.1525 0.4633333333333333 0.14375 0.44666666666666666 0.14375 0.42833333333333334 0.14625 0.41833333333333333 0.15625 0.4033333333333333 0.16375 0.3983333333333333 0.1775 0.3983333333333333
1 0.69 0.05333333333333334 0.70625 0.05333333333333334 0.71375 0.056666666666666664 0.72 0.065 0.72375 0.09333333333333334 0.72 0.10666666666666667 0.7125 0.12 0.7125 0.13166666666666665 0.715 0.14 0.7175 0.195 0.715 0.22666666666666666 0.72375 0.24 0.72875 0.25666666666666665 0.7275 0.27166666666666667 0.7225 0.285 0.71625 0.29333333333333333 0.71875 0.345 0.71875 0.3933333333333333 0.71625 0.4 0.7275 0.41333333333333333 0.7325 0.42833333333333334 0.73125 0.445 0.7175 0.47 0.72125 0.48833333333333334 0.72125 0.5833333333333334 0.72375 0.6283333333333333 0.7225 0.6466666666666666 0.725 0.685 0.72375 0.6933333333333334 0.72625 0.7666666666666667 0.725 0.8233333333333334 0.71625 0.8266666666666667 0.5225 0.8266666666666667 0.39 0.83 0.31375 0.8283333333333334 0.25 0.8316666666666667 0.19625 0.8316666666666667 0.1925 0.8283333333333334 0.1875 0.8283333333333334 0.1775 0.8333333333333334 0.165 0.835 0.15375 0.83 0.1425 0.8133333333333334 0.14375 0.7866666666666666 0.15 0.7766666666666666 0.15 0.7733333333333333 0.16 0.7616666666666667 0.1575 0.7583333333333333 0.15625 0.745 0.1575 0.65 0.14625 0.6316666666666667 0.1425 0.6183333333333333 0.14625 0.595 0.16 0.5766666666666667 0.15875 0.5166666666666667 0.16125 0.4683333333333333 0.15 0.45666666666666667 0.145 0.44166666666666665 0.145 0.425 0.1475 0.4166666666666667 0.16125 0.4 0.16 0.36833333333333335 0.1625 0.29333333333333333 0.15 0.28 0.14625 0.26166666666666666 0.1475 0.245 0.15375 0.23333333333333334 0.16375 0.22333333333333333 0.16125 0.215 0.16375 0.12333333333333334 0.15 0.10166666666666667 0.15 0.08 0.1525 0.07333333333333333 0.155 0.07166666666666667 0.1575 0.075 0.16125 0.07 0.16 0.06666666666666667 0.16375 0.06333333333333334 0.1625 0.06 0.16625 0.056666666666666664 0.1775 0.056666666666666664 0.1925 0.06333333333333334 0.19125 0.06666666666666667 0.195 0.07 0.195 0.075 0.2025 0.085 0.22625 0.08666666666666667 0.24625 0.08666666666666667 0.25 0.08333333333333333 0.29 0.08333333333333333 0.295 0.08666666666666667 0.31125 0.08666666666666667 0.3225 0.08333333333333333 0.345 0.08333333333333333 0.365 0.08666666666666667 0.3775 0.08666666666666667 0.3825 0.08333333333333333 0.415 0.08666666666666667 0.4875 0.08333333333333333 0.5025 0.08666666666666667 0.50625 0.08333333333333333 0.66125 0.08166666666666667 0.665 0.08666666666666667 0.67125 0.08833333333333333 0.6775 0.07166666666666667 0.67875 0.06 0.685 0.056666666666666664 0.68875 0.058333333333333334 0.69 0.055
2 0.6 0.17833333333333334 0.6375 0.18 0.64125 0.18666666666666668 0.64125 0.23833333333333334 0.64375 0.2633333333333333 0.6425 0.2783333333333333 0.645 0.2916666666666667 0.64375 0.34 0.63875 0.34833333333333333 0.63375 0.35 0.54125 0.35 0.5175 0.34833333333333333 0.515 0.3416666666666667 0.515 0.18666666666666668 0.52 0.18166666666666667 0.54125 0.18166666666666667 0.55375 0.17833333333333334 0.59875 0.17833333333333334
2 0.4525 0.17833333333333334 0.49125 0.18 0.5 0.18166666666666667 0.5025 0.185 0.50625 0.31666666666666665 0.50375 0.345 0.50125 0.34833333333333333 0.495 0.35 0.3875 0.35 0.37875 0.3466666666666667 0.37625 0.2966666666666667 0.3775 0.185 0.3825 0.18166666666666667 0.405 0.18 0.45125 0.18
2 0.31375 0.17833333333333334 0.36125 0.18166666666666667 0.36625 0.18666666666666668 0.36625 0.34833333333333333 0.27875 0.3516666666666667 0.25125 0.3516666666666667 0.23875 0.34833333333333333 0.23625 0.33666666666666667 0.23625 0.27666666666666667 0.23375 0.25666666666666665 0.2375 0.22333333333333333 0.23625 0.18666666666666668 0.24125 0.18 0.285 0.18 0.2875 0.17666666666666667 0.3125 0.17833333333333334
2 0.5825 0.3616666666666667 0.64125 0.36333333333333334 0.645 0.38666666666666666 0.64375 0.3983333333333333 0.64625 0.435 0.64625 0.5216666666666666 0.645 0.5283333333333333 0.6375 0.5333333333333333 0.56125 0.535 0.52125 0.5333333333333333 0.5175 0.53 0.515 0.49 0.515 0.37 0.52 0.3616666666666667 0.5525 0.365 0.56375 0.3616666666666667 0.58125 0.3616666666666667
2 0.2675 0.3616666666666667 0.3625 0.3616666666666667 0.3675 0.36833333333333335 0.3675 0.53 0.365 0.5333333333333333 0.31375 0.5366666666666666 0.24125 0.5366666666666666 0.23625 0.53 0.235 0.47833333333333333 0.2375 0.435 0.2375 0.37166666666666665 0.23875 0.365 0.2425 0.3616666666666667 0.26625 0.3616666666666667
2 0.35125 0.5483333333333333 0.365 0.55 0.3675 0.555 0.3675 0.72 0.365 0.7233333333333334 0.355 0.725 0.23875 0.725 0.235 0.72 0.23375 0.66 0.2375 0.55 0.35 0.5483333333333333
2 0.64 0.545 0.64375 0.5466666666666666 0.64625 0.5516666666666666 0.64875 0.63 0.6475 0.6433333333333333 0.65 0.6733333333333333 0.64875 0.7183333333333334 0.64625 0.7216666666666667 0.64 0.7233333333333334 0.57 0.725 0.52375 0.7216666666666667 0.51875 0.7166666666666667 0.51625 0.57 0.5175 0.5533333333333333 0.52125 0.5483333333333333 0.57375 0.55 0.5875 0.5466666666666666 0.61625 0.5483333333333333 0.63875 0.545
2 0.375 0.39 0.37625 0.375 0.37875 0.36666666666666664 0.3825 0.36333333333333334 0.5025 0.3616666666666667 0.50625 0.36833333333333335 0.5075 0.5266666666666666 0.505 0.5316666666666666 0.50125 0.5333333333333333 0.38 0.5333333333333333 0.3775 0.5283333333333333 0.37625 0.39166666666666666
2 0.37875 0.5516666666666666 0.38625 0.5483333333333333 0.505 0.5466666666666666 0.5075 0.5516666666666666 0.5075 0.6166666666666667 0.51 0.6566666666666666 0.50875 0.7183333333333334 0.505 0.7216666666666667 0.47125 0.725 0.38 0.7233333333333334 0.3775 0.7183333333333334 0.37625 0.6883333333333334 0.37625 0.6033333333333334 0.37875 0.5533333333333333
3 0.22875 0.26166666666666666 0.23 0.175 0.2325 0.17166666666666666 0.64625 0.17166666666666666 0.64875 0.19166666666666668 0.6475 0.2633333333333333 0.65 0.28833333333333333 0.65 0.38333333333333336 0.65125 0.4266666666666667 0.65375 0.44 0.65125 0.4683333333333333 0.65125 0.5133333333333333 0.65375 0.5183333333333333 0.6525 0.5633333333333334 0.655 0.6433333333333333 0.655 0.725 0.65375 0.7283333333333334 0.64875 0.73 0.4175 0.73 0.39 0.7333333333333333 0.23125 0.7333333333333333 0.22875 0.73 0.2275 0.645 0.23 0.6133333333333333 0.22875 0.5116666666666667 0.23125 0.445 0.23 0.2633333333333333