0 0.41625 0.6316666666666667 0.43 0.64 0.43625 0.65 0.44 0.6633333333333333 0.43875 0.6866666666666666 0.42875 0.7016666666666667 0.4175 0.7083333333333334 0.4075 0.7083333333333334 0.395 0.7016666666666667 0.38875 0.6933333333333334 0.38375 0.6816666666666666 0.38375 0.6616666666666666 0.39 0.645 0.4 0.635 0.415 0.6316666666666667
0 0.3075 0.25666666666666665 0.315 0.265 0.32 0.275 0.32125 0.295 0.31875 0.30833333333333335 0.315 0.31666666666666665 0.30125 0.325 0.28625 0.325 0.27875 0.32 0.26875 0.30666666666666664 0.265 0.295 0.265 0.2833333333333333 0.26875 0.27 0.28125 0.255 0.2975 0.25166666666666665 0.30625 0.25666666666666665
0 0.30375 0.6066666666666667 0.31375 0.615 0.3175 0.6233333333333333 0.31875 0.6533333333333333 0.315 0.6666666666666666 0.30875 0.675 0.30125 0.68 0.28375 0.68 0.27375 0.675 0.26625 0.6633333333333333 0.2625 0.6533333333333333 0.26125 0.6416666666666667 0.265 0.625 0.2775 0.6083333333333333 0.285 0.605 0.3025 0.6066666666666667
0 0.29625 0.4266666666666667 0.30875 0.43333333333333335 0.3175 0.445 0.32 0.455 0.3175 0.48333333333333334 0.3125 0.49166666666666664 0.30125 0.5 0.28875 0.5 0.27625 0.495 0.265 0.4766666666666667 0.265 0.4533333333333333 0.2675 0.445 0.28 0.43 0.295 0.4266666666666667
0 0.3025 0.08 0.31375 0.085 0.31875 0.09166666666666666 0.32625 0.11333333333333333 0.32625 0.12333333333333334 0.3225 0.12833333333333333 0.31875 0.14 0.3125 0.15 0.30625 0.15333333333333332 0.2875 0.15333333333333332 0.2825 0.15 0.27625 0.13666666666666666 0.27 0.13 0.26875 0.12333333333333334 0.26875 0.10833333333333334 0.27125 0.09666666666666666 0.28625 0.08166666666666667 0.30125 0.08
4 0.58875 0.25166666666666665 0.6 0.26666666666666666 0.6025 0.285 0.59875 0.30333333333333334 0.59125 0.31333333333333335 0.58 0.32 0.5675 0.32 0.55875 0.315 0.5525 0.30666666666666664 0.5475 0.295 0.54625 0.27666666666666667 0.5525 0.26 0.5625 0.25 0.57625 0.24666666666666667 0.5875 0.25166666666666665
4 0.57 0.43 0.58 0.44166666666666665 0.58375 0.45166666666666666 0.585 0.4683333333333333 0.58125 0.4816666666666667 0.5725 0.49333333333333335 0.56375 0.5 0.545 0.49833333333333335 0.5325 0.485 0.52875 0.47333333333333333 0.52875 0.45166666666666666 0.535 0.43833333333333335 0.54625 0.42833333333333334 0.56375 0.4266666666666667 0.56875 0.43
4 0.8375 0.435 0.8475 0.43833333333333335 0.85625 0.445 0.86375 0.4633333333333333 0.86375 0.475 0.85875 0.49333333333333335 0.85 0.505 0.84125 0.51 0.82625 0.51 0.8175 0.505 0.80875 0.49333333333333335 0.805 0.4766666666666667 0.80625 0.46166666666666667 0.8125 0.445 0.825 0.43666666666666665 0.83625 0.435
4 0.84625 0.08 0.85875 0.09666666666666666 0.86 0.11833333333333333 0.85625 0.13166666666666665 0.845 0.145 0.8375 0.14833333333333334 0.82375 0.14833333333333334 0.81375 0.14166666666666666 0.805 0.12833333333333333 0.8025 0.10333333333333333 0.80625 0.09166666666666666 0.81625 0.08 0.82375 0.07666666666666666 0.84 0.07666666666666666 0.845 0.08
1 0.835 0.07833333333333334 0.84875 0.085 0.855 0.095 0.85625 0.10166666666666667 0.85625 0.12666666666666668 0.84125 0.14666666666666667 0.84375 0.18 0.8425 0.22666666666666666 0.845 0.23666666666666666 0.84375 0.2916666666666667 0.84625 0.30333333333333334 0.84375 0.3983333333333333 0.845 0.43666666666666665 0.85875 0.45166666666666666 0.8625 0.46166666666666667 0.86125 0.4866666666666667 0.845 0.51 0.845 0.6016666666666667 0.8475 0.6716666666666666 0.8475 0.8583333333333333 0.84625 0.8633333333333333 0.8425 0.8666666666666667 0.27625 0.8516666666666667 0.2725 0.85 0.27125 0.8466666666666667 0.2725 0.7333333333333333 0.275 0.685 0.27375 0.6733333333333333 0.265 0.6566666666666666 0.2625 0.6433333333333333 0.26375 0.63 0.275 0.6083333333333333 0.275 0.54 0.2775 0.495 0.2675 0.4766666666666667 0.26625 0.45166666666666666 0.27 0.44166666666666665 0.27875 0.43 0.2775 0.36666666666666664 0.28 0.33666666666666667 0.27875 0.31833333333333336 0.26625 0.29833333333333334 0.26625 0.2816666666666667 0.275 0.265 0.275 0.26166666666666666 0.28 0.255 0.28 0.17166666666666666 0.2825 0.15 0.27125 0.13166666666666665 0.2725 0.105 0.2775 0.09166666666666666 0.2925 0.08333333333333333 0.30875 0.085 0.3175 0.09666666666666666 0.3175 0.10166666666666667 0.3275 0.11 0.48 0.10833333333333334 0.4875 0.11166666666666666 0.49375 0.10833333333333334 0.525 0.10666666666666667 0.765 0.10666666666666667 0.8 0.105 0.80625 0.09333333333333334 0.8175 0.08166666666666667 0.83375 0.07833333333333334
2 0.62125 0.20833333333333334 0.62375 0.21333333333333335 0.625 0.27666666666666667 0.62375 0.37166666666666665 0.62125 0.37666666666666665 0.6175 0.37833333333333335 0.49625 0.37666666666666665 0.49375 0.37166666666666665 0.4925 0.2966666666666667 0.49375 0.21833333333333332 0.4975 0.20833333333333334 0.55875 0.205 0.6 0.205 0.62 0.20833333333333334
2 0.62125 0.39166666666666666 0.62375 0.395 0.625 0.47333333333333333 0.62375 0.5583333333333333 0.6225 0.5633333333333334 0.61875 0.565 0.495 0.5633333333333334 0.4925 0.56 0.49125 0.5383333333333333 0.49125 0.42 0.49375 0.3933333333333333 0.5 0.39 0.62 0.39166666666666666
2 0.76125 0.205 0.76625 0.21166666666666667 0.7675 0.3616666666666667 0.76625 0.375 0.76375 0.37833333333333335 0.75125 0.38 0.65 0.37833333333333335 0.63625 0.375 0.63375 0.34833333333333333 0.6325 0.2916666666666667 0.63375 0.22 0.63625 0.20833333333333334 0.64875 0.20666666666666667 0.76 0.205
2 0.3625 0.205 0.39 0.20833333333333334 0.44125 0.205 0.47625 0.20666666666666667 0.48375 0.21 0.485 0.3233333333333333 0.4825 0.375 0.35625 0.375 0.35375 0.3616666666666667 0.35375 0.2916666666666667 0.35125 0.275 0.355 0.24166666666666667 0.355 0.21666666666666667 0.35625 0.21166666666666667 0.36125 0.20666666666666667
2 0.75125 0.39 0.7625 0.39166666666666666 0.76625 0.3983333333333333 0.7675 0.41 0.76875 0.49166666666666664 0.76625 0.565 0.7625 0.5683333333333334 0.645 0.5666666666666667 0.6375 0.565 0.63375 0.56 0.6325 0.445 0.635 0.39666666666666667 0.64 0.39166666666666666 0.65625 0.39 0.75 0.39166666666666666
2 0.38375 0.5633333333333334 0.355 0.5616666666666666 0.3525 0.5583333333333333 0.35125 0.42833333333333334 0.35375 0.41833333333333333 0.355 0.39166666666666666 0.38 0.3883333333333333 0.46375 0.3883333333333333 0.48 0.39 0.4825 0.3933333333333333 0.48375 0.5333333333333333 0.48125 0.56 0.4675 0.5633333333333334 0.385 0.5616666666666666
2 0.62125 0.58 0.62375 0.5833333333333334 0.62375 0.7483333333333333 0.62125 0.7533333333333333 0.61625 0.755 0.50875 0.7533333333333333 0.4925 0.75 0.49 0.7383333333333333 0.49 0.6733333333333333 0.4925 0.6433333333333333 0.49125 0.5933333333333334 0.495 0.5783333333333334 0.58 0.5766666666666667 0.62 0.58
2 0.365 0.5733333333333334 0.47375 0.575 0.48125 0.5783333333333334 0.4825 0.7116666666666667 0.48125 0.7483333333333333 0.4775 0.7516666666666667 0.385 0.7516666666666667 0.3575 0.75 0.35 0.7466666666666667 0.35125 0.7416666666666667 0.34875 0.65 0.3525 0.5983333333333334 0.35125 0.5783333333333334 0.355 0.5733333333333334 0.36375 0.5733333333333334
2 0.68 0.5783333333333334 0.75625 0.58 0.76625 0.5833333333333334 0.76875 0.6483333333333333 0.76875 0.7533333333333333 0.76625 0.7583333333333333 0.7625 0.76 0.67 0.7583333333333333 0.64 0.7566666666666667 0.635 0.7533333333333333 0.6325 0.7366666666666667 0.63375 0.5866666666666667 0.63875 0.58 0.67875 0.5783333333333334
3 0.765 0.195 0.77125 0.19666666666666666 0.77375 0.20333333333333334 0.7725 0.345 0.775 0.375 0.775 0.7633333333333333 0.7725 0.7683333333333333 0.7125 0.7683333333333333 0.5575 0.7616666666666667 0.525 0.7633333333333333 0.49125 0.76 0.47625 0.7616666666666667 0.34875 0.7583333333333333 0.345 0.7566666666666667 0.3425 0.7516666666666667 0.34375 0.615 0.34625 0.585 0.345 0.4633333333333333 0.3475 0.445 0.34625 0.2966666666666667 0.34875 0.19833333333333333 0.63125 0.19833333333333333 0.76375 0.195