0 0.41625 0.6316666666666667 0.43 0.64 0.43625 0.65 0.44 0.6633333333333333 0.44 0.68 0.43625 0.6916666666666667 0.425 0.705 0.41625 0.7083333333333334 0.4025 0.7066666666666667 0.395 0.7016666666666667 0.38875 0.6933333333333334 0.38375 0.6816666666666666 0.38375 0.6616666666666666 0.39 0.645 0.40375 0.6333333333333333 0.415 0.6316666666666667
0 0.29625 0.4266666666666667 0.30875 0.43333333333333335 0.3175 0.445 0.32 0.455 0.3175 0.48333333333333334 0.3125 0.49166666666666664 0.30125 0.5 0.28875 0.5 0.28 0.49666666666666665 0.275 0.49333333333333335 0.265 0.4766666666666667 0.265 0.4533333333333333 0.26875 0.44333333333333336 0.2825 0.42833333333333334 0.295 0.4266666666666667
0 0.2975 0.25166666666666665 0.3075 0.25666666666666665 0.31875 0.27166666666666667 0.32125 0.28 0.32125 0.295 0.31875 0.30833333333333335 0.31375 0.31833333333333336 0.29375 0.32666666666666666 0.27875 0.32 0.27125 0.31 0.26625 0.3 0.265 0.2833333333333333 0.26875 0.27 0.27875 0.25666666666666665 0.28375 0.25333333333333335 0.29625 0.25166666666666665
0 0.30125 0.605 0.31375 0.615 0.3175 0.6233333333333333 0.32 0.64 0.31875 0.655 0.315 0.6666666666666666 0.30875 0.675 0.3 0.68 0.285 0.68 0.27375 0.675 0.26875 0.6683333333333333 0.2625 0.6533333333333333 0.26375 0.6283333333333333 0.275 0.61 0.28375 0.605 0.3 0.605
0 0.31125 0.08333333333333333 0.32125 0.09666666666666666 0.325 0.10666666666666667 0.32625 0.12333333333333334 0.315 0.14666666666666667 0.30375 0.15333333333333332 0.29 0.15333333333333332 0.2825 0.15 0.27 0.13 0.26875 0.10833333333333334 0.27125 0.09666666666666666 0.28625 0.08166666666666667 0.3025 0.08 0.31 0.08333333333333333
1 0.8425 0.08166666666666667 0.84875 0.085 0.855 0.095 0.85625 0.12 0.85625 0.12666666666666668 0.83875 0.15 0.84125 0.15333333333333332 0.83875 0.15666666666666668 0.8425 0.16333333333333333 0.84375 0.18166666666666667 0.84375 0.435 0.8575 0.45 0.8625 0.46166666666666667 0.86125 0.4866666666666667 0.845 0.5083333333333333 0.845 0.6033333333333334 0.8475 0.6816666666666666 0.84625 0.7583333333333333 0.84875 0.8266666666666667 0.8475 0.8583333333333333 0.84625 0.8633333333333333 0.8425 0.8666666666666667 0.52875 0.8566666666666667 0.4975 0.8583333333333333 0.27625 0.8516666666666667 0.2725 0.85 0.27125 0.8466666666666667 0.2725 0.7333333333333333 0.275 0.685 0.27375 0.6733333333333333 0.265 0.6566666666666666 0.2625 0.64 0.26375 0.6316666666666667 0.2675 0.6216666666666667 0.27375 0.6133333333333333 0.275 0.6066666666666667 0.275 0.5483333333333333 0.2775 0.5033333333333333 0.27625 0.49333333333333335 0.2675 0.4766666666666667 0.26625 0.4533333333333333 0.26875 0.445 0.27875 0.43166666666666664 0.2775 0.36833333333333335 0.28 0.3233333333333333 0.2775 0.315 0.26625 0.29833333333333334 0.26625 0.2833333333333333 0.275 0.26166666666666666 0.28 0.255 0.28 0.17333333333333334 0.2825 0.15 0.2775 0.13833333333333334 0.27125 0.13166666666666665 0.2725 0.105 0.275 0.09666666666666666 0.28 0.09 0.2925 0.08333333333333333 0.30875 0.085 0.31625 0.095 0.3175 0.10166666666666667 0.32625 0.10833333333333334 0.3275 0.11166666666666666 0.3375 0.10833333333333334 0.48 0.10833333333333334 0.4875 0.11333333333333333 0.49375 0.10833333333333334 0.53125 0.10666666666666667 0.8 0.10666666666666667 0.81125 0.08833333333333333 0.82125 0.08 0.84125 0.08166666666666667
2 0.35125 0.7483333333333333 0.35 0.63 0.3525 0.5983333333333334 0.35125 0.5783333333333334 0.355 0.5733333333333334 0.48 0.5766666666666667 0.4825 0.5833333333333334 0.4825 0.73 0.48125 0.7466666666666667 0.47875 0.75 0.47125 0.7516666666666667 0.3975 0.7516666666666667 0.3525 0.7483333333333333
2 0.59875 0.205 0.61875 0.20666666666666667 0.62375 0.21333333333333335 0.62375 0.37 0.6225 0.375 0.6175 0.37833333333333335 0.5175 0.37833333333333335 0.49625 0.37666666666666665 0.49375 0.37166666666666665 0.49375 0.22 0.49625 0.21 0.51625 0.20666666666666667 0.5975 0.205
2 0.6225 0.3933333333333333 0.625 0.4716666666666667 0.62375 0.5583333333333333 0.6225 0.5633333333333334 0.6175 0.565 0.495 0.5633333333333334 0.4925 0.5583333333333333 0.49125 0.5383333333333333 0.49125 0.4216666666666667 0.49375 0.395 0.49625 0.39166666666666666 0.5025 0.39 0.61625 0.39 0.62125 0.3933333333333333
2 0.75875 0.205 0.76625 0.21166666666666667 0.76625 0.37166666666666665 0.7625 0.37833333333333335 0.7475 0.38 0.65375 0.37666666666666665 0.65 0.37833333333333335 0.63625 0.375 0.63375 0.34833333333333333 0.63375 0.22 0.635 0.21166666666666667 0.6375 0.20833333333333334 0.7575 0.205
2 0.44 0.205 0.475 0.20666666666666667 0.48125 0.20833333333333334 0.48375 0.21166666666666667 0.485 0.31666666666666665 0.48375 0.37 0.48 0.37666666666666665 0.35875 0.37666666666666665 0.355 0.37166666666666665 0.35375 0.2966666666666667 0.35125 0.275 0.355 0.245 0.35625 0.21166666666666667 0.36125 0.20666666666666667 0.405 0.20833333333333334 0.43875 0.205
2 0.67 0.39 0.7625 0.39166666666666666 0.765 0.395 0.76875 0.4766666666666667 0.7675 0.5583333333333333 0.76625 0.565 0.76125 0.5683333333333334 0.65125 0.5666666666666667 0.635 0.5633333333333334 0.6325 0.49666666666666665 0.6325 0.445 0.635 0.4083333333333333 0.63375 0.40166666666666667 0.635 0.39666666666666667 0.64 0.39166666666666666 0.66875 0.39
2 0.46375 0.3883333333333333 0.48 0.39 0.4825 0.3933333333333333 0.48375 0.4483333333333333 0.4825 0.5533333333333333 0.47875 0.5616666666666666 0.46625 0.5633333333333334 0.355 0.5616666666666666 0.3525 0.5566666666666666 0.35125 0.4583333333333333 0.355 0.39166666666666666 0.38375 0.3883333333333333 0.4625 0.3883333333333333
2 0.58125 0.5766666666666667 0.61375 0.5783333333333334 0.62125 0.58 0.62375 0.5833333333333334 0.62375 0.7466666666666667 0.62125 0.7533333333333333 0.615 0.755 0.51125 0.7533333333333333 0.49625 0.7516666666666667 0.49125 0.7466666666666667 0.49 0.67 0.4925 0.65 0.49125 0.5933333333333334 0.49375 0.58 0.53 0.5766666666666667 0.58 0.5766666666666667
2 0.67875 0.5783333333333334 0.765 0.5816666666666667 0.7675 0.5983333333333334 0.76625 0.6233333333333333 0.76875 0.65 0.76875 0.7033333333333334 0.7675 0.7566666666666667 0.76125 0.76 0.67 0.7583333333333333 0.64 0.7566666666666667 0.635 0.7533333333333333 0.6325 0.7383333333333333 0.63375 0.5866666666666667 0.63625 0.5816666666666667 0.64 0.58 0.6775 0.5783333333333334
4 0.5775 0.24666666666666667 0.59125 0.25333333333333335 0.5975 0.26166666666666666 0.6025 0.2816666666666667 0.59875 0.30333333333333334 0.59125 0.31333333333333335 0.58 0.32 0.5625 0.31833333333333336 0.5525 0.30666666666666664 0.54625 0.29 0.54625 0.27666666666666667 0.5525 0.26 0.5625 0.25 0.57625 0.24666666666666667
4 0.57 0.43 0.58 0.44166666666666665 0.58375 0.45166666666666666 0.585 0.4683333333333333 0.58125 0.4816666666666667 0.57125 0.495 0.56375 0.5 0.54875 0.5 0.54 0.495 0.5325 0.485 0.52875 0.475 0.5275 0.46 0.53125 0.445 0.5425 0.43 0.55 0.4266666666666667 0.56375 0.4266666666666667 0.56875 0.43
4 0.8375 0.435 0.8525 0.44166666666666665 0.86 0.45166666666666666 0.86375 0.4633333333333333 0.8625 0.4816666666666667 0.85625 0.49833333333333335 0.85 0.505 0.84 0.51 0.82625 0.51 0.8175 0.505 0.80875 0.49333333333333335 0.805 0.47833333333333333 0.80625 0.46166666666666667 0.8125 0.445 0.825 0.43666666666666665 0.83625 0.435
4 0.84375 0.07833333333333334 0.84875 0.08166666666666667 0.85875 0.09666666666666666 0.86 0.11833333333333333 0.85625 0.13166666666666665 0.845 0.145 0.8375 0.14833333333333334 0.82375 0.14833333333333334 0.81375 0.14166666666666666 0.805 0.12833333333333333 0.8025 0.105 0.805 0.095 0.81375 0.08166666666666667 0.825 0.07666666666666666 0.8425 0.07833333333333334
3 0.765 0.195 0.77125 0.19666666666666666 0.77375 0.20666666666666667 0.7725 0.35833333333333334 0.775 0.475 0.775 0.7633333333333333 0.7725 0.7683333333333333 0.71375 0.7683333333333333 0.5575 0.7616666666666667 0.525 0.7633333333333333 0.49125 0.76 0.47625 0.7616666666666667 0.34875 0.7583333333333333 0.34375 0.7566666666666667 0.3425 0.7533333333333333 0.345 0.72 0.34375 0.615 0.34625 0.585 0.345 0.4633333333333333 0.3475 0.445 0.34625 0.2966666666666667 0.34875 0.19833333333333333 0.62375 0.19833333333333333 0.76375 0.195