0 0.51625 0.051666666666666666 0.5275 0.065 0.53 0.075 0.53 0.09333333333333334 0.5225 0.10666666666666667 0.5075 0.11333333333333333 0.49 0.11166666666666666 0.48375 0.10666666666666667 0.47875 0.09666666666666666 0.47625 0.07666666666666666 0.48 0.06166666666666667 0.4875 0.05333333333333334 0.5 0.05 0.515 0.051666666666666666
0 0.51625 0.37833333333333335 0.53 0.38666666666666666 0.53625 0.3933333333333333 0.54 0.4033333333333333 0.54 0.42833333333333334 0.53625 0.43833333333333335 0.52875 0.4483333333333333 0.52125 0.45166666666666666 0.50375 0.45166666666666666 0.49125 0.445 0.4825 0.435 0.48 0.42 0.48125 0.39666666666666667 0.48625 0.3883333333333333 0.4975 0.38 0.515 0.37833333333333335
0 0.37875 0.056666666666666664 0.3875 0.06 0.3975 0.07333333333333333 0.39875 0.1 0.39375 0.11166666666666666 0.3775 0.11833333333333333 0.3575 0.11666666666666667 0.34375 0.09833333333333333 0.34375 0.08 0.34625 0.07166666666666667 0.3525 0.06333333333333334 0.36 0.058333333333333334 0.3775 0.056666666666666664
0 0.64125 0.04666666666666667 0.65 0.051666666666666666 0.6575 0.06 0.65875 0.09 0.64875 0.105 0.64 0.10833333333333334 0.625 0.10833333333333334 0.615 0.105 0.60875 0.09833333333333333 0.605 0.085 0.605 0.07166666666666667 0.61125 0.056666666666666664 0.62375 0.04666666666666667 0.64 0.04666666666666667
0 0.25 0.06 0.25875 0.065 0.26625 0.075 0.26875 0.08166666666666667 0.26875 0.105 0.2625 0.11666666666666667 0.25625 0.12166666666666667 0.24625 0.125 0.2325 0.125 0.22375 0.12166666666666667 0.21375 0.10166666666666667 0.2125 0.09 0.22 0.07 0.225 0.065 0.235 0.06 0.24875 0.06
1 0.64375 0.051666666666666666 0.6475 0.05333333333333334 0.65375 0.06166666666666667 0.655 0.07666666666666666 0.6575 0.08833333333333333 0.66 0.09166666666666666 0.695 0.09333333333333334 0.72 0.09 0.765 0.09 0.77 0.09166666666666666 0.775 0.1 0.78125 0.175 0.78125 0.20333333333333334 0.78375 0.215 0.78375 0.23 0.7875 0.245 0.7875 0.25666666666666665 0.79 0.26166666666666666 0.79 0.31 0.795 0.34 0.79875 0.4116666666666667 0.80125 0.42 0.8025 0.455 0.80875 0.5016666666666667 0.80875 0.5283333333333333 0.815 0.5666666666666667 0.815 0.595 0.81875 0.6183333333333333 0.81875 0.635 0.825 0.6866666666666666 0.82625 0.715 0.82875 0.72 0.82875 0.7266666666666667 0.825 0.7333333333333333 0.83375 0.74 0.8425 0.7533333333333333 0.8475 0.7633333333333333 0.85 0.7783333333333333 0.8475 0.7966666666666666 0.8425 0.8083333333333333 0.835 0.8166666666666667 0.83625 0.82 0.83375 0.83 0.8225 0.835 0.81625 0.8333333333333334 0.66 0.8383333333333334 0.64375 0.8366666666666667 0.605 0.84 0.38875 0.8433333333333334 0.28625 0.8483333333333334 0.22375 0.8483333333333334 0.21875 0.84 0.22125 0.73 0.22 0.71 0.22375 0.645 0.2225 0.5866666666666667 0.225 0.54 0.22375 0.48333333333333334 0.22625 0.435 0.225 0.36 0.2275 0.33666666666666667 0.22625 0.23666666666666666 0.2275 0.185 0.23375 0.14666666666666667 0.23125 0.13833333333333334 0.23125 0.13 0.23375 0.12666666666666668 0.2225 0.11666666666666667 0.21875 0.10166666666666667 0.21625 0.1 0.21625 0.08833333333333333 0.22 0.07666666666666666 0.2275 0.06666666666666667 0.23375 0.06333333333333334 0.25125 0.06333333333333334 0.265 0.07666666666666666 0.2675 0.1 0.27125 0.10833333333333334 0.28 0.11 0.34125 0.10666666666666667 0.345 0.10166666666666667 0.345 0.08166666666666667 0.3525 0.06666666666666667 0.36125 0.06 0.38125 0.06 0.39 0.065 0.39625 0.07666666666666666 0.3975 0.09833333333333333 0.4 0.10333333333333333 0.44125 0.10333333333333333 0.47625 0.09833333333333333 0.47875 0.09333333333333334 0.4775 0.08 0.48375 0.06 0.49375 0.05333333333333334 0.51375 0.05333333333333334 0.52625 0.07 0.52625 0.09833333333333333 0.535 0.1 0.55125 0.09666666666666666 0.6 0.095 0.605 0.09 0.60875 0.06333333333333334 0.6175 0.05333333333333334 0.6225 0.05 0.6425 0.051666666666666666
4 0.5375 0.745 0.55125 0.76 0.55625 0.7766666666666666 0.55625 0.795 0.54125 0.82 0.53125 0.825 0.52 0.825 0.5125 0.8216666666666667 0.5025 0.81 0.4975 0.795 0.4975 0.77 0.5 0.76 0.50875 0.7483333333333333 0.51625 0.7433333333333333 0.52875 0.7416666666666667 0.53625 0.745
4 0.69125 0.75 0.7 0.77 0.70125 0.7933333333333333 0.6925 0.81 0.6825 0.8183333333333334 0.67375 0.8216666666666667 0.6575 0.82 0.645 0.8066666666666666 0.64 0.79 0.63875 0.765 0.64375 0.7533333333333333 0.66375 0.74 0.6775 0.74 0.685 0.7433333333333333 0.69 0.75
4 0.3825 0.7466666666666667 0.40125 0.7583333333333333 0.4075 0.7666666666666667 0.41125 0.78 0.41125 0.795 0.40875 0.805 0.395 0.825 0.38625 0.83 0.37 0.8283333333333334 0.35875 0.8216666666666667 0.35375 0.8133333333333334 0.34875 0.7966666666666666 0.35 0.7733333333333333 0.355 0.7616666666666667 0.3675 0.75 0.38125 0.7466666666666667
4 0.82875 0.735 0.83625 0.74 0.8475 0.7566666666666667 0.85125 0.7716666666666666 0.85125 0.79 0.8475 0.805 0.8425 0.8116666666666666 0.8275 0.8166666666666667 0.80875 0.8166666666666667 0.80125 0.8133333333333334 0.79125 0.7983333333333333 0.7875 0.7833333333333333 0.78875 0.7566666666666667 0.79125 0.7483333333333333 0.79625 0.7416666666666667 0.80875 0.735 0.8275 0.735
2 0.38875 0.5466666666666666 0.42875 0.5466666666666666 0.4325 0.5483333333333333 0.435 0.5533333333333333 0.43875 0.725 0.4325 0.7283333333333334 0.41125 0.73 0.35 0.73 0.32125 0.7333333333333333 0.3075 0.7333333333333333 0.30375 0.73 0.3025 0.725 0.3025 0.6483333333333333 0.305 0.635 0.30375 0.5566666666666666 0.30875 0.5516666666666666 0.3175 0.55 0.3875 0.5466666666666666
2 0.5625 0.18666666666666668 0.565 0.18833333333333332 0.56625 0.195 0.56625 0.245 0.57 0.30666666666666664 0.56875 0.3416666666666667 0.5625 0.345 0.52 0.345 0.4925 0.34833333333333333 0.44875 0.3466666666666667 0.44625 0.2966666666666667 0.44375 0.2833333333333333 0.44625 0.2733333333333333 0.44375 0.195 0.44625 0.19166666666666668 0.45875 0.18833333333333332 0.53875 0.185 0.56125 0.18666666666666668
2 0.5675 0.36 0.5725 0.36333333333333334 0.57625 0.41833333333333333 0.57875 0.4266666666666667 0.5775 0.47833333333333333 0.58 0.5233333333333333 0.57375 0.5283333333333333 0.48 0.5316666666666666 0.45875 0.5316666666666666 0.45125 0.5283333333333333 0.44875 0.5 0.44875 0.365 0.4525 0.3616666666666667 0.46375 0.36 0.56625 0.36
2 0.6975 0.17833333333333334 0.705 0.18333333333333332 0.70625 0.19166666666666668 0.70875 0.265 0.71125 0.2783333333333333 0.71125 0.30833333333333335 0.715 0.33666666666666667 0.71 0.34 0.65875 0.34 0.6325 0.3433333333333333 0.5975 0.3433333333333333 0.59125 0.3416666666666667 0.58875 0.3383333333333333 0.58625 0.2733333333333333 0.5825 0.23333333333333334 0.5825 0.185 0.60125 0.18166666666666667 0.69625 0.17833333333333334
2 0.42375 0.19166666666666668 0.4275 0.20166666666666666 0.42875 0.235 0.42875 0.34833333333333333 0.35625 0.35333333333333333 0.3075 0.35333333333333333 0.305 0.34833333333333333 0.305 0.2 0.30875 0.195 0.31375 0.19333333333333333 0.3525 0.19333333333333333 0.38625 0.19 0.4225 0.19166666666666668
2 0.7125 0.3516666666666667 0.7175 0.36 0.72 0.38666666666666666 0.71875 0.39666666666666667 0.7225 0.42833333333333334 0.72625 0.5016666666666667 0.725 0.5183333333333333 0.72 0.5216666666666666 0.705 0.5233333333333333 0.64375 0.5233333333333333 0.62125 0.5266666666666666 0.60375 0.5266666666666666 0.59875 0.525 0.59625 0.52 0.5925 0.45166666666666666 0.59375 0.4483333333333333 0.59 0.425 0.5925 0.4066666666666667 0.5875 0.36666666666666664 0.58875 0.3616666666666667 0.59375 0.35833333333333334 0.605 0.3566666666666667 0.65875 0.3566666666666667 0.67125 0.35333333333333333 0.68875 0.355 0.71125 0.3516666666666667
2 0.4075 0.3616666666666667 0.4275 0.36333333333333334 0.43125 0.36666666666666664 0.43125 0.42833333333333334 0.43375 0.445 0.4325 0.4866666666666667 0.435 0.5283333333333333 0.425 0.5333333333333333 0.38625 0.5333333333333333 0.355 0.5366666666666666 0.30875 0.5366666666666666 0.305 0.5316666666666666 0.305 0.44 0.3025 0.43333333333333335 0.3025 0.42833333333333334 0.305 0.425 0.30375 0.37833333333333335 0.31 0.36833333333333335 0.32 0.36666666666666664 0.40625 0.3616666666666667
2 0.51875 0.5416666666666666 0.5775 0.5416666666666666 0.58125 0.545 0.5825 0.6183333333333333 0.5875 0.685 0.58625 0.72 0.58375 0.7233333333333334 0.5725 0.725 0.47375 0.7283333333333334 0.4625 0.7283333333333334 0.455 0.7233333333333334 0.4525 0.55 0.45875 0.545 0.4725 0.5433333333333333 0.5175 0.5433333333333333
2 0.7125 0.5366666666666666 0.7275 0.5383333333333333 0.72875 0.5416666666666666 0.72875 0.5566666666666666 0.73125 0.5633333333333334 0.73375 0.5983333333333334 0.7325 0.605 0.7375 0.6433333333333333 0.74 0.715 0.7375 0.72 0.6775 0.7233333333333334 0.61125 0.7233333333333334 0.6025 0.7183333333333334 0.60375 0.7033333333333334 0.60125 0.6716666666666666 0.6025 0.6633333333333333 0.6 0.63 0.60125 0.605 0.59875 0.5883333333333334 0.59875 0.5433333333333333 0.6125 0.54 0.665 0.54 0.71125 0.5366666666666666
3 0.5625 0.17666666666666667 0.57 0.17833333333333334 0.58125 0.175 0.685 0.17166666666666666 0.70875 0.17166666666666666 0.71 0.175 0.71625 0.20833333333333334 0.71625 0.22333333333333333 0.71875 0.23666666666666666 0.71625 0.24166666666666667 0.71875 0.24833333333333332 0.7175 0.2783333333333333 0.72125 0.2816666666666667 0.71875 0.3 0.72375 0.30333333333333334 0.72375 0.3283333333333333 0.72125 0.3333333333333333 0.72375 0.33666666666666667 0.72375 0.35 0.72625 0.35833333333333334 0.725 0.36666666666666664 0.73 0.3883333333333333 0.73 0.4116666666666667 0.73375 0.435 0.7325 0.45666666666666667 0.735 0.47333333333333333 0.7375 0.4766666666666667 0.73375 0.49166666666666664 0.7375 0.505 0.735 0.5233333333333333 0.7375 0.5383333333333333 0.73625 0.5416666666666666 0.73875 0.5466666666666666 0.73875 0.565 0.74125 0.5733333333333334 0.73875 0.5833333333333334 0.74125 0.5866666666666667 0.745 0.6466666666666666 0.7475 0.6516666666666666 0.74625 0.675 0.75 0.685 0.74875 0.7266666666666667 0.73 0.73 0.62875 0.73 0.5925 0.7333333333333333 0.51 0.7333333333333333 0.41125 0.7383333333333333 0.37875 0.7366666666666667 0.34 0.74 0.3 0.74 0.29625 0.7366666666666667 0.29375 0.7283333333333334 0.295 0.715 0.2925 0.6483333333333333 0.295 0.6466666666666666 0.29625 0.6366666666666667 0.29375 0.6333333333333333 0.2925 0.62 0.2925 0.59 0.295 0.57 0.295 0.5083333333333333 0.2925 0.47333333333333333 0.2925 0.43166666666666664 0.295 0.41 0.2925 0.38666666666666666 0.295 0.38166666666666665 0.29625 0.37 0.29625 0.35333333333333333 0.29375 0.3383333333333333 0.29375 0.29333333333333333 0.2975 0.2816666666666667 0.2975 0.275 0.295 0.27166666666666667 0.295 0.21666666666666667 0.29875 0.19166666666666668 0.3025 0.18833333333333332 0.32375 0.18666666666666668 0.335 0.18833333333333332 0.37 0.185 0.3825 0.18833333333333332 0.385 0.185 0.45125 0.18166666666666667 0.4625 0.18333333333333332 0.49125 0.18 0.5 0.18166666666666667 0.56125 0.17666666666666667