0 0.37125 0.2733333333333333 0.37625 0.27666666666666667 0.37875 0.2816666666666667 0.38 0.30666666666666664 0.3725 0.32 0.3675 0.32166666666666666 0.355 0.32166666666666666 0.34375 0.31333333333333335 0.34125 0.30333333333333334 0.34125 0.285 0.34875 0.275 0.355 0.27166666666666667 0.37 0.2733333333333333
0 0.2725 0.28 0.28 0.29 0.2825 0.3 0.2825 0.31166666666666665 0.27625 0.3233333333333333 0.26625 0.32666666666666666 0.255 0.32666666666666666 0.2475 0.3233333333333333 0.2425 0.31333333333333335 0.24125 0.295 0.24375 0.28833333333333333 0.25125 0.28 0.27125 0.28
0 0.3625 0.5 0.3725 0.505 0.37875 0.515 0.38 0.5383333333333333 0.3725 0.5516666666666666 0.35875 0.5566666666666666 0.35125 0.555 0.34125 0.545 0.33875 0.5366666666666666 0.33875 0.52 0.3475 0.505 0.36125 0.5
0 0.16875 0.2816666666666667 0.1725 0.2833333333333333 0.18 0.29333333333333333 0.18375 0.30666666666666664 0.17875 0.3233333333333333 0.17375 0.33 0.165 0.335 0.15125 0.335 0.1475 0.33166666666666667 0.14125 0.32166666666666666 0.14 0.3016666666666667 0.1425 0.2916666666666667 0.14875 0.285 0.15375 0.2816666666666667 0.1675 0.2816666666666667
0 0.45625 0.265 0.46625 0.2683333333333333 0.47625 0.2816666666666667 0.47625 0.29333333333333333 0.4725 0.30833333333333335 0.46875 0.31333333333333335 0.46125 0.31666666666666665 0.4475 0.315 0.43875 0.30833333333333335 0.43625 0.2966666666666667 0.43625 0.285 0.43875 0.27666666666666667 0.4475 0.26666666666666666 0.455 0.26666666666666666
1 0.465 0.27 0.4775 0.2866666666666667 0.56 0.2833333333333333 0.5625 0.285 0.56375 0.29 0.56875 0.3383333333333333 0.56875 0.36833333333333335 0.5725 0.395 0.5725 0.41833333333333333 0.57875 0.485 0.5825 0.5566666666666666 0.58625 0.585 0.59 0.6583333333333333 0.5975 0.7316666666666667 0.5975 0.7683333333333333 0.605 0.7883333333333333 0.6025 0.825 0.5975 0.83 0.56875 0.8316666666666667 0.54875 0.8366666666666667 0.495 0.8416666666666667 0.4825 0.84 0.4625 0.845 0.4475 0.845 0.41875 0.85 0.3725 0.8516666666666667 0.33875 0.8583333333333333 0.275 0.8633333333333333 0.24875 0.8683333333333333 0.2125 0.87 0.1675 0.8766666666666667 0.1575 0.8766666666666667 0.155 0.8733333333333333 0.155 0.8083333333333333 0.1525 0.7883333333333333 0.15375 0.69 0.14875 0.44 0.15 0.3333333333333333 0.1425 0.32 0.14125 0.30333333333333334 0.14375 0.29333333333333333 0.155 0.2833333333333333 0.1675 0.2833333333333333 0.1775 0.29 0.185 0.30333333333333334 0.23375 0.3016666666666667 0.24 0.3 0.2475 0.285 0.25125 0.2816666666666667 0.265 0.28 0.27375 0.2833333333333333 0.28375 0.29833333333333334 0.3275 0.295 0.33625 0.2966666666666667 0.34125 0.2916666666666667 0.34125 0.28833333333333333 0.3475 0.2783333333333333 0.35625 0.2733333333333333 0.37125 0.275 0.37625 0.28 0.3825 0.29333333333333333 0.42 0.2916666666666667 0.43375 0.28833333333333333 0.44125 0.275 0.44875 0.2683333333333333 0.46375 0.27
2 0.51125 0.3566666666666667 0.51375 0.365 0.51375 0.39 0.5175 0.41833333333333333 0.51625 0.42333333333333334 0.52 0.4716666666666667 0.515 0.4766666666666667 0.43625 0.48333333333333334 0.42625 0.4816666666666667 0.42375 0.4766666666666667 0.41875 0.36333333333333334 0.42125 0.36 0.4475 0.36 0.45625 0.3566666666666667 0.51 0.3566666666666667
2 0.5275 0.625 0.53 0.6366666666666667 0.5375 0.75 0.5275 0.7566666666666667 0.4575 0.7633333333333333 0.4425 0.7633333333333333 0.43875 0.7583333333333333 0.43375 0.6883333333333334 0.4325 0.635 0.43625 0.63 0.44625 0.6283333333333333 0.50875 0.6233333333333333 0.52625 0.625
2 0.378125 0.7041666666666667 0.10625 0.145
2 0.45 0.49 0.4525 0.49166666666666664 0.48625 0.4866666666666667 0.5175 0.4866666666666667 0.52 0.49 0.52375 0.5233333333333333 0.525 0.5583333333333333 0.5275 0.57 0.5275 0.6083333333333333 0.51625 0.6133333333333333 0.44 0.62 0.4325 0.6183333333333333 0.43 0.6066666666666667 0.42625 0.495 0.43125 0.49166666666666664 0.44875 0.49
2 0.31 0.5016666666666667 0.3125 0.515 0.31125 0.52 0.315 0.565 0.315 0.6266666666666667 0.3125 0.63 0.29875 0.6333333333333333 0.27625 0.6333333333333333 0.225 0.64 0.215 0.6383333333333333 0.2125 0.6266666666666667 0.2125 0.51 0.225 0.5066666666666667 0.30875 0.5016666666666667
2 0.2725 0.36833333333333335 0.30375 0.36833333333333335 0.3075 0.37166666666666665 0.31125 0.48833333333333334 0.30875 0.49166666666666664 0.30125 0.49333333333333335 0.25625 0.495 0.235 0.49833333333333335 0.21125 0.49666666666666665 0.2075 0.4033333333333333 0.20875 0.37666666666666665 0.215 0.37333333333333335 0.27125 0.36833333333333335
2 0.39375 0.49333333333333335 0.41125 0.49333333333333335 0.415 0.495 0.41625 0.49833333333333335 0.4225 0.595 0.42125 0.6216666666666667 0.34125 0.63 0.32375 0.6283333333333333 0.32125 0.5933333333333334 0.32 0.505 0.32625 0.5 0.3625 0.5 0.37625 0.495 0.3925 0.495
2 0.365625 0.4275 0.10125 0.13166666666666665
2 0.31375 0.64 0.31625 0.6416666666666667 0.3175 0.65 0.31625 0.6533333333333333 0.32 0.705 0.31875 0.72 0.32125 0.765 0.32 0.775 0.3075 0.7783333333333333 0.24375 0.7833333333333333 0.23125 0.7866666666666666 0.21875 0.7866666666666666 0.21625 0.785 0.215 0.78 0.21375 0.6533333333333333 0.2175 0.6483333333333333 0.24125 0.645 0.29 0.6433333333333333 0.3125 0.64
4 0.25875 0.6833333333333333 0.26875 0.6916666666666667 0.2725 0.7033333333333334 0.2725 0.7133333333333334 0.26875 0.7266666666666667 0.25625 0.7383333333333333 0.2425 0.7383333333333333 0.23625 0.735 0.22875 0.72 0.22875 0.7016666666666667 0.23125 0.695 0.24125 0.6833333333333333 0.2575 0.6833333333333333
4 0.485 0.7766666666666666 0.49625 0.7816666666666666 0.50125 0.7883333333333333 0.505 0.8033333333333333 0.505 0.8116666666666666 0.5 0.825 0.49375 0.8316666666666667 0.48625 0.835 0.47625 0.835 0.47 0.8316666666666667 0.46625 0.8266666666666667 0.4625 0.8133333333333334 0.4625 0.795 0.46625 0.785 0.475 0.7783333333333333 0.48375 0.7766666666666666
4 0.38625 0.7866666666666666 0.39125 0.7883333333333333 0.39875 0.7966666666666666 0.4025 0.8083333333333333 0.4025 0.8233333333333334 0.4 0.8316666666666667 0.39375 0.84 0.385 0.845 0.375 0.845 0.36875 0.8416666666666667 0.3625 0.8316666666666667 0.36 0.8216666666666667 0.36 0.8066666666666666 0.3625 0.7983333333333333 0.3725 0.7883333333333333 0.385 0.7866666666666666
4 0.585625 0.7966666666666666 0.04375 0.06
3 0.21 0.775 0.21125 0.7683333333333333 0.20875 0.7116666666666667 0.21125 0.7066666666666667 0.20875 0.7033333333333334 0.2075 0.5583333333333333 0.20375 0.48 0.205 0.37 0.25375 0.36333333333333334 0.29625 0.36333333333333334 0.36625 0.3566666666666667 0.38 0.35833333333333334 0.395 0.355 0.42 0.355 0.4275 0.3516666666666667 0.44625 0.35333333333333333 0.46375 0.35 0.51625 0.34833333333333333 0.51875 0.3516666666666667 0.52125 0.37833333333333335 0.52625 0.48833333333333334 0.5325 0.555 0.535 0.63 0.54375 0.7333333333333333 0.5425 0.76 0.5075 0.765 0.43375 0.77 0.41875 0.7733333333333333 0.3975 0.7733333333333333 0.38 0.7766666666666666 0.37625 0.775 0.3375 0.7816666666666666 0.25875 0.7866666666666666 0.22875 0.7916666666666666 0.2125 0.7916666666666666 0.21125 0.7766666666666666