0 0.31 0.7233333333333334 0.325 0.7316666666666667 0.33125 0.7516666666666667 0.33125 0.7633333333333333 0.32625 0.7783333333333333 0.32 0.7866666666666666 0.3125 0.79 0.29625 0.7866666666666666 0.2925 0.7783333333333333 0.28625 0.775 0.2825 0.7566666666666667 0.285 0.74 0.29 0.7383333333333333 0.2925 0.755 0.29125 0.7716666666666666 0.29375 0.7733333333333333 0.295 0.7683333333333333 0.30125 0.775 0.31 0.775 0.315 0.7716666666666666 0.32 0.7633333333333333 0.31875 0.745 0.3125 0.74 0.30375 0.74 0.29875 0.75 0.29875 0.7466666666666667 0.295 0.7416666666666667 0.29625 0.7266666666666667 0.3 0.7233333333333334 0.30875 0.7233333333333334
0 0.305 0.2866666666666667 0.3125 0.2916666666666667 0.31875 0.3 0.32 0.325 0.315 0.33666666666666667 0.3025 0.345 0.29125 0.3433333333333333 0.28125 0.33166666666666667 0.27875 0.325 0.27875 0.305 0.285 0.2916666666666667 0.2925 0.2866666666666667 0.30375 0.2866666666666667
0 0.51625 0.42333333333333334 0.52625 0.435 0.53 0.46 0.52625 0.47 0.52 0.47833333333333333 0.51 0.48333333333333334 0.49875 0.48333333333333334 0.49125 0.48 0.48375 0.465 0.48125 0.45 0.48375 0.43833333333333335 0.49375 0.425 0.5 0.4216666666666667 0.515 0.42333333333333334
0 0.3175 0.575 0.32625 0.5883333333333334 0.32625 0.6133333333333333 0.31625 0.63 0.30625 0.635 0.295 0.6316666666666667 0.28625 0.6233333333333333 0.2825 0.6116666666666667 0.2825 0.5916666666666667 0.28375 0.5866666666666667 0.29625 0.5733333333333334 0.31625 0.575
0 0.31375 0.43 0.3175 0.43333333333333335 0.3225 0.445 0.3225 0.46166666666666667 0.31875 0.475 0.31375 0.4816666666666667 0.3 0.48833333333333334 0.29375 0.4866666666666667 0.2825 0.4766666666666667 0.27875 0.4633333333333333 0.27875 0.45166666666666666 0.285 0.435 0.2925 0.42833333333333334 0.3075 0.4266666666666667 0.3125 0.43
1 0.74 0.10333333333333333 0.75125 0.11833333333333333 0.75125 0.14166666666666666 0.74625 0.155 0.75375 0.19666666666666666 0.75375 0.21666666666666667 0.75625 0.23 0.755 0.24333333333333335 0.7625 0.26166666666666666 0.7625 0.2783333333333333 0.7575 0.29333333333333333 0.7575 0.31166666666666665 0.76375 0.3516666666666667 0.765 0.39166666666666666 0.77 0.40166666666666667 0.7725 0.41333333333333333 0.77125 0.42833333333333334 0.7675 0.44166666666666665 0.77375 0.48333333333333334 0.77875 0.5833333333333334 0.79 0.7083333333333334 0.7925 0.7616666666666667 0.78625 0.7666666666666667 0.595 0.7766666666666666 0.575 0.78 0.51125 0.7816666666666666 0.4925 0.785 0.4275 0.7866666666666666 0.365 0.7933333333333333 0.30625 0.7933333333333333 0.3 0.7883333333333333 0.2975 0.7783333333333333 0.30125 0.7233333333333334 0.2975 0.7183333333333334 0.29625 0.705 0.29625 0.665 0.29375 0.64 0.295 0.6366666666666667 0.28375 0.6116666666666667 0.28375 0.5933333333333334 0.29375 0.5716666666666667 0.29125 0.49 0.2925 0.4866666666666667 0.285 0.47833333333333333 0.28 0.4633333333333333 0.28125 0.44666666666666666 0.2925 0.42833333333333334 0.29 0.36333333333333334 0.29125 0.355 0.29 0.3466666666666667 0.2825 0.33166666666666667 0.27875 0.31833333333333336 0.28125 0.3016666666666667 0.29 0.285 0.2875 0.23833333333333334 0.29 0.19 0.295 0.185 0.32125 0.18 0.39625 0.17333333333333334 0.4325 0.16666666666666666 0.5175 0.15833333333333333 0.5825 0.14833333333333334 0.59875 0.14833333333333334 0.635 0.14166666666666666 0.6625 0.14 0.6825 0.135 0.7025 0.135 0.70625 0.13 0.70625 0.12333333333333334 0.71 0.11166666666666666 0.71625 0.105 0.7275 0.1 0.73375 0.1 0.73875 0.10333333333333333
2 0.35875 0.555 0.4625 0.545 0.46625 0.5566666666666666 0.47125 0.6816666666666666 0.47 0.6916666666666667 0.46 0.695 0.36375 0.7016666666666667 0.36 0.695 0.3575 0.615 0.355 0.6016666666666667 0.35875 0.5566666666666666
2 0.56625 0.23166666666666666 0.56875 0.24 0.5725 0.29333333333333333 0.575 0.365 0.5625 0.37 0.525 0.37166666666666665 0.49 0.37666666666666665 0.47125 0.37666666666666665 0.46875 0.37333333333333335 0.46375 0.25166666666666665 0.465 0.245 0.47 0.24 0.4825 0.23666666666666666 0.52875 0.235 0.555 0.23 0.565 0.23166666666666666
2 0.47625 0.64 0.4775 0.6366666666666667 0.475 0.55 0.4775 0.545 0.5275 0.5383333333333333 0.58125 0.535 0.585 0.54 0.5875 0.5683333333333334 0.5875 0.5983333333333334 0.59125 0.625 0.5925 0.6566666666666666 0.59125 0.6833333333333333 0.57 0.6883333333333334 0.535 0.6883333333333334 0.4975 0.6933333333333334 0.4825 0.6916666666666667 0.48 0.6883333333333334 0.47875 0.6783333333333333 0.4775 0.6416666666666667
2 0.68375 0.215 0.68875 0.22333333333333333 0.68875 0.25 0.69375 0.28833333333333333 0.6925 0.29833333333333334 0.695 0.35333333333333333 0.68625 0.35833333333333334 0.615 0.365 0.58625 0.365 0.585 0.3616666666666667 0.57875 0.25166666666666665 0.58 0.23166666666666666 0.5825 0.22833333333333333 0.5925 0.225 0.65625 0.22 0.6825 0.215
2 0.385 0.24833333333333332 0.38625 0.25 0.40375 0.24666666666666667 0.425 0.24666666666666667 0.44125 0.24333333333333335 0.4525 0.24333333333333335 0.455 0.24666666666666667 0.45875 0.37333333333333335 0.455 0.38 0.44625 0.38166666666666665 0.40875 0.38333333333333336 0.3625 0.39 0.35625 0.39 0.35125 0.38333333333333336 0.35125 0.29 0.34875 0.25666666666666665 0.3525 0.25166666666666665 0.38375 0.24833333333333332
2 0.69375 0.37 0.69875 0.39 0.69875 0.41 0.705 0.4666666666666667 0.705 0.51 0.7025 0.5133333333333333 0.69625 0.515 0.61625 0.5216666666666666 0.59625 0.5216666666666666 0.5925 0.515 0.59 0.48833333333333334 0.59 0.45166666666666666 0.585 0.39 0.5875 0.38 0.615 0.375 0.6925 0.37
2 0.3525 0.4033333333333333 0.37375 0.3983333333333333 0.45625 0.3933333333333333 0.46 0.4033333333333333 0.465 0.5166666666666667 0.46375 0.5316666666666666 0.45625 0.535 0.35875 0.5433333333333333 0.35625 0.54 0.35375 0.515 0.355 0.48333333333333334 0.3525 0.47333333333333333 0.3525 0.45666666666666667 0.355 0.44 0.3525 0.405
2 0.705 0.5266666666666666 0.7075 0.5316666666666666 0.71 0.5516666666666666 0.71625 0.655 0.71875 0.67 0.7175 0.675 0.71375 0.6783333333333333 0.62625 0.685 0.60375 0.685 0.60125 0.6816666666666666 0.595 0.5766666666666667 0.595 0.5366666666666666 0.60375 0.5316666666666666 0.70375 0.5266666666666666
2 0.49125 0.38666666666666666 0.49375 0.3883333333333333 0.51125 0.385 0.53 0.385 0.55875 0.38 0.575 0.38 0.5775 0.38333333333333336 0.58375 0.52 0.58125 0.5233333333333333 0.5725 0.525 0.475 0.5316666666666666 0.4725 0.52 0.46875 0.4 0.4725 0.39 0.49 0.3883333333333333
4 0.735 0.09833333333333333 0.745 0.105 0.75125 0.11333333333333333 0.75375 0.125 0.75 0.14666666666666667 0.735 0.15666666666666668 0.7225 0.15666666666666668 0.71625 0.15333333333333332 0.7075 0.14333333333333334 0.705 0.13166666666666665 0.70625 0.11833333333333333 0.71375 0.105 0.72 0.1 0.73375 0.09833333333333333
4 0.67125 0.5733333333333334 0.68 0.59 0.68 0.6116666666666667 0.6775 0.62 0.6725 0.6266666666666667 0.6625 0.6316666666666667 0.65125 0.6316666666666667 0.64125 0.6266666666666667 0.6325 0.6116666666666667 0.6325 0.5916666666666667 0.63875 0.5766666666666667 0.645 0.57 0.66375 0.5683333333333334 0.67 0.5733333333333334
4 0.75375 0.38666666666666666 0.76625 0.3933333333333333 0.7725 0.4083333333333333 0.7725 0.42833333333333334 0.77 0.435 0.7625 0.44333333333333336 0.755 0.44666666666666666 0.74125 0.44666666666666666 0.735 0.44333333333333336 0.73 0.43833333333333335 0.725 0.425 0.725 0.4083333333333333 0.72875 0.3983333333333333 0.74125 0.38666666666666666 0.7525 0.38666666666666666
4 0.7475 0.24166666666666667 0.755 0.245 0.76 0.25166666666666665 0.7625 0.25833333333333336 0.76375 0.275 0.76 0.29 0.75625 0.295 0.74625 0.3 0.7325 0.3 0.72625 0.2966666666666667 0.72 0.28833333333333333 0.71625 0.2783333333333333 0.7175 0.25833333333333336 0.72625 0.245 0.7325 0.24166666666666667 0.74625 0.24166666666666667
3 0.6925 0.21 0.69625 0.24666666666666667 0.6975 0.29333333333333333 0.7025 0.33666666666666667 0.7025 0.36833333333333335 0.70625 0.4033333333333333 0.705 0.4066666666666667 0.7075 0.4166666666666667 0.7075 0.435 0.71 0.45 0.70875 0.4683333333333333 0.71125 0.4766666666666667 0.7175 0.6016666666666667 0.72 0.6083333333333333 0.71875 0.6216666666666667 0.72375 0.6633333333333333 0.7225 0.6816666666666666 0.71625 0.685 0.635 0.6883333333333334 0.6075 0.6933333333333334 0.5975 0.6916666666666667 0.56125 0.6966666666666667 0.55125 0.695 0.5375 0.6983333333333334 0.4775 0.7 0.46625 0.7033333333333334 0.425 0.7033333333333334 0.37375 0.7083333333333334 0.355 0.7066666666666667 0.35125 0.6266666666666667 0.35375 0.6033333333333334 0.35125 0.5883333333333334 0.34875 0.475 0.3525 0.4716666666666667 0.35375 0.475 0.35375 0.49333333333333335 0.35625 0.5083333333333333 0.355 0.5266666666666666 0.35625 0.5383333333333333 0.35875 0.5433333333333333 0.43625 0.5366666666666666 0.46375 0.5316666666666666 0.465 0.48833333333333334 0.46375 0.4483333333333333 0.46125 0.43833333333333335 0.46125 0.4 0.4575 0.39166666666666666 0.4425 0.39166666666666666 0.4325 0.395 0.39125 0.39666666666666667 0.355 0.40166666666666667 0.35375 0.42833333333333334 0.35625 0.4583333333333333 0.35375 0.4683333333333333 0.34875 0.4666666666666667 0.34625 0.415 0.3475 0.38666666666666666 0.345 0.3616666666666667 0.345 0.30833333333333335 0.3425 0.2783333333333333 0.34375 0.24833333333333332 0.365 0.24333333333333335 0.445 0.23666666666666666 0.46625 0.23166666666666666 0.64125 0.215 0.67625 0.20833333333333334 0.69125 0.21