0 0.26375 0.18833333333333332 0.27375 0.19833333333333333 0.27625 0.205 0.27625 0.21666666666666667 0.27 0.22833333333333333 0.26 0.23333333333333334 0.25125 0.23333333333333334 0.24125 0.22833333333333333 0.23625 0.215 0.23625 0.20166666666666666 0.2375 0.195 0.2425 0.18833333333333332 0.2625 0.18833333333333332
0 0.445 0.39 0.455 0.39666666666666667 0.45875 0.4033333333333333 0.46 0.42833333333333334 0.45375 0.43833333333333335 0.4425 0.44166666666666665 0.4375 0.44166666666666665 0.42625 0.435 0.42 0.4266666666666667 0.41875 0.4116666666666667 0.42125 0.39666666666666667 0.425 0.39 0.44375 0.39
0 0.2775 0.4066666666666667 0.2925 0.415 0.2975 0.425 0.29625 0.445 0.29125 0.45166666666666666 0.28375 0.455 0.2725 0.455 0.26375 0.45166666666666666 0.25875 0.44666666666666666 0.255 0.43666666666666665 0.2575 0.4116666666666667 0.2625 0.4066666666666667 0.27625 0.4066666666666667
0 0.3625 0.415 0.375 0.42833333333333334 0.37625 0.445 0.3675 0.46 0.35875 0.4633333333333333 0.34625 0.46 0.33625 0.45166666666666666 0.33125 0.44166666666666665 0.33125 0.42833333333333334 0.33375 0.41833333333333333 0.33875 0.41333333333333333 0.35625 0.4116666666666667 0.36125 0.415
0 0.27625 0.29833333333333334 0.285 0.31 0.28625 0.325 0.28 0.3383333333333333 0.27125 0.3433333333333333 0.26125 0.3416666666666667 0.2475 0.33166666666666667 0.245 0.3233333333333333 0.245 0.31 0.2475 0.3016666666666667 0.25625 0.295 0.27 0.295 0.275 0.29833333333333334
1 0.595 0.13 0.605 0.13833333333333334 0.60875 0.15 0.60625 0.17 0.61125 0.18833333333333332 0.615 0.21333333333333335 0.61625 0.24 0.62 0.25166666666666665 0.62125 0.26666666666666666 0.61875 0.2816666666666667 0.61875 0.3 0.6275 0.3516666666666667 0.63 0.4033333333333333 0.6325 0.43 0.635 0.43833333333333335 0.64 0.5083333333333333 0.6425 0.5166666666666667 0.6425 0.555 0.6475 0.5833333333333334 0.64625 0.61 0.6425 0.6133333333333333 0.59125 0.625 0.57125 0.6266666666666667 0.54 0.635 0.52875 0.635 0.505 0.6416666666666667 0.47375 0.645 0.44375 0.6533333333333333 0.2975 0.68 0.2825 0.6766666666666666 0.2775 0.6683333333333333 0.27625 0.6583333333333333 0.27625 0.6333333333333333 0.2725 0.6216666666666667 0.2725 0.6033333333333334 0.26875 0.5833333333333334 0.26875 0.5533333333333333 0.26625 0.5466666666666666 0.26375 0.5183333333333333 0.26375 0.47333333333333333 0.255 0.41833333333333333 0.25875 0.4083333333333333 0.25875 0.395 0.25625 0.39 0.25625 0.37333333333333335 0.2525 0.36666666666666664 0.25 0.3333333333333333 0.24625 0.325 0.2475 0.28 0.245 0.265 0.245 0.235 0.24 0.22 0.24125 0.19333333333333333 0.24875 0.18833333333333332 0.2625 0.19 0.27 0.195 0.32 0.19 0.45 0.165 0.49125 0.16 0.50625 0.155 0.57375 0.14333333333333334 0.5825 0.13166666666666665 0.59375 0.13
2 0.3925 0.485 0.39625 0.4866666666666667 0.395 0.49333333333333335 0.3975 0.49833333333333335 0.3975 0.5166666666666667 0.40125 0.5383333333333333 0.4025 0.5716666666666667 0.405 0.5866666666666667 0.4 0.5916666666666667 0.39 0.595 0.33875 0.6033333333333334 0.335 0.6016666666666667 0.3325 0.595 0.32625 0.5016666666666667 0.33 0.49666666666666665 0.34 0.49333333333333335 0.39125 0.485
2 0.56 0.21666666666666667 0.565 0.22666666666666666 0.56875 0.24666666666666667 0.5675 0.2683333333333333 0.5725 0.29 0.57125 0.32 0.56375 0.3233333333333333 0.51875 0.3283333333333333 0.50375 0.3333333333333333 0.49375 0.33166666666666667 0.49 0.3233333333333333 0.48625 0.2733333333333333 0.4825 0.25 0.4825 0.23 0.48875 0.225 0.52625 0.22 0.54125 0.215 0.55875 0.21666666666666667
2 0.48125 0.4683333333333333 0.48625 0.4716666666666667 0.48875 0.4816666666666667 0.4875 0.49 0.4925 0.51 0.49125 0.5216666666666666 0.49625 0.57 0.49375 0.5733333333333334 0.48125 0.5783333333333334 0.46125 0.58 0.43625 0.5866666666666667 0.43 0.5866666666666667 0.425 0.58 0.4225 0.5466666666666666 0.42 0.5383333333333333 0.42 0.5233333333333333 0.4175 0.5166666666666667 0.41625 0.48 0.48 0.4683333333333333
2 0.37 0.24666666666666667 0.3825 0.25 0.385 0.255 0.385 0.27166666666666667 0.39 0.3 0.39125 0.3383333333333333 0.3875 0.35 0.375 0.3566666666666667 0.33375 0.3616666666666667 0.31375 0.36666666666666664 0.3075 0.3616666666666667 0.3075 0.33166666666666667 0.30375 0.32166666666666666 0.3025 0.30833333333333335 0.3 0.265 0.30125 0.26 0.30375 0.25666666666666665 0.31 0.255 0.36875 0.24666666666666667
2 0.565 0.3333333333333333 0.5675 0.335 0.57125 0.345 0.56875 0.3516666666666667 0.57 0.365 0.5725 0.36833333333333335 0.57 0.37166666666666665 0.57 0.38166666666666665 0.5725 0.3883333333333333 0.57125 0.40166666666666667 0.575 0.425 0.5775 0.42833333333333334 0.5775 0.43666666666666665 0.56875 0.44166666666666665 0.54375 0.44333333333333336 0.5125 0.45 0.50625 0.4483333333333333 0.50375 0.44333333333333336 0.49375 0.34833333333333333 0.49875 0.3433333333333333 0.53875 0.3383333333333333 0.5525 0.3333333333333333 0.56375 0.3333333333333333
2 0.38625 0.365 0.39375 0.37166666666666665 0.39125 0.37666666666666665 0.3925 0.38 0.38875 0.4 0.3925 0.4166666666666667 0.395 0.42 0.395 0.4266666666666667 0.40375 0.44166666666666665 0.40375 0.45166666666666666 0.40125 0.46 0.38875 0.47333333333333333 0.3575 0.4816666666666667 0.32375 0.48333333333333334 0.31875 0.4766666666666667 0.3175 0.4483333333333333 0.315 0.445 0.31625 0.41833333333333333 0.3125 0.38 0.31625 0.37666666666666665 0.35375 0.37166666666666665 0.3775 0.365 0.385 0.36666666666666664
2 0.57625 0.45166666666666666 0.5825 0.4583333333333333 0.58125 0.47333333333333333 0.58875 0.48 0.585 0.4866666666666667 0.5875 0.49333333333333335 0.595 0.49666666666666665 0.5975 0.505 0.59375 0.5166666666666667 0.59625 0.5383333333333333 0.595 0.5533333333333333 0.59375 0.5566666666666666 0.58 0.5616666666666666 0.565 0.5616666666666666 0.54125 0.5683333333333334 0.52125 0.5683333333333334 0.51625 0.5633333333333334 0.5075 0.4683333333333333 0.50875 0.465 0.52 0.46 0.55125 0.455 0.55875 0.45166666666666666 0.575 0.45166666666666666
2 0.46 0.23 0.47125 0.23666666666666666 0.4725 0.265 0.475 0.2683333333333333 0.48125 0.29333333333333333 0.48375 0.33166666666666667 0.48 0.33666666666666667 0.475 0.3383333333333333 0.42 0.34833333333333333 0.40375 0.34833333333333333 0.40125 0.3433333333333333 0.4 0.3233333333333333 0.39375 0.285 0.39125 0.24666666666666667 0.3925 0.24333333333333335 0.4 0.24 0.45875 0.23
2 0.4825 0.37666666666666665 0.485 0.38 0.48 0.39 0.485 0.43166666666666664 0.4875 0.44 0.49375 0.44 0.495 0.44333333333333336 0.47875 0.45666666666666667 0.465 0.46 0.45 0.46 0.4325 0.4666666666666667 0.4175 0.4666666666666667 0.41375 0.46166666666666667 0.40875 0.4266666666666667 0.405 0.41833333333333333 0.4075 0.41 0.405 0.37333333333333335 0.40625 0.36333333333333334 0.41125 0.36 0.4425 0.355 0.45 0.3516666666666667 0.47625 0.35 0.48 0.35833333333333334 0.47875 0.37 0.48125 0.37666666666666665
4 0.59125 0.12666666666666668 0.60375 0.13166666666666665 0.61 0.14166666666666666 0.61 0.16333333333333333 0.605 0.17166666666666666 0.6 0.17333333333333334 0.5825 0.17166666666666666 0.5775 0.16666666666666666 0.575 0.15833333333333333 0.575 0.14166666666666666 0.5775 0.13333333333333333 0.5825 0.12833333333333333 0.59 0.12666666666666668
4 0.55375 0.48833333333333334 0.565 0.49333333333333335 0.57125 0.505 0.57 0.5266666666666666 0.5625 0.5366666666666666 0.54625 0.5366666666666666 0.53875 0.5333333333333333 0.5325 0.5283333333333333 0.5275 0.5183333333333333 0.5275 0.5033333333333333 0.5325 0.49333333333333335 0.53875 0.48833333333333334 0.5525 0.48833333333333334
4 0.44375 0.265 0.45 0.27166666666666667 0.45375 0.2833333333333333 0.4525 0.3 0.445 0.30666666666666664 0.425 0.30666666666666664 0.41875 0.3 0.41625 0.28833333333333333 0.41625 0.2733333333333333 0.42125 0.2633333333333333 0.4375 0.26166666666666666 0.4425 0.265
4 0.6075 0.23833333333333334 0.61625 0.24166666666666667 0.6225 0.25333333333333335 0.6225 0.27166666666666667 0.62 0.28 0.61625 0.2833333333333333 0.59375 0.2816666666666667 0.5875 0.275 0.585 0.26666666666666666 0.585 0.255 0.5875 0.24666666666666667 0.59375 0.24 0.60625 0.23833333333333334
3 0.56 0.21 0.565 0.21333333333333335 0.57 0.22166666666666668 0.57125 0.2633333333333333 0.57625 0.27166666666666667 0.5775 0.285 0.58 0.29 0.5775 0.305 0.57875 0.335 0.58625 0.35333333333333333 0.5875 0.3616666666666667 0.58625 0.37 0.58875 0.37666666666666665 0.58875 0.3933333333333333 0.5925 0.4166666666666667 0.59125 0.45 0.59875 0.48 0.5975 0.49333333333333335 0.60125 0.505 0.60125 0.56 0.58875 0.5666666666666667 0.58 0.5666666666666667 0.565 0.5716666666666667 0.55375 0.5716666666666667 0.5375 0.5766666666666667 0.51875 0.5766666666666667 0.5075 0.5816666666666667 0.495 0.5816666666666667 0.4875 0.585 0.46875 0.5866666666666667 0.46375 0.59 0.4525 0.59 0.425 0.5966666666666667 0.42125 0.595 0.41125 0.6 0.33875 0.6116666666666667 0.325 0.61 0.31375 0.6016666666666667 0.3125 0.575 0.31 0.5666666666666667 0.315 0.5666666666666667 0.315 0.5833333333333334 0.3175 0.5866666666666667 0.32875 0.5883333333333334 0.3275 0.5916666666666667 0.33 0.5966666666666667 0.33375 0.595 0.33375 0.59 0.33375 0.595 0.34125 0.6 0.38875 0.5933333333333334 0.4 0.5866666666666667 0.40375 0.58 0.40125 0.5466666666666666 0.39875 0.5316666666666666 0.39625 0.5283333333333333 0.39625 0.5066666666666667 0.39375 0.49 0.39125 0.485 0.3575 0.48833333333333334 0.32375 0.49833333333333335 0.3175 0.495 0.315 0.49833333333333335 0.30875 0.49833333333333335 0.30875 0.505 0.30625 0.505 0.30625 0.49833333333333335 0.31 0.49666666666666665 0.31125 0.49333333333333335 0.305 0.485 0.3075 0.4816666666666667 0.31125 0.4816666666666667 0.31375 0.4766666666666667 0.315 0.4683333333333333 0.3125 0.46166666666666667 0.3175 0.4483333333333333 0.31625 0.44333333333333336 0.31 0.435 0.315 0.43166666666666664 0.3125 0.425 0.30625 0.41833333333333333 0.3 0.40166666666666667 0.30125 0.3883333333333333 0.29875 0.38 0.3 0.37666666666666665 0.29625 0.36666666666666664 0.29875 0.35833333333333334 0.305 0.3516666666666667 0.30125 0.3416666666666667 0.3025 0.30333333333333334 0.3 0.3 0.29875 0.28 0.29625 0.27666666666666667 0.29625 0.26666666666666666 0.29875 0.265 0.29875 0.25833333333333336 0.3 0.25666666666666665 0.30125 0.2916666666666667 0.30375 0.295 0.30375 0.30333333333333334 0.30875 0.31666666666666665 0.3075 0.3283333333333333 0.31125 0.34 0.31 0.355 0.31375 0.36333333333333334 0.33125 0.36333333333333334 0.3525 0.35833333333333334 0.37625 0.35833333333333334 0.38 0.3566666666666667 0.39 0.34 0.3875 0.32166666666666666 0.39125 0.31 0.38375 0.2966666666666667 0.385 0.28833333333333333 0.3875 0.2866666666666667 0.38625 0.27666666666666667 0.3825 0.27166666666666667 0.385 0.255 0.375 0.24833333333333332 0.3575 0.245 0.35875 0.24333333333333335 0.40625 0.23166666666666666 0.4575 0.22666666666666666 0.465 0.22166666666666668 0.4775 0.21833333333333332 0.55875 0.21