0 0.42133333333333334 0.494 0.43266666666666664 0.4975 0.43866666666666665 0.502 0.44333333333333336 0.516 0.44 0.5235 0.43533333333333335 0.5275 0.428 0.5315 0.4166666666666667 0.5335 0.408 0.533 0.396 0.525 0.39266666666666666 0.518 0.39266666666666666 0.51 0.39666666666666667 0.5015 0.402 0.4975 0.4106666666666667 0.4945 0.4206666666666667 0.494
0 0.5193333333333333 0.4165 0.532 0.425 0.5346666666666666 0.4325 0.53 0.4455 0.5153333333333333 0.4535 0.5033333333333333 0.4535 0.494 0.4505 0.486 0.4425 0.4846666666666667 0.431 0.48733333333333334 0.4245 0.49466666666666664 0.4185 0.5106666666666667 0.415 0.5186666666666667 0.4165
0 0.504 0.6925 0.5233333333333333 0.6985 0.5326666666666666 0.712 0.5313333333333333 0.72 0.526 0.728 0.512 0.734 0.5013333333333333 0.734 0.49333333333333335 0.731 0.4846666666666667 0.724 0.4806666666666667 0.7155 0.484 0.7015 0.49466666666666664 0.694 0.5033333333333333 0.6925
0 0.5153333333333333 0.5975 0.524 0.601 0.5313333333333333 0.609 0.5333333333333333 0.625 0.5253333333333333 0.6335 0.512 0.637 0.5026666666666667 0.637 0.492 0.6335 0.4846666666666667 0.6265 0.4826666666666667 0.615 0.484 0.609 0.492 0.601 0.504 0.597 0.5146666666666667 0.5975
0 0.5166666666666667 0.507 0.5226666666666666 0.5085 0.53 0.5145 0.5333333333333333 0.5195 0.534 0.528 0.5293333333333333 0.5375 0.5233333333333333 0.5425 0.5113333333333333 0.5445 0.498 0.5435 0.49 0.539 0.4846666666666667 0.5315 0.484 0.5225 0.48733333333333334 0.515 0.49533333333333335 0.5085 0.504 0.5065 0.516 0.507
1 0.54 0.336 0.5513333333333333 0.337 0.5573333333333333 0.342 0.5546666666666666 0.4445 0.5566666666666666 0.518 0.5553333333333333 0.626 0.55 0.7205 0.5453333333333333 0.7235 0.5373333333333333 0.724 0.5286666666666666 0.72 0.5186666666666667 0.7305 0.508 0.7315 0.498 0.731 0.49133333333333334 0.727 0.48533333333333334 0.718 0.47333333333333333 0.721 0.43666666666666665 0.72 0.388 0.716 0.31066666666666665 0.7145 0.3006666666666667 0.7125 0.2673333333333333 0.7125 0.22733333333333333 0.709 0.168 0.7075 0.114 0.703 0.13133333333333333 0.6925 0.13466666666666666 0.6855 0.134 0.675 0.12733333333333333 0.668 0.11933333333333333 0.664 0.10733333333333334 0.664 0.094 0.668 0.09 0.667 0.09266666666666666 0.628 0.094 0.625 0.10133333333333333 0.621 0.11933333333333333 0.62 0.13333333333333333 0.6135 0.13733333333333334 0.6095 0.13866666666666666 0.5985 0.13466666666666666 0.5925 0.12333333333333334 0.5865 0.10866666666666666 0.588 0.11133333333333334 0.592 0.102 0.593 0.09866666666666667 0.6 0.09466666666666666 0.599 0.09533333333333334 0.5945 0.092 0.5955 0.08666666666666667 0.5925 0.09266666666666666 0.588 0.09466666666666666 0.544 0.102 0.541 0.12933333333333333 0.5405 0.142 0.529 0.14133333333333334 0.519 0.13333333333333333 0.511 0.122 0.5095 0.11133333333333334 0.5115 0.11266666666666666 0.514 0.11933333333333333 0.515 0.11933333333333333 0.517 0.108 0.5165 0.10466666666666667 0.5115 0.10133333333333333 0.512 0.10333333333333333 0.5155 0.09866666666666667 0.518 0.08666666666666667 0.516 0.09333333333333334 0.5125 0.09266666666666666 0.51 0.088 0.5085 0.09333333333333334 0.5075 0.09933333333333333 0.4915 0.10333333333333333 0.4565 0.10133333333333333 0.413 0.10533333333333333 0.3845 0.112 0.3855 0.11866666666666667 0.3895 0.13733333333333334 0.3875 0.148 0.3735 0.14333333333333334 0.3625 0.14 0.3595 0.128 0.3565 0.12933333333333333 0.353 0.17466666666666666 0.35 0.178 0.3485 0.17866666666666667 0.3445 0.18333333333333332 0.345 0.18533333333333332 0.3495 0.208 0.3495 0.22666666666666666 0.3475 0.24466666666666667 0.3485 0.248 0.346 0.30733333333333335 0.346 0.328 0.3425 0.3313333333333333 0.339 0.338 0.3425 0.36 0.3435 0.5393333333333333 0.3365
2 0.48333333333333334 0.39 0.4866666666666667 0.4215 0.48333333333333334 0.4315 0.4826666666666667 0.474 0.4786666666666667 0.4755 0.424 0.4765 0.376 0.476 0.37333333333333335 0.474 0.374 0.3995 0.376 0.393 0.44266666666666665 0.389 0.4826666666666667 0.39
2 0.30766666666666664 0.6185 0.11133333333333334 0.09
2 0.446 0.575 0.47733333333333333 0.5755 0.482 0.5775 0.48333333333333334 0.644 0.4806666666666667 0.668 0.37266666666666665 0.6645 0.368 0.6615 0.36866666666666664 0.6015 0.372 0.5745 0.44533333333333336 0.5755
2 0.37133333333333335 0.512 0.372 0.487 0.376 0.4825 0.43133333333333335 0.4835 0.4806666666666667 0.482 0.484 0.4865 0.48533333333333334 0.512 0.4826666666666667 0.52 0.48333333333333334 0.5605 0.482 0.568 0.47933333333333333 0.5695 0.37266666666666665 0.5675 0.37066666666666664 0.565 0.372 0.5125
2 0.20533333333333334 0.483 0.248 0.4835 0.25133333333333335 0.485 0.25133333333333335 0.5355 0.24933333333333332 0.5645 0.24666666666666667 0.5675 0.15133333333333332 0.5675 0.148 0.5645 0.14933333333333335 0.5355 0.14733333333333334 0.529 0.152 0.516 0.154 0.516 0.156 0.526 0.17133333333333334 0.536 0.184 0.535 0.19266666666666668 0.5385 0.22066666666666668 0.542 0.23 0.539 0.236 0.534 0.23933333333333334 0.527 0.23866666666666667 0.5175 0.232 0.51 0.224 0.5075 0.17666666666666667 0.5 0.16133333333333333 0.504 0.15733333333333333 0.507 0.154 0.515 0.15133333333333332 0.513 0.15 0.4895 0.154 0.484 0.20466666666666666 0.483
2 0.154 0.4785 0.152 0.442 0.15666666666666668 0.399 0.166 0.397 0.22266666666666668 0.3955 0.25 0.3955 0.25466666666666665 0.398 0.25333333333333335 0.47 0.25133333333333335 0.477 0.198 0.4795 0.15466666666666667 0.4785
2 0.29733333333333334 0.394 0.3526666666666667 0.3925 0.36666666666666664 0.3945 0.36533333333333334 0.474 0.36133333333333334 0.477 0.326 0.478 0.26466666666666666 0.478 0.26 0.4745 0.26266666666666666 0.397 0.26466666666666666 0.395 0.2966666666666667 0.394
2 0.15466666666666667 0.5715 0.19066666666666668 0.5725 0.21 0.571 0.248 0.574 0.24666666666666667 0.6555 0.24333333333333335 0.6585 0.23066666666666666 0.6595 0.17733333333333334 0.6585 0.14333333333333334 0.6555 0.14666666666666667 0.577 0.148 0.5735 0.154 0.5715
2 0.3626666666666667 0.4825 0.366 0.4875 0.36466666666666664 0.545 0.36333333333333334 0.564 0.3586666666666667 0.5685 0.26866666666666666 0.568 0.25733333333333336 0.566 0.25533333333333336 0.562 0.25866666666666666 0.487 0.262 0.4835 0.362 0.4825
4 0.07466666666666667 0.675 0.084 0.682 0.088 0.6885 0.08866666666666667 0.6955 0.08266666666666667 0.7065 0.068 0.711 0.06066666666666667 0.71 0.05333333333333334 0.7045 0.048 0.6955 0.048 0.6885 0.05 0.6835 0.05733333333333333 0.6775 0.064 0.675 0.074 0.675
4 0.082 0.507 0.08933333333333333 0.5095 0.09266666666666666 0.513 0.096 0.519 0.096 0.528 0.08933333333333333 0.5395 0.078 0.5415 0.06666666666666667 0.54 0.06 0.5365 0.056 0.529 0.056 0.5225 0.06466666666666666 0.5105 0.07266666666666667 0.507 0.08133333333333333 0.507
4 0.076 0.59 0.08066666666666666 0.591 0.08866666666666667 0.597 0.09266666666666666 0.607 0.08866666666666667 0.62 0.084 0.6245 0.07866666666666666 0.626 0.06066666666666667 0.624 0.052 0.613 0.05266666666666667 0.603 0.056666666666666664 0.596 0.064 0.5915 0.07533333333333334 0.59
4 0.09266666666666666 0.345 0.10333333333333333 0.352 0.10466666666666667 0.3635 0.09933333333333333 0.372 0.08466666666666667 0.3795 0.078 0.3785 0.068 0.3735 0.064 0.367 0.064 0.359 0.07266666666666667 0.3485 0.082 0.345 0.092 0.345
4 0.186 0.5015 0.19266666666666668 0.506 0.19533333333333333 0.5195 0.19 0.53 0.178 0.5355 0.16866666666666666 0.535 0.16 0.529 0.15533333333333332 0.5225 0.15466666666666667 0.514 0.15666666666666668 0.5085 0.16466666666666666 0.503 0.17333333333333334 0.501 0.18533333333333332 0.5015
3 0.486 0.384 0.49133333333333334 0.3865 0.492 0.389 0.492 0.4155 0.484 0.426 0.482 0.425 0.48333333333333334 0.3985 0.4806666666666667 0.392 0.394 0.3925 0.38 0.396 0.376 0.4005 0.37466666666666665 0.4735 0.37666666666666665 0.475 0.3933333333333333 0.4755 0.43266666666666664 0.474 0.47933333333333333 0.475 0.482 0.4735 0.48133333333333334 0.4455 0.484 0.4415 0.49066666666666664 0.453 0.49 0.502 0.48733333333333334 0.512 0.484 0.5165 0.48133333333333334 0.515 0.4826666666666667 0.4955 0.4806666666666667 0.4835 0.43333333333333335 0.4835 0.42866666666666664 0.4855 0.42533333333333334 0.4835 0.37933333333333336 0.4835 0.37466666666666665 0.488 0.372 0.498 0.37133333333333335 0.564 0.37333333333333335 0.566 0.39666666666666667 0.5685 0.47533333333333333 0.5685 0.48133333333333334 0.562 0.4826666666666667 0.5455 0.48533333333333334 0.544 0.4886666666666667 0.546 0.4886666666666667 0.5925 0.484 0.597 0.48133333333333334 0.579 0.47333333333333333 0.576 0.414 0.5765 0.4033333333333333 0.574 0.37333333333333335 0.5765 0.37133333333333335 0.5795 0.368 0.6525 0.36866666666666664 0.6595 0.372 0.662 0.43266666666666664 0.663 0.44866666666666666 0.6655 0.476 0.665 0.48133333333333334 0.66 0.48133333333333334 0.6295 0.484 0.6295 0.48733333333333334 0.635 0.488 0.6435 0.48733333333333334 0.668 0.484 0.671 0.14666666666666667 0.66 0.14066666666666666 0.658 0.13933333333333334 0.6365 0.14333333333333334 0.554 0.14866666666666667 0.5265 0.14666666666666667 0.523 0.14666666666666667 0.475 0.15 0.448 0.15066666666666667 0.397 0.154 0.3945 0.234 0.3905 0.31133333333333335 0.39 0.3973333333333333 0.3855 0.48533333333333334 0.384