4 0.60125 0.6366666666666667 0.6075 0.64 0.61375 0.6483333333333333 0.6175 0.66 0.6175 0.68 0.615 0.6883333333333334 0.61125 0.6933333333333334 0.60125 0.6983333333333334 0.5875 0.6983333333333334 0.58125 0.695 0.57625 0.6883333333333334 0.57125 0.6683333333333333 0.57375 0.6516666666666666 0.58 0.6416666666666667 0.58875 0.6366666666666667 0.6 0.6366666666666667
4 0.45625 0.315 0.46375 0.32166666666666666 0.47 0.3333333333333333 0.47 0.355 0.4675 0.36333333333333334 0.4625 0.37 0.455 0.37333333333333335 0.44 0.37166666666666665 0.435 0.36833333333333335 0.425 0.355 0.425 0.3283333333333333 0.4275 0.3233333333333333 0.44125 0.31166666666666665 0.45 0.31166666666666665 0.455 0.315
4 0.6575 0.17 0.66875 0.17666666666666667 0.6775 0.18833333333333332 0.67875 0.195 0.6775 0.21333333333333335 0.6725 0.22333333333333333 0.665 0.22833333333333333 0.65 0.22666666666666666 0.64375 0.22333333333333333 0.635 0.21 0.6325 0.2 0.6325 0.18833333333333332 0.6425 0.17 0.65625 0.17
4 0.675 0.31333333333333335 0.6825 0.32 0.69 0.34 0.69 0.35333333333333333 0.6875 0.36 0.68125 0.36833333333333335 0.675 0.37166666666666665 0.65875 0.37 0.65 0.3616666666666667 0.645 0.34833333333333333 0.64625 0.3283333333333333 0.65375 0.31666666666666665 0.66375 0.31166666666666665 0.67375 0.31333333333333335
0 0.455 0.485 0.4675 0.49666666666666665 0.4725 0.51 0.47125 0.53 0.46375 0.5416666666666666 0.455 0.5466666666666666 0.4325 0.5433333333333333 0.42375 0.5233333333333333 0.425 0.5033333333333333 0.435 0.48833333333333334 0.44375 0.48333333333333334 0.45375 0.485
0 0.23125 0.3333333333333333 0.24 0.35 0.24125 0.37166666666666665 0.2375 0.38166666666666665 0.23375 0.385 0.22 0.39 0.21 0.3883333333333333 0.2025 0.38333333333333336 0.19375 0.37 0.1925 0.3566666666666667 0.19875 0.335 0.20875 0.32666666666666666 0.22 0.32666666666666666 0.23 0.3333333333333333
0 0.21375 0.18 0.22625 0.18833333333333332 0.23625 0.20333333333333334 0.235 0.22666666666666666 0.23 0.235 0.22 0.24 0.2 0.23833333333333334 0.19 0.22833333333333333 0.1875 0.22 0.1875 0.20666666666666667 0.19125 0.19 0.2 0.18166666666666667 0.2125 0.18
0 0.23 0.4816666666666667 0.2425 0.49333333333333335 0.2475 0.5066666666666667 0.2475 0.52 0.245 0.53 0.23625 0.5433333333333333 0.23 0.5466666666666666 0.21375 0.5466666666666666 0.20875 0.5433333333333333 0.20125 0.5333333333333333 0.1975 0.5133333333333333 0.19875 0.5016666666666667 0.2025 0.49166666666666664 0.215 0.4816666666666667 0.22875 0.4816666666666667
0 0.3325 0.5 0.34125 0.5033333333333333 0.35 0.5116666666666667 0.35375 0.52 0.35625 0.5333333333333333 0.355 0.545 0.35125 0.5533333333333333 0.3425 0.5633333333333334 0.33375 0.5666666666666667 0.325 0.5666666666666667 0.3175 0.5633333333333334 0.30875 0.5533333333333333 0.305 0.5416666666666666 0.305 0.5266666666666666 0.31 0.5133333333333333 0.31875 0.5033333333333333 0.33125 0.5
1 0.65625 0.17333333333333334 0.665 0.17833333333333334 0.67375 0.19166666666666668 0.675 0.205 0.67 0.21166666666666667 0.6675 0.22166666666666668 0.66125 0.22833333333333333 0.665 0.24333333333333335 0.66375 0.26 0.6725 0.31 0.6825 0.3233333333333333 0.68875 0.3416666666666667 0.68875 0.35 0.6825 0.365 0.6775 0.37166666666666665 0.67875 0.4166666666666667 0.68125 0.435 0.68375 0.49166666666666664 0.68875 0.5333333333333333 0.69 0.5683333333333334 0.69375 0.5916666666666667 0.69375 0.615 0.69625 0.63 0.695 0.6383333333333333 0.70375 0.725 0.705 0.7566666666666667 0.7075 0.7666666666666667 0.7075 0.815 0.70375 0.8183333333333334 0.685 0.8216666666666667 0.62625 0.825 0.6 0.83 0.48125 0.8416666666666667 0.4275 0.85 0.38 0.8533333333333334 0.36875 0.8566666666666667 0.295 0.8633333333333333 0.22625 0.8733333333333333 0.21375 0.8716666666666667 0.21125 0.8683333333333333 0.21 0.855 0.21125 0.845 0.20625 0.7566666666666667 0.2075 0.735 0.20375 0.69 0.20375 0.6416666666666667 0.2 0.57 0.20125 0.535 0.19875 0.5233333333333333 0.19875 0.4716666666666667 0.195 0.425 0.19625 0.38666666666666666 0.1925 0.36833333333333335 0.19125 0.25166666666666665 0.19375 0.235 0.18875 0.22166666666666668 0.18875 0.20666666666666667 0.19125 0.195 0.2 0.185 0.21375 0.18333333333333332 0.22375 0.18833333333333332 0.2375 0.20666666666666667 0.28125 0.20333333333333334 0.31875 0.205 0.3725 0.20166666666666666 0.4625 0.20166666666666666 0.55625 0.19666666666666666 0.63 0.19666666666666666 0.64 0.17833333333333334 0.65 0.17166666666666666 0.655 0.17333333333333334
2 0.275 0.6133333333333333 0.3225 0.6083333333333333 0.34875 0.6083333333333333 0.3625 0.605 0.38625 0.605 0.39 0.61 0.39125 0.62 0.39375 0.6816666666666666 0.3975 0.7216666666666667 0.3975 0.755 0.39375 0.7583333333333333 0.29875 0.77 0.2825 0.7683333333333333 0.28 0.7616666666666667 0.28 0.7266666666666667 0.2775 0.7183333333333334 0.275 0.67 0.275 0.615
2 0.59625 0.27666666666666667 0.60625 0.28 0.60875 0.2866666666666667 0.61125 0.335 0.615 0.34833333333333333 0.6125 0.35333333333333333 0.615 0.36333333333333334 0.61625 0.415 0.61125 0.41833333333333333 0.59625 0.42 0.51625 0.42333333333333334 0.51125 0.4216666666666667 0.50875 0.41333333333333333 0.505 0.33 0.5025 0.31333333333333335 0.5025 0.285 0.5075 0.2816666666666667 0.52375 0.28 0.595 0.27666666666666667
2 0.50625 0.595 0.51 0.5966666666666667 0.5125 0.6016666666666667 0.515 0.6266666666666667 0.515 0.65 0.52125 0.725 0.52 0.7433333333333333 0.505 0.7483333333333333 0.49 0.7483333333333333 0.46375 0.7533333333333333 0.44 0.7533333333333333 0.425 0.7566666666666667 0.4125 0.7566666666666667 0.4075 0.75 0.4025 0.6883333333333334 0.40375 0.6766666666666666 0.4 0.6283333333333333 0.40125 0.605 0.4075 0.6016666666666667 0.42125 0.6 0.45875 0.6 0.505 0.595
2 0.4575 0.5016666666666667 0.4575 0.5066666666666667 0.46 0.51 0.46 0.52 0.4575 0.5216666666666666 0.46125 0.525 0.46 0.5283333333333333 0.455 0.5316666666666666 0.455 0.535 0.4525 0.5366666666666666 0.44625 0.5366666666666666 0.44125 0.5333333333333333 0.43875 0.5266666666666666 0.42875 0.5266666666666666 0.4275 0.5283333333333333 0.43375 0.5383333333333333 0.43375 0.5416666666666666 0.45375 0.5466666666666666 0.45875 0.545 0.4675 0.5366666666666666 0.47125 0.5233333333333333 0.47125 0.5183333333333333 0.4675 0.5116666666666667 0.46875 0.505 0.465 0.49666666666666665 0.45625 0.48833333333333334 0.45375 0.49 0.45625 0.49333333333333335 0.45375 0.49666666666666665 0.45625 0.5
2 0.36875 0.28833333333333333 0.37375 0.29333333333333333 0.375 0.3 0.38125 0.3983333333333333 0.38125 0.42833333333333334 0.3775 0.43166666666666664 0.3475 0.43166666666666664 0.31 0.43666666666666665 0.26875 0.43666666666666665 0.265 0.43166666666666664 0.26625 0.41333333333333333 0.2625 0.37 0.2625 0.33166666666666667 0.26 0.32 0.2625 0.29333333333333333 0.26625 0.29 0.29375 0.28833333333333333 0.3675 0.28833333333333333
2 0.61 0.43 0.615 0.43166666666666664 0.62 0.44333333333333336 0.61875 0.45 0.62125 0.465 0.62125 0.48333333333333334 0.625 0.5033333333333333 0.62375 0.52 0.6275 0.5533333333333333 0.62625 0.5733333333333334 0.5425 0.5816666666666667 0.5225 0.5816666666666667 0.51875 0.575 0.515 0.5066666666666667 0.5125 0.49333333333333335 0.51125 0.44166666666666665 0.515 0.43666666666666665 0.53875 0.43333333333333335 0.55125 0.435 0.60875 0.43
2 0.2675 0.4483333333333333 0.3325 0.44333333333333336 0.38 0.445 0.3825 0.4483333333333333 0.38375 0.46166666666666667 0.3875 0.5566666666666666 0.39 0.57 0.39 0.5883333333333334 0.3875 0.5916666666666667 0.3325 0.5983333333333334 0.27625 0.6016666666666667 0.2725 0.595 0.2725 0.5766666666666667 0.27 0.56 0.2675 0.4866666666666667 0.26875 0.4716666666666667 0.26625 0.46 0.2675 0.45
2 0.5225 0.595 0.5725 0.5883333333333334 0.62625 0.5866666666666667 0.62875 0.59 0.63125 0.605 0.64 0.7133333333333334 0.64 0.7333333333333333 0.63375 0.7366666666666667 0.54625 0.745 0.53 0.7433333333333333 0.5275 0.7266666666666667 0.52875 0.7216666666666667 0.525 0.69 0.52375 0.6416666666666667 0.52125 0.625 0.5225 0.5966666666666667
2 0.4875 0.285 0.49125 0.2916666666666667 0.49375 0.305 0.49875 0.395 0.50125 0.4066666666666667 0.5 0.4216666666666667 0.49375 0.425 0.47625 0.4266666666666667 0.46125 0.425 0.40375 0.43 0.3925 0.42833333333333334 0.38875 0.42 0.385 0.29 0.3875 0.2866666666666667 0.395 0.285 0.42625 0.285 0.4475 0.2816666666666667 0.48375 0.2816666666666667 0.48625 0.285
3 0.56375 0.27 0.60125 0.27 0.60875 0.2733333333333333 0.615 0.2866666666666667 0.61875 0.355 0.62125 0.3616666666666667 0.62125 0.39666666666666667 0.62625 0.43166666666666664 0.6275 0.47333333333333333 0.63 0.48 0.63625 0.62 0.64125 0.6483333333333333 0.64375 0.6783333333333333 0.64625 0.7283333333333334 0.645 0.7383333333333333 0.6425 0.7416666666666667 0.61 0.7466666666666667 0.5875 0.7466666666666667 0.50625 0.7566666666666667 0.4325 0.7616666666666667 0.3925 0.7683333333333333 0.32 0.7716666666666666 0.27875 0.7783333333333333 0.275 0.775 0.27125 0.72 0.2725 0.7116666666666667 0.2675 0.6333333333333333 0.2675 0.6033333333333334 0.265 0.5883333333333334 0.26125 0.44 0.25875 0.42333333333333334 0.26 0.36666666666666664 0.25625 0.3516666666666667 0.2575 0.34833333333333333 0.255 0.33166666666666667 0.25375 0.2833333333333333 0.25875 0.28 0.29 0.2783333333333333 0.3725 0.2783333333333333 0.38 0.275 0.5625 0.27166666666666667