0 0.48375 0.495 0.48875 0.5 0.4925 0.5083333333333333 0.49375 0.5233333333333333 0.49125 0.5333333333333333 0.4825 0.5433333333333333 0.4625 0.5433333333333333 0.45375 0.5266666666666666 0.45375 0.5116666666666667 0.46 0.49666666666666665 0.46875 0.49166666666666664 0.4775 0.49166666666666664 0.4825 0.495
0 0.2825 0.245 0.29 0.24666666666666667 0.3 0.25666666666666665 0.3025 0.2683333333333333 0.3 0.285 0.295 0.2916666666666667 0.28625 0.295 0.2725 0.29333333333333333 0.265 0.285 0.2625 0.27666666666666667 0.2625 0.2633333333333333 0.265 0.25666666666666665 0.275 0.24666666666666667 0.28125 0.24666666666666667
0 0.29875 0.49166666666666664 0.305 0.49833333333333335 0.3075 0.505 0.31 0.5233333333333333 0.3075 0.5316666666666666 0.30125 0.54 0.29375 0.5433333333333333 0.2825 0.5433333333333333 0.27125 0.5316666666666666 0.26875 0.5216666666666666 0.26875 0.5083333333333333 0.27125 0.5 0.27875 0.49166666666666664 0.2975 0.49166666666666664
0 0.38 0.505 0.39125 0.5133333333333333 0.395 0.5233333333333333 0.39625 0.5366666666666666 0.39125 0.5516666666666666 0.3875 0.5566666666666666 0.37875 0.56 0.36375 0.5566666666666666 0.3575 0.5466666666666666 0.355 0.5366666666666666 0.3575 0.5183333333333333 0.3675 0.5066666666666667 0.37875 0.505
0 0.295 0.36666666666666664 0.3025 0.375 0.30625 0.39 0.30375 0.4066666666666667 0.29625 0.41333333333333333 0.27625 0.41333333333333333 0.26875 0.40166666666666667 0.26625 0.39166666666666666 0.2675 0.38 0.27125 0.37166666666666665 0.28125 0.365 0.29375 0.36666666666666664
1 0.65125 0.23 0.66125 0.235 0.66875 0.245 0.67 0.25166666666666665 0.6675 0.26666666666666666 0.6625 0.2783333333333333 0.665 0.2833333333333333 0.665 0.305 0.66875 0.3283333333333333 0.66875 0.3433333333333333 0.67 0.35 0.675 0.3566666666666667 0.67875 0.37166666666666665 0.67875 0.38 0.6725 0.3933333333333333 0.6725 0.40166666666666667 0.67625 0.42 0.675 0.43833333333333335 0.6775 0.45666666666666667 0.6775 0.48 0.68 0.49166666666666664 0.67875 0.5016666666666667 0.6825 0.53 0.6825 0.55 0.6875 0.605 0.68625 0.6083333333333333 0.68875 0.6516666666666666 0.69125 0.665 0.69125 0.69 0.69625 0.7333333333333333 0.695 0.7783333333333333 0.68875 0.7816666666666666 0.67125 0.7833333333333333 0.58375 0.7883333333333333 0.53 0.795 0.5 0.795 0.48375 0.7983333333333333 0.455 0.7983333333333333 0.2925 0.8133333333333334 0.27875 0.8116666666666666 0.27625 0.8083333333333333 0.275 0.7966666666666666 0.27625 0.79 0.27375 0.7633333333333333 0.2725 0.615 0.26875 0.52 0.26875 0.4 0.265 0.3416666666666667 0.26375 0.28 0.265 0.26 0.27625 0.24833333333333332 0.2925 0.25 0.305 0.26666666666666666 0.37875 0.26166666666666666 0.49 0.25833333333333336 0.5175 0.255 0.63 0.25166666666666665 0.6425 0.23333333333333334 0.65 0.23166666666666666
2 0.425 0.595 0.4275 0.5983333333333334 0.43125 0.6983333333333334 0.43 0.72 0.425 0.7233333333333334 0.41375 0.725 0.3475 0.73 0.3375 0.73 0.335 0.7283333333333334 0.33375 0.7216666666666667 0.33125 0.6033333333333334 0.33375 0.6 0.37 0.5983333333333334 0.3875 0.595 0.42375 0.595
2 0.61 0.32 0.6125 0.32166666666666666 0.615 0.33 0.6175 0.37 0.62 0.37833333333333335 0.61875 0.4 0.62125 0.435 0.615 0.44 0.56875 0.44166666666666665 0.52875 0.44 0.52375 0.3283333333333333 0.52625 0.3233333333333333 0.53625 0.32166666666666666 0.60875 0.32
2 0.51875 0.5866666666666667 0.52875 0.59 0.53 0.5966666666666667 0.53375 0.6716666666666666 0.53375 0.7116666666666667 0.53 0.715 0.52125 0.7166666666666667 0.475 0.72 0.44125 0.7183333333333334 0.43875 0.7016666666666667 0.435 0.5983333333333334 0.43875 0.595 0.45375 0.5916666666666667 0.5175 0.5866666666666667
2 0.52125 0.455 0.52375 0.46 0.52375 0.485 0.52625 0.5033333333333333 0.52875 0.5633333333333334 0.5275 0.575 0.52375 0.5783333333333334 0.45375 0.5833333333333334 0.43875 0.5833333333333334 0.43375 0.58 0.43375 0.5466666666666666 0.43 0.5016666666666667 0.43125 0.46 0.44875 0.45666666666666667 0.4525 0.4583333333333333 0.52 0.455
2 0.41375 0.33 0.4175 0.34 0.42125 0.44666666666666666 0.41875 0.45 0.35 0.455 0.32875 0.455 0.32625 0.45166666666666666 0.3225 0.385 0.3225 0.335 0.35875 0.33 0.4125 0.33
2 0.6175 0.4483333333333333 0.6225 0.45666666666666667 0.62375 0.4683333333333333 0.62875 0.5683333333333334 0.6225 0.5716666666666667 0.59125 0.5716666666666667 0.57625 0.575 0.5375 0.5733333333333334 0.53375 0.5416666666666666 0.53375 0.5083333333333333 0.53 0.46 0.5325 0.455 0.53625 0.4533333333333333 0.61625 0.4483333333333333
2 0.42 0.46 0.42375 0.48833333333333334 0.4225 0.5033333333333333 0.425 0.52 0.425 0.5816666666666667 0.42125 0.585 0.345 0.5883333333333334 0.335 0.5916666666666667 0.33125 0.585 0.33125 0.5683333333333334 0.3275 0.54 0.3275 0.4683333333333333 0.33 0.465 0.33625 0.4633333333333333 0.40375 0.4583333333333333 0.41875 0.46
2 0.59875 0.5816666666666667 0.625 0.5816666666666667 0.63 0.5866666666666667 0.63125 0.6133333333333333 0.63625 0.6433333333333333 0.6375 0.705 0.635 0.7083333333333334 0.575 0.7133333333333334 0.5425 0.7116666666666667 0.5425 0.6716666666666666 0.5375 0.6116666666666667 0.53875 0.59 0.54125 0.5866666666666667 0.55 0.585 0.5775 0.585 0.5975 0.5816666666666667
2 0.51125 0.3233333333333333 0.515 0.3283333333333333 0.5175 0.34833333333333333 0.52125 0.44 0.51625 0.445 0.46375 0.4483333333333333 0.43125 0.4483333333333333 0.4275 0.445 0.42875 0.43833333333333335 0.4275 0.4033333333333333 0.425 0.38666666666666666 0.42375 0.33166666666666667 0.43 0.32666666666666666 0.43625 0.3283333333333333 0.4675 0.32666666666666666 0.47875 0.3233333333333333 0.51 0.3233333333333333
4 0.6675 0.34833333333333333 0.6725 0.3516666666666667 0.67875 0.36333333333333334 0.68 0.38333333333333336 0.67375 0.3933333333333333 0.66625 0.3983333333333333 0.655 0.3983333333333333 0.65 0.395 0.6425 0.38166666666666665 0.6425 0.36333333333333334 0.645 0.3566666666666667 0.655 0.34833333333333333 0.66625 0.34833333333333333
4 0.605 0.6216666666666667 0.61125 0.6283333333333333 0.61375 0.635 0.615 0.65 0.6125 0.6633333333333333 0.60875 0.6683333333333333 0.59875 0.6733333333333333 0.59 0.6733333333333333 0.5825 0.67 0.57625 0.6566666666666666 0.575 0.6416666666666667 0.57625 0.6333333333333333 0.58125 0.625 0.58875 0.62 0.60375 0.6216666666666667
4 0.66125 0.23166666666666666 0.67125 0.245 0.6725 0.25166666666666665 0.67 0.26666666666666666 0.6625 0.27666666666666667 0.64625 0.27666666666666667 0.64125 0.2733333333333333 0.63625 0.26666666666666666 0.6325 0.25333333333333335 0.635 0.24 0.6425 0.23 0.655 0.22833333333333333 0.66 0.23166666666666666
4 0.48 0.35 0.4875 0.355 0.49375 0.37 0.49375 0.38166666666666665 0.49125 0.39166666666666666 0.4825 0.4 0.465 0.3983333333333333 0.4575 0.39 0.455 0.38333333333333336 0.455 0.37 0.45875 0.35833333333333334 0.4675 0.35 0.47875 0.35
3 0.32375 0.5216666666666666 0.32125 0.48 0.32375 0.47333333333333333 0.32375 0.465 0.32 0.45166666666666666 0.32 0.40166666666666667 0.3175 0.36666666666666664 0.3175 0.33 0.32 0.32666666666666666 0.425 0.3233333333333333 0.4375 0.32 0.4825 0.32 0.49125 0.31666666666666665 0.53625 0.31666666666666665 0.56125 0.31333333333333335 0.61625 0.31333333333333335 0.62 0.3233333333333333 0.625 0.38333333333333336 0.62375 0.41 0.62625 0.415 0.6275 0.45 0.63 0.46 0.63 0.485 0.63375 0.5083333333333333 0.6325 0.5283333333333333 0.63625 0.5633333333333334 0.635 0.5916666666666667 0.6375 0.6016666666666667 0.63875 0.6316666666666667 0.6425 0.6566666666666666 0.6425 0.71 0.635 0.715 0.61625 0.715 0.605 0.7183333333333334 0.5725 0.7183333333333334 0.55 0.7216666666666667 0.54125 0.72 0.50875 0.725 0.35 0.735 0.33 0.7333333333333333 0.32625 0.615 0.32375 0.6016666666666667 0.32375 0.5466666666666666 0.32875 0.5466666666666666 0.3325 0.5766666666666667 0.33125 0.585 0.33375 0.59 0.375 0.59 0.38 0.5866666666666667 0.42375 0.5833333333333334 0.4275 0.5766666666666667 0.4275 0.565 0.42375 0.5283333333333333 0.425 0.5133333333333333 0.4225 0.465 0.42 0.4583333333333333 0.33125 0.4633333333333333 0.325 0.47 0.3275 0.4766666666666667 0.3275 0.495 0.33 0.5066666666666667 0.33 0.5216666666666666 0.325 0.5216666666666666