0 0.4225 0.51 0.42875 0.5166666666666667 0.43125 0.5233333333333333 0.4325 0.5433333333333333 0.43 0.55 0.42125 0.56 0.40375 0.56 0.39875 0.5566666666666666 0.395 0.5466666666666666 0.39375 0.535 0.395 0.5216666666666666 0.4025 0.51 0.41 0.5066666666666667 0.41625 0.5066666666666667 0.42125 0.51
0 0.2275 0.345 0.23375 0.34833333333333333 0.24125 0.35833333333333334 0.24375 0.36833333333333335 0.24375 0.38166666666666665 0.24125 0.39 0.23625 0.39666666666666667 0.22875 0.4 0.21375 0.3983333333333333 0.20375 0.39 0.2 0.38166666666666665 0.2 0.3616666666666667 0.2025 0.355 0.2075 0.34833333333333333 0.21625 0.3433333333333333 0.22625 0.345
0 0.23125 0.21 0.23625 0.21333333333333335 0.2425 0.225 0.24375 0.245 0.23875 0.25833333333333336 0.23 0.265 0.2225 0.265 0.21125 0.25833333333333336 0.205 0.25166666666666665 0.2 0.24 0.2 0.22333333333333333 0.205 0.21333333333333335 0.21625 0.20666666666666667 0.225 0.20666666666666667 0.23 0.21
0 0.22 0.48333333333333334 0.23375 0.49 0.24125 0.5033333333333333 0.24125 0.5233333333333333 0.23875 0.5316666666666666 0.23125 0.5383333333333333 0.2225 0.5416666666666666 0.215 0.5416666666666666 0.20625 0.5366666666666666 0.2025 0.5333333333333333 0.19875 0.5216666666666666 0.19875 0.5016666666666667 0.20125 0.49333333333333335 0.20875 0.4866666666666667 0.21875 0.48333333333333334
0 0.325 0.515 0.33 0.5183333333333333 0.335 0.5283333333333333 0.33625 0.545 0.3325 0.5583333333333333 0.3275 0.565 0.32125 0.5683333333333334 0.3075 0.5683333333333334 0.29875 0.5616666666666666 0.29375 0.5483333333333333 0.29375 0.53 0.29625 0.5216666666666666 0.3025 0.515 0.31 0.5116666666666667 0.31875 0.5116666666666667 0.32375 0.515
1 0.23 0.21 0.24125 0.22 0.24375 0.225 0.25125 0.22666666666666666 0.25375 0.225 0.28625 0.23166666666666666 0.32375 0.235 0.35125 0.24166666666666667 0.41125 0.24833333333333332 0.43125 0.25333333333333335 0.51 0.26166666666666666 0.52625 0.26666666666666666 0.5525 0.2683333333333333 0.56625 0.2733333333333333 0.575 0.27166666666666667 0.58375 0.265 0.59375 0.265 0.60375 0.275 0.60625 0.2833333333333333 0.60625 0.29333333333333333 0.59875 0.30666666666666664 0.5875 0.31 0.585 0.31333333333333335 0.5825 0.3283333333333333 0.5825 0.37666666666666665 0.585 0.38333333333333336 0.59875 0.385 0.60625 0.39666666666666667 0.6075 0.4083333333333333 0.60625 0.41833333333333333 0.6025 0.425 0.58625 0.435 0.58375 0.455 0.58375 0.6266666666666667 0.58625 0.6633333333333333 0.58625 0.78 0.58375 0.7916666666666666 0.535 0.7983333333333333 0.40875 0.8083333333333333 0.37625 0.8083333333333333 0.365 0.8116666666666666 0.30375 0.815 0.20875 0.825 0.17875 0.825 0.17625 0.8216666666666667 0.17875 0.26 0.18 0.22166666666666668 0.1825 0.21833333333333332 0.2025 0.21666666666666667 0.21625 0.20833333333333334 0.22875 0.21
2 0.485 0.33 0.53125 0.335 0.5375 0.34 0.53875 0.45166666666666666 0.53625 0.4583333333333333 0.4675 0.455 0.45625 0.4533333333333333 0.45375 0.45 0.45375 0.385 0.45125 0.37666666666666665 0.45375 0.3333333333333333 0.45625 0.33 0.48375 0.33
2 0.535 0.6 0.53875 0.6033333333333334 0.54 0.655 0.525 0.645 0.5175 0.645 0.5075 0.65 0.505 0.6533333333333333 0.5025 0.665 0.5025 0.6816666666666666 0.5075 0.695 0.5175 0.7 0.5275 0.6983333333333334 0.54 0.6883333333333334 0.54125 0.6983333333333334 0.53875 0.7233333333333334 0.53125 0.7266666666666667 0.4825 0.7283333333333334 0.45625 0.7283333333333334 0.45375 0.7233333333333334 0.45375 0.6033333333333334 0.45625 0.6 0.53375 0.6
2 0.2475 0.30666666666666664 0.26125 0.305 0.3175 0.31 0.3425 0.31666666666666665 0.34625 0.325 0.34625 0.44 0.34375 0.44666666666666666 0.24875 0.44166666666666665 0.24625 0.43833333333333335 0.245 0.43 0.245 0.32 0.2475 0.30833333333333335
2 0.50625 0.4666666666666667 0.535 0.4683333333333333 0.53875 0.4716666666666667 0.53875 0.5883333333333334 0.5325 0.5916666666666667 0.45625 0.59 0.45375 0.5866666666666667 0.45375 0.4666666666666667 0.505 0.4666666666666667
2 0.29625 0.4533333333333333 0.32 0.4533333333333333 0.345 0.46 0.345 0.515 0.34875 0.5383333333333333 0.34625 0.5466666666666666 0.345 0.5883333333333334 0.2475 0.59 0.245 0.5866666666666667 0.24625 0.4533333333333333 0.27125 0.45166666666666666 0.295 0.455
2 0.34375 0.6016666666666667 0.34625 0.6916666666666667 0.345 0.73 0.34 0.735 0.2525 0.74 0.24375 0.7366666666666667 0.245 0.6033333333333334 0.2475 0.6 0.26375 0.5983333333333334 0.3025 0.6016666666666667 0.3425 0.6016666666666667
2 0.3725 0.31833333333333336 0.4325 0.3233333333333333 0.44 0.325 0.44375 0.33 0.44625 0.37333333333333335 0.445 0.38166666666666665 0.4475 0.39 0.445 0.3933333333333333 0.445 0.44666666666666666 0.4425 0.45166666666666666 0.36 0.4483333333333333 0.35375 0.44333333333333336 0.35375 0.3233333333333333 0.3575 0.31833333333333336 0.37125 0.31833333333333336
2 0.39 0.4583333333333333 0.43625 0.46166666666666667 0.4425 0.4633333333333333 0.445 0.4666666666666667 0.44625 0.585 0.43875 0.59 0.355 0.5883333333333334 0.3525 0.5516666666666666 0.35375 0.4633333333333333 0.35625 0.46 0.365 0.4583333333333333 0.38875 0.4583333333333333
2 0.41375 0.6 0.44375 0.6 0.44625 0.605 0.44625 0.725 0.445 0.7283333333333334 0.44125 0.73 0.41375 0.73 0.39 0.7333333333333333 0.35875 0.7333333333333333 0.35375 0.73 0.3525 0.6116666666666667 0.355 0.6016666666666667 0.35875 0.6 0.4125 0.6
4 0.42375 0.35833333333333334 0.43375 0.365 0.44 0.38 0.44 0.39166666666666666 0.4375 0.4 0.4275 0.4116666666666667 0.41625 0.4116666666666667 0.41 0.4083333333333333 0.40125 0.39 0.40125 0.375 0.40375 0.36666666666666664 0.41375 0.35833333333333334 0.4225 0.35833333333333334
4 0.5925 0.26166666666666666 0.6 0.265 0.605 0.27166666666666667 0.60875 0.2833333333333333 0.60875 0.29333333333333333 0.60625 0.3 0.595 0.31166666666666665 0.58125 0.30666666666666664 0.57375 0.28833333333333333 0.57375 0.275 0.57625 0.2683333333333333 0.5825 0.2633333333333333 0.59125 0.26166666666666666
4 0.53 0.6483333333333333 0.5375 0.6566666666666666 0.54 0.6633333333333333 0.54 0.6816666666666666 0.5325 0.695 0.52625 0.6983333333333334 0.51125 0.6966666666666667 0.505 0.6866666666666666 0.50375 0.6683333333333333 0.50625 0.6566666666666666 0.51125 0.6483333333333333 0.52875 0.6483333333333333
4 0.59625 0.38166666666666665 0.605 0.39 0.60875 0.4 0.60875 0.415 0.60625 0.42333333333333334 0.59625 0.43166666666666664 0.585 0.43166666666666664 0.58125 0.42833333333333334 0.57625 0.41833333333333333 0.575 0.41 0.575 0.3983333333333333 0.5775 0.39 0.585 0.38333333333333336 0.595 0.38166666666666665
3 0.24125 0.2966666666666667 0.28375 0.3 0.345 0.31 0.40375 0.31333333333333335 0.41375 0.31666666666666665 0.4425 0.31833333333333336 0.45375 0.3233333333333333 0.515 0.32666666666666666 0.53875 0.33166666666666667 0.54125 0.34833333333333333 0.54375 0.3516666666666667 0.5425 0.5133333333333333 0.545 0.565 0.545 0.6616666666666666 0.5425 0.6633333333333333 0.53875 0.6533333333333333 0.53875 0.6083333333333333 0.535 0.6 0.4575 0.5983333333333334 0.45375 0.6033333333333334 0.4525 0.675 0.45375 0.7233333333333334 0.45875 0.7283333333333334 0.48125 0.7283333333333334 0.53625 0.7233333333333334 0.54 0.7133333333333334 0.54 0.6983333333333334 0.5375 0.6916666666666667 0.54125 0.6816666666666666 0.5425 0.67 0.54625 0.67 0.545 0.7183333333333334 0.5425 0.73 0.53125 0.73 0.5225 0.7333333333333333 0.465 0.7333333333333333 0.435 0.735 0.42375 0.7383333333333333 0.4125 0.7366666666666667 0.38625 0.74 0.345 0.74 0.265 0.7466666666666667 0.24 0.745 0.2375 0.6433333333333333 0.24 0.5966666666666667 0.23875 0.56 0.2425 0.525 0.245 0.525 0.245 0.585 0.2475 0.59 0.34375 0.59 0.3475 0.5816666666666667 0.34625 0.545 0.35 0.54 0.34625 0.535 0.34625 0.465 0.3425 0.45666666666666667 0.2825 0.45166666666666666 0.2475 0.45166666666666666 0.245 0.455 0.24375 0.5033333333333333 0.24 0.495 0.23875 0.44333333333333336 0.24 0.3983333333333333 0.24375 0.39166666666666666 0.245 0.435 0.24625 0.44 0.25 0.44333333333333336 0.28375 0.44333333333333336 0.32875 0.4483333333333333 0.345 0.44666666666666666 0.3475 0.425 0.34625 0.32166666666666666 0.34125 0.31666666666666665 0.32625 0.315 0.32 0.31166666666666665 0.25375 0.305 0.24625 0.31333333333333335 0.24625 0.3566666666666667 0.24875 0.36 0.2475 0.36833333333333335 0.24375 0.36333333333333334 0.24375 0.35833333333333334 0.24 0.3516666666666667 0.23875 0.3383333333333333 0.24125 0.29833333333333334