0 0.42533333333333334 0.4945 0.43933333333333335 0.5025 0.44333333333333336 0.516 0.436 0.527 0.41933333333333334 0.5335 0.408 0.533 0.3973333333333333 0.5265 0.3933333333333333 0.521 0.39266666666666666 0.511 0.39466666666666667 0.5045 0.40066666666666667 0.4985 0.412 0.4945 0.4246666666666667 0.4945
0 0.5133333333333333 0.415 0.522 0.4175 0.5306666666666666 0.4235 0.5346666666666666 0.4315 0.53 0.446 0.5153333333333333 0.4535 0.5033333333333333 0.4535 0.49466666666666664 0.451 0.488 0.4455 0.4846666666666667 0.4365 0.48533333333333334 0.4285 0.49066666666666664 0.421 0.498 0.417 0.5126666666666667 0.415
0 0.5086666666666667 0.693 0.5266666666666666 0.701 0.532 0.7095 0.5326666666666666 0.7155 0.53 0.7235 0.5253333333333333 0.7285 0.518 0.7325 0.5066666666666667 0.7345 0.49533333333333335 0.732 0.484 0.7235 0.4806666666666667 0.71 0.484 0.7015 0.492 0.6955 0.49933333333333335 0.693 0.508 0.693
0 0.5186666666666667 0.5985 0.526 0.6025 0.5313333333333333 0.609 0.5333333333333333 0.626 0.5253333333333333 0.6335 0.5146666666666667 0.637 0.502 0.637 0.492 0.6335 0.4846666666666667 0.6265 0.4826666666666667 0.615 0.4866666666666667 0.6055 0.49333333333333335 0.6005 0.5046666666666667 0.597 0.518 0.5985
0 0.514 0.5065 0.522 0.5085 0.5293333333333333 0.514 0.5333333333333333 0.519 0.534 0.5285 0.5266666666666666 0.54 0.5206666666666667 0.5435 0.5126666666666667 0.5445 0.494 0.542 0.48533333333333334 0.533 0.484 0.5235 0.48733333333333334 0.515 0.494 0.5095 0.5013333333333333 0.507 0.5133333333333333 0.5065
1 0.49933333333333335 0.337 0.52 0.3385 0.5533333333333333 0.3375 0.5573333333333333 0.344 0.5546666666666666 0.445 0.5566666666666666 0.519 0.5553333333333333 0.624 0.5513333333333333 0.717 0.5493333333333333 0.721 0.5433333333333333 0.724 0.5353333333333333 0.724 0.5286666666666666 0.721 0.5226666666666666 0.7275 0.5146666666666667 0.7315 0.49733333333333335 0.731 0.49066666666666664 0.7275 0.484 0.72 0.4633333333333333 0.721 0.384 0.716 0.31333333333333335 0.715 0.22933333333333333 0.709 0.16666666666666666 0.7085 0.11733333333333333 0.703 0.118 0.6995 0.126 0.697 0.13133333333333333 0.692 0.13466666666666666 0.685 0.134 0.675 0.12733333333333333 0.668 0.11933333333333333 0.664 0.108 0.664 0.09066666666666667 0.668 0.08933333333333333 0.6575 0.09266666666666666 0.6285 0.094 0.6245 0.10066666666666667 0.621 0.122 0.6185 0.13333333333333333 0.6135 0.13733333333333334 0.6075 0.138 0.5975 0.134 0.5915 0.124 0.5865 0.10666666666666667 0.588 0.09933333333333333 0.5955 0.102 0.5985 0.09866666666666667 0.5995 0.09866666666666667 0.602 0.09466666666666666 0.599 0.096 0.5955 0.092 0.596 0.08666666666666667 0.592 0.09266666666666666 0.588 0.09533333333333334 0.5445 0.102 0.5405 0.13 0.54 0.14133333333333334 0.5295 0.14133333333333334 0.519 0.13333333333333333 0.5115 0.12466666666666666 0.51 0.11533333333333333 0.511 0.11333333333333333 0.512 0.11533333333333333 0.5135 0.12266666666666666 0.5155 0.12 0.5195 0.11533333333333333 0.517 0.11 0.523 0.10466666666666667 0.523 0.102 0.5175 0.09533333333333334 0.5245 0.09133333333333334 0.521 0.08866666666666667 0.5255 0.09266666666666666 0.529 0.08466666666666667 0.533 0.08066666666666666 0.5315 0.078 0.5345 0.08 0.522 0.08333333333333333 0.519 0.07866666666666666 0.5165 0.074 0.517 0.07666666666666666 0.5145 0.08133333333333333 0.5145 0.08533333333333333 0.517 0.09 0.512 0.08733333333333333 0.5085 0.094 0.5055 0.09066666666666667 0.4975 0.09333333333333334 0.4975 0.09466666666666666 0.5035 0.09933333333333333 0.495 0.09933333333333333 0.477 0.10266666666666667 0.4595 0.10133333333333333 0.4125 0.10533333333333333 0.3835 0.118 0.389 0.13533333333333333 0.3875 0.14133333333333334 0.3835 0.14733333333333334 0.3745 0.14466666666666667 0.364 0.13933333333333334 0.3595 0.13 0.358 0.12733333333333333 0.356 0.12866666666666668 0.3545 0.17466666666666666 0.3505 0.182 0.3465 0.18466666666666667 0.3495 0.21666666666666667 0.3495 0.22733333333333333 0.347 0.24466666666666667 0.348 0.24933333333333332 0.341 0.25266666666666665 0.3415 0.25266666666666665 0.345 0.25533333333333336 0.3465 0.2793333333333333 0.347 0.32066666666666666 0.345 0.3273333333333333 0.341 0.36333333333333334 0.3435 0.37 0.342 0.492 0.339 0.49866666666666665 0.337
2 0.446 0.389 0.4806666666666667 0.3895 0.484 0.391 0.48533333333333334 0.4215 0.4826666666666667 0.474 0.474 0.476 0.40066666666666667 0.4765 0.37666666666666665 0.476 0.37333333333333335 0.4735 0.376 0.3935 0.4073333333333333 0.39 0.44533333333333336 0.3895
2 0.30933333333333335 0.573 0.35533333333333333 0.575 0.35933333333333334 0.5735 0.362 0.5755 0.36133333333333334 0.651 0.35933333333333334 0.6615 0.356 0.663 0.27466666666666667 0.662 0.25733333333333336 0.6595 0.25266666666666665 0.657 0.25666666666666665 0.575 0.25866666666666666 0.5735 0.30866666666666664 0.573
2 0.4026666666666667 0.5745 0.4766666666666667 0.5755 0.482 0.578 0.4826666666666667 0.6585 0.48133333333333334 0.666 0.47733333333333333 0.668 0.386 0.6645 0.372 0.6635 0.36866666666666664 0.6615 0.37 0.578 0.37266666666666665 0.5745 0.402 0.5745
2 0.406 0.482 0.42733333333333334 0.4835 0.4806666666666667 0.482 0.4826666666666667 0.4835 0.4846666666666667 0.5135 0.482 0.568 0.478 0.5695 0.446 0.57 0.37533333333333335 0.568 0.37133333333333335 0.566 0.37266666666666665 0.4865 0.37733333333333335 0.483 0.4053333333333333 0.482
2 0.21066666666666667 0.483 0.24733333333333332 0.4835 0.252 0.4865 0.24933333333333332 0.564 0.248 0.5665 0.24066666666666667 0.5675 0.15333333333333332 0.566 0.14866666666666667 0.564 0.14933333333333335 0.534 0.14733333333333334 0.5245 0.15 0.517 0.15133333333333332 0.487 0.15466666666666667 0.484 0.21 0.483
2 0.15733333333333333 0.399 0.19066666666666668 0.396 0.25 0.3955 0.25533333333333336 0.4005 0.252 0.476 0.248 0.4785 0.19533333333333333 0.4795 0.15466666666666667 0.4785 0.15266666666666667 0.4765 0.15333333333333332 0.4245 0.15733333333333333 0.3995
2 0.3626666666666667 0.393 0.366 0.3935 0.36733333333333335 0.3975 0.36533333333333334 0.474 0.3606666666666667 0.477 0.3253333333333333 0.478 0.2653333333333333 0.478 0.2613333333333333 0.4765 0.26266666666666666 0.397 0.2653333333333333 0.395 0.2813333333333333 0.394 0.362 0.393
2 0.17333333333333334 0.5725 0.24133333333333334 0.573 0.24866666666666667 0.575 0.24666666666666667 0.6555 0.242 0.659 0.21733333333333332 0.66 0.18 0.659 0.14333333333333334 0.655 0.14733333333333334 0.5735 0.15 0.572 0.17266666666666666 0.5725
2 0.316 0.483 0.3626666666666667 0.483 0.36533333333333334 0.486 0.3626666666666667 0.5655 0.35933333333333334 0.568 0.34933333333333333 0.5685 0.26866666666666666 0.568 0.256 0.564 0.26 0.4855 0.2653333333333333 0.483 0.31533333333333335 0.483
4 0.07466666666666667 0.675 0.08533333333333333 0.6835 0.08933333333333333 0.6925 0.08333333333333333 0.706 0.068 0.711 0.06066666666666667 0.71 0.05333333333333334 0.7045 0.048 0.6955 0.048 0.6885 0.05 0.6835 0.05733333333333333 0.6775 0.064 0.675 0.074 0.675
4 0.082 0.507 0.09133333333333334 0.5115 0.096 0.519 0.096 0.528 0.08933333333333333 0.5395 0.07933333333333334 0.5415 0.068 0.5405 0.06 0.5365 0.056 0.529 0.056 0.5225 0.059333333333333335 0.515 0.06533333333333333 0.51 0.07266666666666667 0.507 0.08133333333333333 0.507
4 0.07533333333333334 0.59 0.08133333333333333 0.5915 0.08866666666666667 0.597 0.09266666666666666 0.608 0.092 0.614 0.086 0.6235 0.07866666666666666 0.626 0.06 0.6235 0.052 0.6135 0.05266666666666667 0.602 0.05733333333333333 0.595 0.06733333333333333 0.5905 0.07466666666666667 0.59
4 0.09333333333333334 0.3455 0.10333333333333333 0.352 0.10466666666666667 0.3635 0.09933333333333333 0.372 0.08466666666666667 0.3795 0.07266666666666667 0.3765 0.06666666666666667 0.372 0.064 0.3585 0.07466666666666667 0.3475 0.082 0.345 0.09266666666666666 0.3455
4 0.182 0.5005 0.192 0.505 0.19533333333333333 0.52 0.19 0.53 0.17866666666666667 0.5355 0.16866666666666666 0.535 0.16 0.529 0.15533333333333332 0.5225 0.15466666666666667 0.5135 0.15733333333333333 0.5075 0.162 0.504 0.168 0.5015 0.18133333333333335 0.5005
3 0.4846666666666667 0.384 0.48933333333333334 0.385 0.492 0.3885 0.492 0.4165 0.484 0.425 0.4806666666666667 0.3925 0.39 0.393 0.38 0.396 0.376 0.4005 0.37466666666666665 0.474 0.4026666666666667 0.475 0.408 0.473 0.42533333333333334 0.4755 0.43 0.47 0.43533333333333335 0.474 0.4806666666666667 0.4745 0.4826666666666667 0.449 0.478 0.439 0.478 0.43 0.4806666666666667 0.4285 0.482 0.44 0.49066666666666664 0.454 0.49133333333333334 0.491 0.48933333333333334 0.5085 0.484 0.5165 0.4806666666666667 0.517 0.4786666666666667 0.515 0.482 0.51 0.4806666666666667 0.4835 0.42933333333333334 0.483 0.42533333333333334 0.486 0.4206666666666667 0.4855 0.41933333333333334 0.488 0.422 0.491 0.4026666666666667 0.495 0.4 0.4945 0.40066666666666667 0.488 0.3973333333333333 0.484 0.37933333333333336 0.4835 0.37533333333333335 0.4885 0.372 0.5045 0.372 0.565 0.39266666666666666 0.568 0.41333333333333333 0.5665 0.4186666666666667 0.568 0.474 0.569 0.4786666666666667 0.567 0.48133333333333334 0.562 0.4826666666666667 0.5455 0.48733333333333334 0.5445 0.4886666666666667 0.592 0.484 0.598 0.48133333333333334 0.5805 0.4766666666666667 0.577 0.4146666666666667 0.577 0.4046666666666667 0.575 0.37333333333333335 0.577 0.36866666666666664 0.652 0.37 0.6585 0.37533333333333335 0.662 0.4186666666666667 0.6615 0.454 0.6655 0.47533333333333333 0.6655 0.48133333333333334 0.6605 0.48133333333333334 0.63 0.484 0.6295 0.48733333333333334 0.634 0.488 0.6415 0.48733333333333334 0.6685 0.484 0.671 0.4633333333333333 0.671 0.46 0.6695 0.43533333333333335 0.6705 0.38666666666666666 0.6665 0.2826666666666667 0.665 0.2793333333333333 0.663 0.25133333333333335 0.664 0.152 0.6605 0.14066666666666666 0.6585 0.13933333333333334 0.6475 0.14266666666666666 0.567 0.148 0.527 0.14666666666666667 0.4775 0.15 0.444 0.15066666666666667 0.3965 0.156 0.394 0.16666666666666666 0.393 0.484 0.384