0 0.5025 0.49666666666666665 0.515 0.5083333333333333 0.51875 0.5216666666666666 0.51875 0.5333333333333333 0.51375 0.5433333333333333 0.50125 0.5516666666666666 0.49 0.5516666666666666 0.48375 0.5483333333333333 0.475 0.5316666666666666 0.475 0.5183333333333333 0.47875 0.5066666666666667 0.48875 0.49666666666666665 0.50125 0.49666666666666665
0 0.32125 0.21833333333333332 0.3275 0.22666666666666666 0.33125 0.24 0.33125 0.25166666666666665 0.325 0.2633333333333333 0.315 0.2683333333333333 0.3 0.26666666666666666 0.28875 0.25 0.28875 0.235 0.2925 0.225 0.30125 0.21666666666666667 0.315 0.215 0.32 0.21833333333333332
0 0.3225 0.48 0.33 0.49 0.33125 0.505 0.3275 0.5183333333333333 0.32125 0.5283333333333333 0.3175 0.53 0.3025 0.5283333333333333 0.2925 0.52 0.28875 0.5133333333333333 0.28625 0.49833333333333335 0.28875 0.48833333333333334 0.3 0.4766666666666667 0.31625 0.4766666666666667 0.32125 0.48
0 0.4025 0.5016666666666667 0.41 0.5066666666666667 0.41625 0.515 0.4175 0.54 0.4075 0.555 0.4 0.5583333333333333 0.39 0.5566666666666666 0.37875 0.545 0.375 0.5333333333333333 0.375 0.5216666666666666 0.38375 0.505 0.39 0.5016666666666667 0.40125 0.5016666666666667
0 0.31125 0.3433333333333333 0.32125 0.34833333333333333 0.33125 0.36666666666666664 0.33125 0.375 0.3275 0.38666666666666666 0.32 0.395 0.3125 0.3983333333333333 0.3 0.395 0.29125 0.38333333333333336 0.28875 0.37166666666666665 0.28875 0.365 0.2925 0.35333333333333333 0.30125 0.345 0.31 0.3433333333333333
1 0.31125 0.21666666666666667 0.32125 0.22 0.3275 0.22666666666666666 0.35375 0.22833333333333333 0.43 0.22833333333333333 0.5425 0.235 0.62125 0.235 0.65375 0.23833333333333334 0.6825 0.23833333333333334 0.695 0.23166666666666666 0.70625 0.23166666666666666 0.71625 0.24 0.72 0.24833333333333332 0.72 0.265 0.7125 0.2833333333333333 0.7125 0.3616666666666667 0.7175 0.37 0.72125 0.39 0.71375 0.41 0.71125 0.44166666666666665 0.71125 0.7733333333333333 0.71 0.79 0.70875 0.7933333333333333 0.70375 0.795 0.355 0.7883333333333333 0.30125 0.7866666666666666 0.29125 0.7833333333333333 0.29125 0.6766666666666666 0.28875 0.6416666666666667 0.29 0.515 0.2875 0.5033333333333333 0.29125 0.455 0.29125 0.385 0.28875 0.36333333333333334 0.29125 0.3433333333333333 0.29 0.235 0.2925 0.22666666666666666 0.29875 0.22 0.31 0.21666666666666667
2 0.39375 0.5816666666666667 0.44 0.5833333333333334 0.44375 0.585 0.445 0.5883333333333334 0.445 0.7083333333333334 0.4375 0.7133333333333334 0.36375 0.7133333333333334 0.35375 0.7116666666666667 0.35 0.7083333333333334 0.34875 0.6383333333333333 0.35125 0.5833333333333334 0.3925 0.5816666666666667
2 0.5325 0.43833333333333335 0.46125 0.435 0.4575 0.43166666666666664 0.45625 0.31166666666666665 0.46125 0.30666666666666664 0.5075 0.30666666666666664 0.55 0.31 0.55 0.435 0.53375 0.43666666666666665
2 0.54875 0.5883333333333334 0.55125 0.5933333333333334 0.55125 0.7083333333333334 0.54875 0.7133333333333334 0.54 0.7166666666666667 0.46375 0.715 0.4575 0.71 0.455 0.6916666666666667 0.455 0.6016666666666667 0.45625 0.59 0.46375 0.585 0.5325 0.585 0.5475 0.5883333333333334
2 0.5675 0.31 0.61 0.31 0.63 0.31333333333333335 0.645 0.31166666666666665 0.65125 0.31333333333333335 0.65375 0.31666666666666665 0.65625 0.325 0.65625 0.37 0.65875 0.375 0.655 0.38333333333333336 0.6575 0.3933333333333333 0.6575 0.4266666666666667 0.655 0.43833333333333335 0.64875 0.44166666666666665 0.62375 0.44166666666666665 0.56 0.43666666666666665 0.56 0.31833333333333336 0.56125 0.31333333333333335 0.56625 0.31166666666666665
2 0.43625 0.305 0.44375 0.30833333333333335 0.44625 0.31333333333333335 0.4475 0.42833333333333334 0.445 0.43333333333333335 0.44125 0.435 0.35375 0.43166666666666664 0.35 0.4266666666666667 0.35 0.30666666666666664 0.355 0.30333333333333334 0.435 0.305
2 0.57625 0.45 0.65 0.45166666666666666 0.65375 0.455 0.655 0.495 0.6525 0.5083333333333333 0.655 0.5316666666666666 0.655 0.5633333333333334 0.6525 0.5766666666666667 0.6475 0.58 0.57125 0.5783333333333334 0.56125 0.5766666666666667 0.55875 0.5733333333333334 0.56 0.4533333333333333 0.56375 0.45 0.575 0.45
2 0.3775 0.44166666666666665 0.4275 0.44333333333333336 0.44375 0.445 0.44625 0.4483333333333333 0.4475 0.56 0.4425 0.5733333333333334 0.35 0.57 0.35 0.44666666666666666 0.3525 0.44333333333333336 0.37625 0.44166666666666665
2 0.65 0.5883333333333334 0.655 0.595 0.65375 0.6316666666666667 0.655 0.6483333333333333 0.6575 0.655 0.655 0.7166666666666667 0.58125 0.7183333333333334 0.5625 0.7166666666666667 0.55875 0.7133333333333334 0.5575 0.6083333333333333 0.56 0.59 0.595 0.5866666666666667 0.64875 0.59
2 0.50125 0.445 0.545 0.44666666666666666 0.55125 0.4533333333333333 0.55125 0.5466666666666666 0.55 0.5733333333333334 0.54625 0.5766666666666667 0.46 0.575 0.45625 0.5683333333333334 0.45625 0.45166666666666666 0.45875 0.44666666666666666 0.46625 0.445 0.5 0.445
4 0.51625 0.35 0.5225 0.35833333333333334 0.52625 0.375 0.52 0.395 0.50875 0.40166666666666667 0.4975 0.4 0.48875 0.3933333333333333 0.48375 0.38333333333333336 0.48375 0.36666666666666664 0.4875 0.3566666666666667 0.495 0.34833333333333333 0.51 0.3466666666666667 0.515 0.35
4 0.6175 0.6383333333333333 0.63 0.6466666666666666 0.635 0.66 0.635 0.6733333333333333 0.6325 0.6833333333333333 0.6275 0.69 0.61625 0.6933333333333334 0.6025 0.69 0.59375 0.675 0.59375 0.6566666666666666 0.5975 0.6483333333333333 0.605 0.64 0.61625 0.6383333333333333
4 0.70875 0.23 0.72 0.24166666666666667 0.7225 0.26 0.71875 0.2733333333333333 0.71375 0.28 0.705 0.2833333333333333 0.69125 0.28 0.68375 0.27166666666666667 0.68125 0.2633333333333333 0.68125 0.24666666666666667 0.68375 0.24 0.69375 0.23 0.7075 0.23
4 0.7025 0.36 0.715 0.365 0.72 0.37333333333333335 0.72125 0.39666666666666667 0.7175 0.4066666666666667 0.7075 0.41333333333333333 0.69625 0.41333333333333333 0.69 0.41 0.68375 0.4 0.68125 0.3883333333333333 0.68125 0.37666666666666665 0.68375 0.37 0.69125 0.36333333333333334 0.70125 0.3616666666666667
3 0.345 0.2966666666666667 0.38 0.295 0.64125 0.305 0.66 0.30833333333333335 0.6625 0.31666666666666665 0.6625 0.36 0.66 0.37333333333333335 0.6625 0.4066666666666667 0.6625 0.5766666666666667 0.6575 0.595 0.66125 0.6016666666666667 0.66125 0.715 0.6575 0.725 0.63 0.7266666666666667 0.59875 0.7233333333333334 0.5725 0.725 0.52375 0.7216666666666667 0.35125 0.7183333333333334 0.345 0.7166666666666667 0.3425 0.705 0.3425 0.47 0.34375 0.4483333333333333 0.34625 0.44 0.3425 0.4083333333333333 0.345 0.29833333333333334