0 0.39875 0.495 0.405 0.505 0.4075 0.5233333333333333 0.4025 0.5416666666666666 0.3975 0.5466666666666666 0.375 0.545 0.37 0.5416666666666666 0.36625 0.5316666666666666 0.36625 0.505 0.37125 0.49666666666666665 0.3775 0.49333333333333335 0.3975 0.495
0 0.48125 0.475 0.49375 0.48 0.5 0.49333333333333335 0.49875 0.5216666666666666 0.49625 0.5283333333333333 0.48875 0.5316666666666666 0.47 0.5316666666666666 0.465 0.5283333333333333 0.4625 0.52 0.46125 0.5 0.465 0.4816666666666667 0.47 0.4766666666666667 0.48 0.475
0 0.31625 0.22333333333333333 0.325 0.22833333333333333 0.32875 0.23333333333333334 0.33 0.25166666666666665 0.32375 0.27 0.315 0.27666666666666667 0.3 0.27166666666666667 0.2925 0.26166666666666666 0.29125 0.25666666666666665 0.2925 0.235 0.30375 0.22333333333333333 0.315 0.22333333333333333
0 0.32375 0.47833333333333333 0.3275 0.48 0.33125 0.48833333333333334 0.3325 0.5033333333333333 0.3275 0.5216666666666666 0.3225 0.5266666666666666 0.31625 0.5283333333333333 0.305 0.5266666666666666 0.2975 0.5183333333333333 0.295 0.5033333333333333 0.29625 0.49166666666666664 0.29875 0.48333333333333334 0.305 0.4766666666666667 0.3225 0.47833333333333333
0 0.31375 0.3466666666666667 0.32875 0.3566666666666667 0.33 0.37833333333333335 0.3275 0.39166666666666666 0.32125 0.3983333333333333 0.3075 0.4 0.30125 0.39666666666666667 0.295 0.385 0.29625 0.36 0.30125 0.3516666666666667 0.3125 0.34833333333333333
1 0.7025 0.14333333333333334 0.71125 0.14833333333333334 0.71625 0.155 0.73375 0.15333333333333332 0.7375 0.15666666666666668 0.73875 0.16166666666666665 0.74125 0.19833333333333333 0.74 0.22666666666666666 0.7425 0.24833333333333332 0.74125 0.2966666666666667 0.74375 0.31666666666666665 0.7425 0.32 0.745 0.32666666666666666 0.745 0.34 0.7475 0.3516666666666667 0.74625 0.4483333333333333 0.74875 0.4633333333333333 0.7475 0.47333333333333333 0.75 0.5083333333333333 0.75 0.565 0.7525 0.585 0.7525 0.64 0.7575 0.7533333333333333 0.7575 0.8 0.755 0.8016666666666666 0.3575 0.7866666666666666 0.335 0.7833333333333333 0.33125 0.78 0.32875 0.7583333333333333 0.33 0.7266666666666667 0.3275 0.695 0.32875 0.6633333333333333 0.32625 0.655 0.325 0.6183333333333333 0.325 0.5433333333333333 0.32125 0.5316666666666666 0.3075 0.5266666666666666 0.30125 0.5216666666666666 0.29625 0.5016666666666667 0.3 0.48333333333333334 0.3075 0.4766666666666667 0.315 0.475 0.31875 0.47 0.32375 0.45 0.32375 0.42333333333333334 0.32 0.405 0.31375 0.4 0.30375 0.39666666666666667 0.29625 0.38333333333333336 0.29625 0.36666666666666664 0.29875 0.35833333333333334 0.3075 0.35 0.315 0.34833333333333333 0.32 0.3416666666666667 0.32125 0.335 0.32125 0.305 0.31875 0.2816666666666667 0.315 0.27666666666666667 0.30125 0.27166666666666667 0.2925 0.255 0.29375 0.23833333333333334 0.3 0.22833333333333333 0.30625 0.225 0.31625 0.225 0.335 0.235 0.36 0.22833333333333333 0.3975 0.22333333333333333 0.41625 0.21666666666666667 0.455 0.21166666666666667 0.48125 0.20333333333333334 0.51125 0.2 0.56125 0.18666666666666668 0.5925 0.18166666666666667 0.605 0.17666666666666667 0.6675 0.165 0.68 0.15 0.69 0.14333333333333334 0.70125 0.14333333333333334
2 0.45875 0.5766666666666667 0.46125 0.5833333333333334 0.4625 0.6066666666666667 0.4625 0.6633333333333333 0.465 0.7 0.46375 0.7066666666666667 0.4575 0.71 0.385 0.71 0.37875 0.7066666666666667 0.37875 0.6216666666666667 0.37625 0.6 0.3775 0.5833333333333334 0.38375 0.5783333333333334 0.3875 0.58 0.445 0.575 0.4575 0.5766666666666667
2 0.55375 0.27166666666666667 0.5575 0.2783333333333333 0.56 0.30833333333333335 0.56 0.365 0.5625 0.3933333333333333 0.56125 0.405 0.55625 0.4083333333333333 0.5225 0.41 0.4825 0.4166666666666667 0.4725 0.4166666666666667 0.46875 0.4116666666666667 0.46875 0.38 0.46625 0.37666666666666665 0.46625 0.36666666666666664 0.4825 0.375 0.49375 0.375 0.49875 0.37166666666666665 0.50625 0.355 0.50875 0.33166666666666667 0.505 0.325 0.49125 0.315 0.47875 0.315 0.47 0.31833333333333336 0.4675 0.31333333333333335 0.4675 0.28833333333333333 0.4725 0.2833333333333333 0.48125 0.2833333333333333 0.48875 0.28 0.5525 0.27166666666666667
2 0.47 0.43166666666666664 0.48875 0.4266666666666667 0.53125 0.4216666666666667 0.53625 0.42333333333333334 0.54125 0.42 0.56 0.42 0.56375 0.43 0.5625 0.44333333333333336 0.565 0.49666666666666665 0.565 0.555 0.5625 0.5583333333333333 0.47375 0.5616666666666666 0.47125 0.5533333333333333 0.47125 0.535 0.4975 0.53 0.5 0.5266666666666666 0.50125 0.5116666666666667 0.50375 0.505 0.50125 0.5016666666666667 0.50125 0.49 0.495 0.47833333333333333 0.48875 0.475 0.47 0.47333333333333333 0.47 0.43333333333333335
2 0.5625 0.57 0.56625 0.58 0.56875 0.7066666666666667 0.5675 0.71 0.55375 0.7116666666666667 0.485 0.7116666666666667 0.475 0.705 0.4725 0.5783333333333334 0.4825 0.5733333333333334 0.5 0.5716666666666667 0.50875 0.5733333333333334 0.56125 0.57
2 0.66875 0.25166666666666665 0.67125 0.255 0.67375 0.29 0.67375 0.3933333333333333 0.67125 0.39666666666666667 0.615 0.4 0.585 0.405 0.57625 0.405 0.5725 0.4 0.5725 0.375 0.57 0.35333333333333333 0.57 0.27166666666666667 0.575 0.26666666666666666 0.5875 0.2633333333333333 0.62375 0.26 0.64625 0.255 0.65125 0.25166666666666665 0.6675 0.25166666666666665
2 0.4525 0.29 0.45625 0.295 0.45875 0.345 0.4575 0.4166666666666667 0.455 0.42 0.39625 0.425 0.38375 0.42833333333333334 0.375 0.4266666666666667 0.3725 0.4216666666666667 0.37375 0.3933333333333333 0.37125 0.39 0.3725 0.365 0.37 0.3333333333333333 0.3725 0.30333333333333334 0.37625 0.3 0.4075 0.29333333333333333 0.45125 0.29
2 0.67 0.4083333333333333 0.675 0.41333333333333333 0.67625 0.41833333333333333 0.675 0.425 0.67875 0.49833333333333335 0.67875 0.55 0.67375 0.5533333333333333 0.6175 0.5566666666666666 0.58 0.5566666666666666 0.57625 0.55 0.57375 0.495 0.575 0.455 0.5725 0.4216666666666667 0.5925 0.415 0.63375 0.41333333333333333 0.64375 0.41 0.66875 0.4083333333333333
2 0.44875 0.43 0.4575 0.43333333333333335 0.46 0.475 0.4575 0.505 0.46 0.52 0.45875 0.5616666666666666 0.44875 0.565 0.42625 0.5666666666666667 0.37875 0.5666666666666667 0.37625 0.5633333333333334 0.375 0.55 0.37625 0.5466666666666666 0.39625 0.5483333333333333 0.40125 0.545 0.40375 0.5383333333333333 0.40875 0.54 0.41 0.5216666666666666 0.4075 0.505 0.39875 0.49333333333333335 0.3725 0.49333333333333335 0.37375 0.44166666666666665 0.37625 0.43833333333333335 0.42875 0.43166666666666664 0.4475 0.43166666666666664
2 0.67125 0.565 0.6775 0.5666666666666667 0.68 0.57 0.68125 0.5816666666666667 0.68125 0.6083333333333333 0.68375 0.6216666666666667 0.6825 0.6583333333333333 0.685 0.6716666666666666 0.685 0.7083333333333334 0.68125 0.7133333333333334 0.58375 0.7116666666666667 0.58 0.7066666666666667 0.57875 0.695 0.57875 0.6733333333333333 0.57625 0.6616666666666666 0.57625 0.6466666666666666 0.57875 0.635 0.575 0.5833333333333334 0.57625 0.575 0.58 0.57 0.5925 0.5683333333333334 0.67 0.565
4 0.6125 0.62 0.61875 0.6233333333333333 0.62625 0.6333333333333333 0.62875 0.6433333333333333 0.62625 0.6683333333333333 0.6175 0.6783333333333333 0.6125 0.68 0.6 0.68 0.59375 0.6766666666666666 0.5875 0.6683333333333333 0.58375 0.6566666666666666 0.58375 0.6433333333333333 0.5875 0.6316666666666667 0.5975 0.6216666666666667 0.61125 0.62
4 0.4925 0.31666666666666665 0.50625 0.3283333333333333 0.5075 0.345 0.5025 0.36333333333333334 0.4975 0.37 0.49125 0.37333333333333335 0.47875 0.37166666666666665 0.46875 0.365 0.4625 0.35 0.4625 0.3333333333333333 0.46625 0.325 0.4775 0.31666666666666665 0.49125 0.31666666666666665
4 0.70125 0.14166666666666666 0.7125 0.14666666666666667 0.71875 0.16333333333333333 0.71875 0.17666666666666667 0.71125 0.195 0.705 0.2 0.695 0.20333333333333334 0.685 0.20333333333333334 0.68 0.2 0.6725 0.18833333333333332 0.66875 0.17 0.67125 0.16 0.68125 0.14666666666666667 0.68875 0.14166666666666666 0.7 0.14166666666666666
4 0.71 0.29333333333333333 0.7225 0.31 0.7225 0.33 0.715 0.34833333333333333 0.6975 0.355 0.68625 0.3516666666666667 0.68 0.345 0.6775 0.33666666666666667 0.67625 0.31166666666666665 0.68 0.3 0.6875 0.29333333333333333 0.70875 0.29333333333333333
3 0.365 0.295 0.38625 0.29 0.4025 0.29 0.42375 0.2833333333333333 0.46 0.28 0.4775 0.2733333333333333 0.53625 0.26666666666666666 0.575 0.25666666666666665 0.63625 0.25 0.65875 0.24333333333333335 0.675 0.24333333333333335 0.67875 0.24833333333333332 0.67875 0.2866666666666667 0.67625 0.28833333333333333 0.675 0.2966666666666667 0.6725 0.285 0.67375 0.2683333333333333 0.66625 0.25166666666666665 0.60875 0.26166666666666666 0.59375 0.26166666666666666 0.57375 0.26666666666666666 0.56875 0.275 0.56875 0.2916666666666667 0.57125 0.295 0.5725 0.3416666666666667 0.57125 0.375 0.5725 0.4 0.5775 0.4066666666666667 0.6125 0.40166666666666667 0.63375 0.40166666666666667 0.64625 0.3983333333333333 0.66875 0.3983333333333333 0.675 0.39 0.675 0.3516666666666667 0.6725 0.3383333333333333 0.67625 0.3383333333333333 0.68 0.36333333333333334 0.6825 0.36666666666666664 0.68375 0.48 0.68625 0.49166666666666664 0.68625 0.565 0.69 0.6216666666666667 0.68875 0.675 0.6925 0.6916666666666667 0.69125 0.71 0.6875 0.7183333333333334 0.63125 0.72 0.56625 0.7166666666666667 0.535 0.72 0.5125 0.7166666666666667 0.38625 0.7166666666666667 0.3725 0.7133333333333334 0.37 0.695 0.37 0.5666666666666667 0.3675 0.54 0.37375 0.5466666666666666 0.3775 0.565 0.3875 0.5683333333333334 0.45625 0.565 0.46125 0.5583333333333333 0.46125 0.53 0.46875 0.5333333333333333 0.47 0.555 0.47375 0.5616666666666666 0.5 0.5633333333333334 0.505 0.56 0.56125 0.56 0.56625 0.555 0.56375 0.5233333333333333 0.565 0.4816666666666667 0.5625 0.4716666666666667 0.5625 0.44166666666666665 0.56 0.435 0.56375 0.425 0.56 0.42 0.54 0.42 0.4725 0.42833333333333334 0.46875 0.43166666666666664 0.46875 0.4716666666666667 0.4675 0.4766666666666667 0.4625 0.4816666666666667 0.46 0.48 0.45875 0.47 0.45875 0.435 0.45625 0.43 0.3775 0.43833333333333335 0.3725 0.445 0.37375 0.4816666666666667 0.3675 0.4816666666666667 0.365 0.4633333333333333 0.365 0.37166666666666665 0.3625 0.34833333333333333 0.365 0.2966666666666667