0 0.4325 0.5133333333333333 0.43625 0.5233333333333333 0.43625 0.5366666666666666 0.43375 0.545 0.4275 0.5533333333333333 0.4225 0.555 0.415 0.555 0.40625 0.5483333333333333 0.4025 0.5333333333333333 0.40375 0.5216666666666666 0.41375 0.5083333333333333 0.425 0.5083333333333333 0.43125 0.5133333333333333
0 0.50375 0.5016666666666667 0.51125 0.505 0.51625 0.5116666666666667 0.51875 0.5183333333333333 0.51875 0.5283333333333333 0.515 0.5433333333333333 0.50875 0.5483333333333333 0.50125 0.55 0.49125 0.5483333333333333 0.485 0.5433333333333333 0.4825 0.5316666666666666 0.4825 0.5183333333333333 0.485 0.51 0.49 0.5033333333333333 0.5025 0.5016666666666667
0 0.36875 0.27166666666666667 0.37625 0.28 0.37625 0.295 0.37375 0.30666666666666664 0.3675 0.315 0.35375 0.31333333333333335 0.3475 0.30666666666666664 0.345 0.3 0.345 0.2866666666666667 0.35125 0.2733333333333333 0.3575 0.27 0.3675 0.27166666666666667
0 0.36625 0.49166666666666664 0.3725 0.5033333333333333 0.3725 0.5133333333333333 0.37 0.525 0.36375 0.5316666666666666 0.3475 0.53 0.34125 0.5166666666666667 0.34125 0.5033333333333333 0.34375 0.49666666666666665 0.35125 0.48833333333333334 0.36 0.48833333333333334 0.365 0.49166666666666664
0 0.365 0.37833333333333335 0.37375 0.3883333333333333 0.37375 0.4083333333333333 0.3675 0.4216666666666667 0.35875 0.425 0.35125 0.4216666666666667 0.3475 0.4166666666666667 0.34375 0.4066666666666667 0.34375 0.4 0.34625 0.38666666666666666 0.35125 0.38 0.36375 0.37833333333333335
1 0.7 0.24 0.72375 0.24166666666666667 0.7275 0.245 0.72875 0.25166666666666665 0.72875 0.37833333333333335 0.72625 0.4 0.72875 0.435 0.72625 0.47333333333333333 0.7275 0.515 0.725 0.6016666666666667 0.725 0.77 0.72375 0.7883333333333333 0.72 0.795 0.70125 0.795 0.6825 0.79 0.66375 0.79 0.60125 0.78 0.57 0.7783333333333333 0.54625 0.7733333333333333 0.5175 0.7716666666666666 0.48 0.765 0.46125 0.765 0.36625 0.7516666666666667 0.3625 0.7466666666666667 0.365 0.595 0.36375 0.5366666666666666 0.355 0.53 0.3475 0.5283333333333333 0.34125 0.5133333333333333 0.34375 0.49833333333333335 0.3475 0.49333333333333335 0.3625 0.4866666666666667 0.365 0.48333333333333334 0.3675 0.465 0.365 0.435 0.355 0.4216666666666667 0.35 0.41833333333333333 0.345 0.4083333333333333 0.3475 0.38666666666666666 0.3575 0.37833333333333335 0.36375 0.37833333333333335 0.3675 0.37166666666666665 0.3675 0.32166666666666666 0.35125 0.31 0.34625 0.2966666666666667 0.3475 0.2833333333333333 0.3525 0.275 0.3575 0.27166666666666667 0.365 0.27166666666666667 0.375 0.27666666666666667 0.3925 0.27666666666666667 0.45625 0.2683333333333333 0.49875 0.26666666666666666 0.53625 0.26 0.66625 0.24666666666666667 0.68625 0.23833333333333334 0.69875 0.24
2 0.4075 0.5133333333333333 0.40625 0.51 0.40875 0.46166666666666667 0.41125 0.4583333333333333 0.4825 0.4583333333333333 0.485 0.5 0.48 0.5233333333333333 0.4825 0.5433333333333333 0.4825 0.5683333333333334 0.48 0.5716666666666667 0.43625 0.5716666666666667 0.415 0.57 0.4075 0.5666666666666667 0.4075 0.5516666666666666 0.42125 0.5566666666666666 0.42625 0.555 0.43375 0.5466666666666666 0.4375 0.5333333333333333 0.435 0.5166666666666667 0.43 0.51 0.425 0.5066666666666667 0.41375 0.5066666666666667 0.40875 0.5116666666666667
2 0.56125 0.32666666666666666 0.57125 0.3283333333333333 0.57375 0.34833333333333333 0.57125 0.445 0.5225 0.4483333333333333 0.4925 0.445 0.49125 0.41 0.5025 0.415 0.515 0.4166666666666667 0.52375 0.4066666666666667 0.52625 0.395 0.525 0.37666666666666665 0.51625 0.36666666666666664 0.50375 0.365 0.49 0.37666666666666665 0.4925 0.335 0.49875 0.33 0.51 0.33166666666666667 0.56 0.32666666666666666
2 0.49 0.5833333333333334 0.5675 0.585 0.57125 0.5933333333333334 0.57125 0.6716666666666666 0.56875 0.7016666666666667 0.565 0.705 0.5075 0.7016666666666667 0.48875 0.6983333333333334 0.4875 0.5966666666666667 0.49 0.585
2 0.66375 0.31833333333333336 0.66875 0.32166666666666666 0.67 0.33 0.67 0.36333333333333334 0.665 0.3883333333333333 0.66875 0.41 0.6675 0.44166666666666665 0.665 0.445 0.58 0.44333333333333336 0.58 0.33666666666666667 0.5825 0.3283333333333333 0.58625 0.325 0.60125 0.3233333333333333 0.6625 0.32
2 0.48125 0.3333333333333333 0.48375 0.335 0.485 0.3433333333333333 0.48625 0.38666666666666666 0.48375 0.4066666666666667 0.48375 0.44666666666666666 0.42 0.45 0.41125 0.4483333333333333 0.40875 0.445 0.40875 0.4066666666666667 0.40625 0.38666666666666666 0.40875 0.38 0.41 0.33666666666666667 0.45125 0.33666666666666667 0.48 0.3333333333333333
2 0.65875 0.455 0.66625 0.45666666666666667 0.66875 0.465 0.66875 0.5283333333333333 0.66625 0.5466666666666666 0.6675 0.5733333333333334 0.665 0.58 0.58375 0.5766666666666667 0.57875 0.5733333333333334 0.5775 0.5566666666666666 0.58 0.5216666666666666 0.57875 0.47 0.58125 0.4583333333333333 0.6575 0.455
2 0.4775 0.5816666666666667 0.48125 0.5833333333333334 0.4825 0.595 0.48125 0.6916666666666667 0.4775 0.6966666666666667 0.42125 0.6933333333333334 0.4075 0.6916666666666667 0.405 0.6883333333333334 0.405 0.6233333333333333 0.4075 0.6033333333333334 0.40625 0.5833333333333334 0.40875 0.58 0.47625 0.5816666666666667
2 0.6 0.5866666666666667 0.66625 0.59 0.66625 0.6366666666666667 0.66875 0.6683333333333333 0.66625 0.7116666666666667 0.66375 0.715 0.595 0.71 0.58375 0.7083333333333334 0.5775 0.7033333333333334 0.5775 0.6716666666666666 0.575 0.6666666666666666 0.575 0.6483333333333333 0.5775 0.635 0.57875 0.5916666666666667 0.5825 0.5866666666666667 0.59875 0.5866666666666667
2 0.54375 0.45666666666666667 0.57125 0.46 0.57125 0.5666666666666667 0.57 0.5733333333333334 0.5675 0.575 0.5 0.5733333333333334 0.4925 0.5716666666666667 0.49 0.5666666666666667 0.49 0.555 0.4925 0.55 0.5125 0.5483333333333333 0.51625 0.5433333333333333 0.52 0.5283333333333333 0.51875 0.515 0.51375 0.505 0.505 0.5 0.49 0.5 0.49125 0.46166666666666667 0.495 0.4583333333333333 0.5425 0.45666666666666667
4 0.51375 0.36666666666666664 0.51875 0.37 0.525 0.38 0.52375 0.4033333333333333 0.51625 0.41333333333333333 0.49875 0.4116666666666667 0.4925 0.405 0.48875 0.39 0.49 0.38166666666666665 0.49625 0.37166666666666665 0.5075 0.365 0.5125 0.36666666666666664
4 0.600625 0.66 0.03875 0.05333333333333334
4 0.695 0.23666666666666666 0.705 0.245 0.70875 0.25666666666666665 0.70875 0.2633333333333333 0.70625 0.275 0.69125 0.28833333333333333 0.6825 0.28833333333333333 0.67375 0.2833333333333333 0.67 0.2783333333333333 0.6675 0.27166666666666667 0.6675 0.255 0.675 0.24166666666666667 0.685 0.23666666666666666 0.69375 0.23666666666666666
4 0.695 0.365 0.7 0.36833333333333335 0.70625 0.37833333333333335 0.7075 0.3933333333333333 0.70375 0.405 0.69375 0.415 0.68 0.415 0.6725 0.4116666666666667 0.6675 0.395 0.66875 0.38 0.675 0.36833333333333335 0.68625 0.36333333333333334 0.69375 0.365
3 0.6675 0.31333333333333335 0.6725 0.31666666666666665 0.67375 0.33 0.67375 0.3616666666666667 0.67125 0.37 0.66875 0.36666666666666664 0.66875 0.3383333333333333 0.665 0.3333333333333333 0.665 0.32666666666666666 0.66 0.32166666666666666 0.585 0.32666666666666666 0.58 0.34 0.58125 0.39666666666666667 0.57875 0.4083333333333333 0.58 0.44333333333333336 0.58375 0.44666666666666666 0.66125 0.44666666666666666 0.6675 0.44166666666666665 0.66875 0.415 0.67125 0.41333333333333333 0.6725 0.4166666666666667 0.67375 0.43833333333333335 0.66875 0.45 0.66875 0.455 0.67375 0.4766666666666667 0.67375 0.5333333333333333 0.67125 0.5783333333333334 0.67125 0.6266666666666667 0.66875 0.6316666666666667 0.67 0.6466666666666666 0.6675 0.65 0.67125 0.6683333333333333 0.67125 0.7033333333333334 0.6675 0.72 0.63625 0.72 0.62 0.7166666666666667 0.5475 0.7116666666666667 0.51875 0.7066666666666667 0.4975 0.7066666666666667 0.4875 0.7033333333333334 0.4125 0.6983333333333334 0.40375 0.6966666666666667 0.4 0.6916666666666667 0.4025 0.6416666666666667 0.40125 0.5866666666666667 0.40375 0.5766666666666667 0.40375 0.55 0.40625 0.5533333333333333 0.40875 0.5666666666666667 0.41375 0.57 0.48 0.5733333333333334 0.48375 0.565 0.48375 0.5466666666666666 0.48875 0.5466666666666666 0.49 0.57 0.49375 0.5733333333333334 0.53125 0.5733333333333334 0.56625 0.5766666666666667 0.57125 0.57 0.5725 0.5233333333333333 0.5725 0.46 0.57 0.45666666666666667 0.495 0.45666666666666667 0.49125 0.46 0.49 0.5 0.4875 0.5033333333333333 0.485 0.5016666666666667 0.485 0.465 0.48125 0.45666666666666667 0.41 0.4583333333333333 0.4075 0.49333333333333335 0.40875 0.49833333333333335 0.4075 0.5083333333333333 0.40375 0.5133333333333333 0.4025 0.4083333333333333 0.405 0.4033333333333333 0.40625 0.3883333333333333 0.40375 0.38333333333333336 0.40625 0.3333333333333333 0.42 0.33 0.455 0.33 0.475 0.32666666666666666 0.485 0.3283333333333333 0.52375 0.3233333333333333 0.62625 0.31833333333333336 0.66625 0.31333333333333335