0 0.6593333333333333 0.3725 0.6653333333333333 0.3745 0.6706666666666666 0.3795 0.6713333333333333 0.39 0.666 0.3975 0.658 0.4 0.644 0.398 0.6386666666666667 0.3945 0.6346666666666667 0.387 0.6406666666666667 0.3755 0.6473333333333333 0.3725 0.6586666666666666 0.3725
0 0.6626666666666666 0.5025 0.6713333333333333 0.508 0.6733333333333333 0.5205 0.6673333333333333 0.5275 0.656 0.53 0.6486666666666666 0.53 0.644 0.5275 0.6386666666666667 0.523 0.6353333333333333 0.5145 0.6433333333333333 0.5035 0.6506666666666666 0.5015 0.662 0.5025
0 0.49866666666666665 0.4325 0.5073333333333333 0.439 0.5093333333333333 0.448 0.5013333333333333 0.4575 0.492 0.4595 0.4846666666666667 0.4585 0.4746666666666667 0.4535 0.472 0.442 0.476 0.4355 0.4806666666666667 0.433 0.498 0.4325
0 0.6533333333333333 0.4365 0.666 0.439 0.6726666666666666 0.447 0.6713333333333333 0.4575 0.668 0.4615 0.6593333333333333 0.4645 0.644 0.4625 0.6366666666666667 0.453 0.6366666666666667 0.4455 0.64 0.4405 0.6526666666666666 0.4365
0 0.6586666666666666 0.57 0.6646666666666666 0.571 0.6706666666666666 0.575 0.6746666666666666 0.5835 0.674 0.588 0.668 0.5955 0.6586666666666666 0.599 0.6526666666666666 0.599 0.6426666666666667 0.5955 0.636 0.5875 0.636 0.5805 0.64 0.5745 0.6473333333333333 0.57 0.658 0.57
1 0.392 0.316 0.4073333333333333 0.318 0.436 0.316 0.44733333333333336 0.3185 0.5366666666666666 0.319 0.5446666666666666 0.3165 0.5593333333333333 0.3195 0.6486666666666666 0.3195 0.6626666666666666 0.326 0.6666666666666666 0.333 0.668 0.3735 0.6713333333333333 0.3865 0.6666666666666666 0.4025 0.67 0.428 0.668 0.439 0.672 0.449 0.668 0.4705 0.6686666666666666 0.4935 0.6726666666666666 0.5115 0.6726666666666666 0.5195 0.6693333333333333 0.5255 0.6706666666666666 0.533 0.6673333333333333 0.57 0.6726666666666666 0.581 0.6726666666666666 0.5895 0.6646666666666666 0.5985 0.6413333333333333 0.6 0.324 0.5975 0.31066666666666665 0.601 0.30666666666666664 0.5975 0.2886666666666667 0.5965 0.2786666666666667 0.5865 0.2773333333333333 0.582 0.2786666666666667 0.571 0.286 0.5675 0.2846666666666667 0.56 0.2866666666666667 0.558 0.288 0.5255 0.282 0.519 0.2813333333333333 0.5085 0.2846666666666667 0.5015 0.2833333333333333 0.491 0.286 0.4885 0.28933333333333333 0.4895 0.2906666666666667 0.487 0.2906666666666667 0.466 0.29 0.463 0.286 0.4615 0.28733333333333333 0.456 0.2846666666666667 0.4445 0.28733333333333333 0.4365 0.2926666666666667 0.432 0.29133333333333333 0.428 0.29533333333333334 0.4145 0.294 0.3935 0.28933333333333333 0.388 0.2886666666666667 0.3795 0.29533333333333334 0.3695 0.298 0.3345 0.30266666666666664 0.321 0.31133333333333335 0.316 0.328 0.315 0.3426666666666667 0.3175 0.37266666666666665 0.3155 0.384 0.3175 0.3913333333333333 0.316
2 0.5446666666666666 0.3555 0.616 0.3565 0.618 0.3595 0.6186666666666667 0.381 0.6166666666666667 0.4165 0.6146666666666667 0.419 0.5313333333333333 0.4175 0.5313333333333333 0.358 0.5333333333333333 0.355 0.544 0.3555
2 0.47733333333333333 0.49 0.52 0.491 0.5226666666666666 0.493 0.5226666666666666 0.5485 0.5206666666666667 0.557 0.518 0.5585 0.43866666666666665 0.558 0.43333333333333335 0.554 0.436 0.493 0.43866666666666665 0.491 0.4766666666666667 0.4905
2 0.378 0.352 0.42866666666666664 0.3535 0.43266666666666664 0.3555 0.43266666666666664 0.405 0.432 0.4125 0.42866666666666664 0.417 0.348 0.417 0.3453333333333333 0.415 0.3446666666666667 0.3895 0.3486666666666667 0.354 0.35133333333333333 0.352 0.37733333333333335 0.352
2 0.562 0.423 0.6166666666666667 0.425 0.6186666666666667 0.473 0.616 0.488 0.5326666666666666 0.487 0.5286666666666666 0.485 0.53 0.425 0.532 0.4235 0.5613333333333334 0.423
2 0.38 0.4205 0.43 0.4225 0.43 0.484 0.4266666666666667 0.486 0.3453333333333333 0.486 0.342 0.484 0.3446666666666667 0.421 0.37933333333333336 0.4205
2 0.36533333333333334 0.49 0.42333333333333334 0.4905 0.428 0.491 0.42933333333333334 0.493 0.42733333333333334 0.554 0.4246666666666667 0.5565 0.392 0.559 0.3373333333333333 0.557 0.3413333333333333 0.4915 0.3433333333333333 0.49 0.36466666666666664 0.49
2 0.44666666666666666 0.354 0.488 0.3535 0.5233333333333333 0.3555 0.5233333333333333 0.4145 0.52 0.418 0.5086666666666667 0.4195 0.494 0.4175 0.4766666666666667 0.419 0.44466666666666665 0.417 0.43866666666666665 0.4145 0.43933333333333335 0.359 0.44066666666666665 0.3555 0.446 0.354
2 0.49466666666666664 0.421 0.5233333333333333 0.4245 0.5226666666666666 0.484 0.5166666666666667 0.4865 0.48933333333333334 0.4875 0.43533333333333335 0.4845 0.43733333333333335 0.427 0.442 0.422 0.4666666666666667 0.423 0.47 0.4215 0.494 0.421
4 0.30466666666666664 0.432 0.31533333333333335 0.435 0.32066666666666666 0.439 0.322 0.4495 0.31466666666666665 0.458 0.30333333333333334 0.46 0.29333333333333333 0.4585 0.286 0.453 0.2846666666666667 0.4435 0.28933333333333333 0.437 0.304 0.432
4 0.386 0.5015 0.396 0.5075 0.398 0.5165 0.392 0.524 0.37866666666666665 0.5275 0.372 0.527 0.366 0.523 0.362 0.516 0.362 0.508 0.36933333333333335 0.5015 0.38533333333333336 0.5015
4 0.30266666666666664 0.498 0.31333333333333335 0.5015 0.31866666666666665 0.508 0.31733333333333336 0.5185 0.30733333333333335 0.526 0.28933333333333333 0.5245 0.2806666666666667 0.5155 0.2826666666666667 0.5055 0.29333333333333333 0.498 0.302 0.498
4 0.3006666666666667 0.5655 0.306 0.5665 0.31133333333333335 0.571 0.31533333333333335 0.582 0.30733333333333335 0.592 0.2966666666666667 0.5945 0.28733333333333333 0.5935 0.282 0.5905 0.278 0.5855 0.27666666666666667 0.5775 0.28 0.5715 0.28733333333333333 0.5665 0.3 0.5655
4 0.31133333333333335 0.3685 0.322 0.373 0.326 0.384 0.32133333333333336 0.391 0.31 0.3955 0.296 0.394 0.28933333333333333 0.387 0.2886666666666667 0.3795 0.2966666666666667 0.3705 0.31066666666666665 0.3685
3 0.39066666666666666 0.3495 0.4206666666666667 0.351 0.4666666666666667 0.35 0.47733333333333333 0.352 0.606 0.352 0.6213333333333333 0.3555 0.6213333333333333 0.559 0.6193333333333333 0.562 0.5886666666666667 0.563 0.394 0.5615 0.3873333333333333 0.557 0.38466666666666666 0.5605 0.37266666666666665 0.5615 0.33866666666666667 0.5605 0.33466666666666667 0.558 0.3333333333333333 0.533 0.3426666666666667 0.3535 0.348 0.3495 0.39 0.3495
2 0.5426666666666666 0.4915 0.6133333333333333 0.4925 0.616 0.494 0.618 0.5305 0.616 0.559 0.5293333333333333 0.558 0.5286666666666666 0.494 0.532 0.491 0.542 0.492