0 0.42 0.49833333333333335 0.42875 0.5083333333333333 0.4325 0.5366666666666666 0.42875 0.5533333333333333 0.4225 0.56 0.4175 0.5616666666666666 0.405 0.56 0.395 0.55 0.3925 0.5416666666666666 0.3925 0.515 0.4025 0.49833333333333335 0.41875 0.49833333333333335
0 0.51 0.49333333333333335 0.51875 0.5016666666666667 0.5225 0.5166666666666667 0.5225 0.5333333333333333 0.51875 0.5466666666666666 0.50875 0.5566666666666666 0.5025 0.5566666666666666 0.4925 0.5516666666666666 0.48625 0.5333333333333333 0.48625 0.515 0.49125 0.5 0.4975 0.49333333333333335 0.50875 0.49333333333333335
0 0.33 0.23 0.0425 0.06333333333333334
0 0.325 0.4683333333333333 0.3375 0.47333333333333333 0.34375 0.4866666666666667 0.34375 0.5116666666666667 0.33875 0.5283333333333333 0.33125 0.5333333333333333 0.3175 0.53 0.30875 0.5216666666666666 0.305 0.5116666666666667 0.30375 0.49333333333333335 0.30625 0.4816666666666667 0.3125 0.47333333333333333 0.3175 0.47 0.32375 0.47
0 0.33375 0.3333333333333333 0.345 0.345 0.3475 0.35833333333333334 0.34625 0.37833333333333335 0.335 0.3933333333333333 0.32 0.39166666666666666 0.31125 0.38166666666666665 0.30625 0.36833333333333335 0.30625 0.355 0.3125 0.3383333333333333 0.32 0.33166666666666667 0.3325 0.3333333333333333
1 0.3375 0.20333333333333334 0.34875 0.215 0.37 0.215 0.37625 0.21833333333333332 0.46625 0.23166666666666666 0.49375 0.23833333333333334 0.6275 0.255 0.6375 0.25833333333333336 0.645 0.265 0.64625 0.28 0.65 0.2816666666666667 0.65375 0.2783333333333333 0.65375 0.275 0.655 0.2866666666666667 0.65875 0.295 0.65875 0.30666666666666664 0.6625 0.315 0.66375 0.33166666666666667 0.66375 0.365 0.6575 0.39 0.66125 0.3983333333333333 0.66 0.46 0.6625 0.4683333333333333 0.6625 0.5483333333333333 0.66 0.5666666666666667 0.66125 0.6033333333333334 0.65875 0.6383333333333333 0.66 0.76 0.65875 0.7833333333333333 0.655 0.7933333333333333 0.6075 0.7933333333333333 0.5775 0.7983333333333333 0.53625 0.8 0.43125 0.8 0.40375 0.8033333333333333 0.3925 0.8016666666666666 0.36375 0.8066666666666666 0.32125 0.8083333333333333 0.285 0.8083333333333333 0.28 0.8033333333333333 0.2775 0.7933333333333333 0.28 0.73 0.28 0.6 0.2825 0.505 0.28125 0.49166666666666664 0.28375 0.4483333333333333 0.28375 0.225 0.285 0.21166666666666667 0.28875 0.205 0.31375 0.205 0.31875 0.20166666666666666 0.33625 0.20333333333333334
2 0.345 0.5833333333333334 0.3475 0.5833333333333334 0.35375 0.5933333333333334 0.3625 0.595 0.405 0.595 0.42375 0.5933333333333334 0.43125 0.59 0.435 0.595 0.43625 0.6016666666666667 0.435 0.71 0.4325 0.7133333333333334 0.36875 0.7133333333333334 0.35 0.715 0.34875 0.7183333333333334 0.345 0.7183333333333334 0.3425 0.7133333333333334 0.34125 0.6816666666666666 0.345 0.585
2 0.4675 0.305 0.52 0.31 0.53 0.315 0.5325 0.32666666666666666 0.5325 0.36 0.535 0.3883333333333333 0.53125 0.395 0.53125 0.43333333333333335 0.52875 0.43833333333333335 0.5 0.43333333333333335 0.45875 0.43333333333333335 0.44875 0.43 0.44875 0.31166666666666665 0.4525 0.30666666666666664 0.46625 0.305
2 0.44625 0.5866666666666667 0.4475 0.5966666666666667 0.47 0.595 0.49375 0.5983333333333334 0.49875 0.595 0.50625 0.5966666666666667 0.5175 0.5933333333333334 0.52 0.59 0.525 0.59 0.52875 0.6016666666666667 0.53 0.6366666666666667 0.52875 0.7066666666666667 0.52625 0.7166666666666667 0.52125 0.7083333333333334 0.48875 0.7083333333333334 0.44875 0.7116666666666667 0.445 0.72 0.4425 0.66 0.44375 0.6083333333333333 0.44625 0.5883333333333334
2 0.54625 0.31666666666666665 0.56625 0.32 0.605 0.32 0.615 0.3233333333333333 0.62125 0.3283333333333333 0.62125 0.4166666666666667 0.61875 0.43833333333333335 0.61625 0.44166666666666665 0.60875 0.44333333333333336 0.59625 0.44333333333333336 0.585 0.44 0.54875 0.44 0.5425 0.445 0.54 0.435 0.54125 0.39166666666666666 0.53875 0.36333333333333334 0.54125 0.325 0.5425 0.32 0.545 0.31833333333333336
2 0.375 0.29333333333333333 0.405 0.295 0.42375 0.3016666666666667 0.43125 0.3016666666666667 0.43875 0.30666666666666664 0.44 0.41 0.43875 0.4266666666666667 0.435 0.43 0.405 0.43 0.38875 0.425 0.36625 0.425 0.3475 0.4216666666666667 0.3475 0.3 0.35 0.29333333333333333 0.37375 0.29333333333333333
2 0.5425 0.45666666666666667 0.55 0.46 0.56125 0.4583333333333333 0.57 0.46166666666666667 0.61375 0.46166666666666667 0.61625 0.4633333333333333 0.62 0.48333333333333334 0.6175 0.505 0.6175 0.5683333333333334 0.615 0.5733333333333334 0.54125 0.5733333333333334 0.53875 0.57 0.5375 0.5283333333333333 0.53875 0.4666666666666667 0.5425 0.4583333333333333
2 0.34875 0.43 0.3525 0.44 0.375 0.43666666666666665 0.38375 0.44333333333333336 0.38875 0.44 0.3975 0.44 0.42375 0.44333333333333336 0.42875 0.44166666666666665 0.43625 0.445 0.43875 0.45166666666666666 0.43875 0.53 0.4375 0.5583333333333333 0.435 0.57 0.35125 0.57 0.34875 0.575 0.345 0.5716666666666667 0.345 0.4533333333333333 0.3475 0.445 0.3475 0.43166666666666664
2 0.595 0.6016666666666667 0.61375 0.6033333333333334 0.61625 0.6066666666666667 0.6175 0.6266666666666667 0.615 0.6366666666666667 0.60125 0.635 0.59 0.6433333333333333 0.58625 0.655 0.58625 0.675 0.59 0.6866666666666666 0.595 0.69 0.61375 0.6866666666666666 0.615 0.7066666666666667 0.59125 0.7116666666666667 0.56875 0.7083333333333334 0.54625 0.71 0.54125 0.715 0.53875 0.7133333333333334 0.5375 0.7083333333333334 0.53625 0.6516666666666666 0.53875 0.6033333333333334 0.5425 0.6 0.57125 0.6 0.59375 0.6033333333333334
2 0.4625 0.445 0.46875 0.4483333333333333 0.50125 0.4483333333333333 0.51 0.4533333333333333 0.51875 0.4533333333333333 0.525 0.4483333333333333 0.52875 0.45166666666666666 0.53125 0.49166666666666664 0.52875 0.5683333333333334 0.525 0.5733333333333334 0.48625 0.5733333333333334 0.45 0.57 0.44625 0.5666666666666667 0.44625 0.45166666666666666 0.45 0.445 0.46125 0.44666666666666666
4 0.51625 0.3466666666666667 0.52875 0.36 0.5325 0.37666666666666665 0.53 0.39166666666666666 0.51625 0.405 0.505 0.4033333333333333 0.4975 0.395 0.49375 0.38333333333333336 0.49375 0.365 0.4975 0.355 0.505 0.34833333333333333 0.515 0.3466666666666667
4 0.61125 0.635 0.61625 0.64 0.61875 0.6466666666666666 0.62 0.675 0.615 0.6866666666666666 0.60625 0.69 0.5925 0.6883333333333334 0.5875 0.68 0.58625 0.6633333333333333 0.58875 0.6483333333333333 0.595 0.6366666666666667 0.6 0.6333333333333333 0.61 0.635
4 0.685 0.25666666666666665 0.68875 0.265 0.69125 0.2783333333333333 0.69 0.29333333333333333 0.68375 0.30333333333333334 0.675 0.30666666666666664 0.6675 0.30333333333333334 0.66125 0.295 0.65875 0.285 0.65875 0.26666666666666666 0.66 0.26 0.66625 0.25333333333333335 0.6775 0.25166666666666665 0.68375 0.25666666666666665
4 0.67875 0.37166666666666665 0.6825 0.37333333333333335 0.68875 0.38333333333333336 0.69 0.4116666666666667 0.685 0.425 0.675 0.43 0.66875 0.43 0.6625 0.42333333333333334 0.65875 0.4116666666666667 0.65875 0.39 0.66375 0.375 0.66875 0.37166666666666665 0.6775 0.37166666666666665
3 0.42625 0.295 0.47875 0.2966666666666667 0.51125 0.30333333333333334 0.53 0.30333333333333334 0.5525 0.31 0.57 0.31 0.57625 0.31333333333333335 0.59125 0.31166666666666665 0.595 0.31666666666666665 0.60875 0.31333333333333335 0.61875 0.315 0.62625 0.3233333333333333 0.6275 0.3383333333333333 0.625 0.41333333333333333 0.62625 0.4666666666666667 0.6225 0.665 0.61625 0.635 0.61625 0.605 0.6125 0.5916666666666667 0.60875 0.5916666666666667 0.605 0.6016666666666667 0.58875 0.6 0.585 0.6033333333333334 0.5775 0.6033333333333334 0.57 0.5983333333333334 0.5725 0.595 0.57 0.5916666666666667 0.55125 0.5916666666666667 0.55 0.5983333333333334 0.5475 0.5983333333333334 0.55125 0.5883333333333334 0.54625 0.5833333333333334 0.54375 0.585 0.54125 0.5883333333333334 0.5375 0.605 0.5375 0.72 0.5325 0.7283333333333334 0.5275 0.7166666666666667 0.53 0.6383333333333333 0.5275 0.59 0.5225 0.5866666666666667 0.51875 0.5966666666666667 0.50375 0.5933333333333334 0.49625 0.5983333333333334 0.4875 0.5983333333333334 0.48125 0.5933333333333334 0.46625 0.5966666666666667 0.46 0.5933333333333334 0.44875 0.5933333333333334 0.44625 0.5983333333333334 0.44375 0.6166666666666667 0.445 0.7133333333333334 0.4425 0.7266666666666667 0.4375 0.7283333333333334 0.43375 0.7183333333333334 0.43375 0.7 0.43625 0.6883333333333334 0.435 0.5816666666666667 0.4375 0.565 0.4375 0.545 0.435 0.5366666666666666 0.435 0.525 0.4375 0.5233333333333333 0.43875 0.495 0.4375 0.43833333333333335 0.4325 0.43666666666666665 0.4275 0.44 0.4025 0.44166666666666665 0.39375 0.44 0.39125 0.445 0.3875 0.445 0.37625 0.43833333333333335 0.3725 0.44166666666666665 0.3675 0.43666666666666665 0.35375 0.43833333333333335 0.35125 0.43333333333333335 0.34875 0.43333333333333335 0.34625 0.43833333333333335 0.34625 0.4666666666666667 0.34875 0.47333333333333333 0.3475 0.48 0.3425 0.48 0.34 0.4683333333333333 0.34 0.3883333333333333 0.34375 0.38 0.34625 0.38 0.34625 0.4066666666666667 0.3475 0.41833333333333333 0.35 0.4216666666666667 0.4175 0.4266666666666667 0.42875 0.43 0.435 0.43 0.43875 0.425 0.44 0.305 0.43125 0.2966666666666667 0.42625 0.2966666666666667