0 0.485 0.5033333333333333 0.495 0.5133333333333333 0.4975 0.52 0.4975 0.5366666666666666 0.48875 0.5516666666666666 0.4825 0.555 0.46875 0.5533333333333333 0.46125 0.545 0.45875 0.535 0.45875 0.5216666666666666 0.46125 0.5133333333333333 0.4675 0.505 0.47625 0.5016666666666667 0.48375 0.5033333333333333
0 0.275 0.27 0.285 0.28 0.28625 0.29333333333333333 0.28375 0.30666666666666664 0.28 0.315 0.2725 0.32 0.26 0.31833333333333336 0.25125 0.31333333333333335 0.245 0.3 0.245 0.2866666666666667 0.25 0.275 0.2575 0.2683333333333333 0.26625 0.26666666666666666 0.27375 0.27
0 0.3 0.5166666666666667 0.31 0.5283333333333333 0.3125 0.545 0.30875 0.5566666666666666 0.29625 0.5666666666666667 0.285 0.5666666666666667 0.275 0.5566666666666666 0.2725 0.55 0.2725 0.5316666666666666 0.275 0.525 0.28375 0.5183333333333333 0.29875 0.5166666666666667
0 0.39375 0.53 0.4 0.5383333333333333 0.40125 0.56 0.3975 0.5716666666666667 0.3875 0.58 0.37875 0.58 0.3725 0.5766666666666667 0.36375 0.5633333333333334 0.3625 0.5466666666666666 0.365 0.5383333333333333 0.375 0.5283333333333333 0.3875 0.5266666666666666 0.3925 0.53
0 0.28875 0.395 0.29625 0.4033333333333333 0.29875 0.41 0.29875 0.43 0.29375 0.43833333333333335 0.285 0.44333333333333336 0.27375 0.44333333333333336 0.26125 0.43166666666666664 0.26 0.4083333333333333 0.26375 0.4 0.2725 0.3933333333333333 0.2875 0.395
1 0.471875 0.5025 0.45125 0.5883333333333334
2 0.42375 0.5866666666666667 0.4275 0.5866666666666667 0.4325 0.5983333333333334 0.44 0.675 0.44 0.705 0.37125 0.7183333333333334 0.35375 0.7183333333333334 0.35125 0.715 0.34375 0.6583333333333333 0.34375 0.6333333333333333 0.34 0.6183333333333333 0.34 0.6016666666666667 0.3475 0.5983333333333334 0.38375 0.595 0.3975 0.59 0.4225 0.5866666666666667
2 0.60625 0.29333333333333333 0.61 0.3 0.61 0.33166666666666667 0.615 0.36833333333333335 0.61375 0.37166666666666665 0.61625 0.38666666666666666 0.61625 0.4116666666666667 0.61125 0.4166666666666667 0.5325 0.42833333333333334 0.52625 0.4266666666666667 0.52375 0.4216666666666667 0.52375 0.4066666666666667 0.51875 0.375 0.51875 0.3566666666666667 0.51375 0.31 0.5175 0.305 0.5575 0.2966666666666667 0.595 0.2916666666666667 0.605 0.29333333333333333
2 0.51875 0.5716666666666667 0.52875 0.5733333333333334 0.53125 0.5816666666666667 0.5325 0.6083333333333333 0.53625 0.6266666666666667 0.53875 0.6883333333333334 0.53625 0.6916666666666667 0.53 0.6933333333333334 0.4975 0.6966666666666667 0.4675 0.7033333333333334 0.4525 0.7033333333333334 0.44875 0.6966666666666667 0.43875 0.5983333333333334 0.44125 0.5866666666666667 0.46375 0.58 0.49375 0.5766666666666667 0.5025 0.5733333333333334 0.5175 0.5733333333333334
2 0.40375 0.3233333333333333 0.4075 0.33166666666666667 0.41125 0.36666666666666664 0.41125 0.38166666666666665 0.41625 0.42333333333333334 0.41625 0.445 0.33375 0.46 0.325 0.4583333333333333 0.32375 0.455 0.3225 0.43333333333333335 0.31625 0.4033333333333333 0.31625 0.38333333333333336 0.3125 0.3516666666666667 0.31375 0.335 0.3525 0.33 0.36125 0.32666666666666666 0.4025 0.3233333333333333
2 0.61625 0.425 0.61875 0.42833333333333334 0.61875 0.445 0.6225 0.47 0.62625 0.545 0.6225 0.5483333333333333 0.61375 0.55 0.5725 0.5533333333333333 0.55375 0.5583333333333333 0.53875 0.5583333333333333 0.535 0.55 0.53375 0.5233333333333333 0.52875 0.49 0.52875 0.4683333333333333 0.52625 0.45166666666666666 0.5275 0.44166666666666665 0.53 0.43833333333333335 0.54125 0.435 0.615 0.425
2 0.41375 0.455 0.41875 0.4583333333333333 0.42125 0.47333333333333333 0.42875 0.575 0.42125 0.5783333333333334 0.38 0.5833333333333334 0.34125 0.5916666666666667 0.3375 0.5883333333333334 0.33625 0.5816666666666667 0.33375 0.5433333333333333 0.33 0.5283333333333333 0.33 0.505 0.32625 0.4716666666666667 0.33 0.4683333333333333 0.3725 0.46 0.4125 0.45666666666666667
2 0.625 0.5566666666666666 0.62875 0.56 0.62875 0.575 0.63375 0.6133333333333333 0.63375 0.6333333333333333 0.63625 0.6366666666666667 0.6375 0.6466666666666666 0.6375 0.675 0.6325 0.6783333333333333 0.56875 0.6883333333333334 0.55 0.6883333333333334 0.5475 0.6833333333333333 0.54 0.6166666666666667 0.53875 0.5733333333333334 0.54125 0.57 0.5525 0.5666666666666667 0.62375 0.5566666666666666
2 0.505 0.30833333333333335 0.50875 0.32166666666666666 0.50875 0.345 0.515 0.39166666666666666 0.51625 0.42833333333333334 0.51375 0.43166666666666664 0.47875 0.435 0.43375 0.44333333333333336 0.425 0.44166666666666665 0.42375 0.43833333333333335 0.42375 0.4216666666666667 0.42 0.405 0.42 0.38333333333333336 0.415 0.3516666666666667 0.415 0.3233333333333333 0.4225 0.31833333333333336 0.44 0.31666666666666665 0.465 0.31 0.50375 0.30833333333333335
2 0.4275 0.455 0.47 0.445 0.5175 0.44166666666666665 0.52375 0.49 0.52625 0.54 0.52875 0.5466666666666666 0.52875 0.5566666666666666 0.525 0.5633333333333334 0.43875 0.5733333333333334 0.43625 0.5666666666666667 0.43375 0.5333333333333333 0.43125 0.5233333333333333 0.42625 0.47 0.4275 0.45666666666666667
4 0.66 0.33666666666666667 0.67125 0.345 0.67375 0.355 0.67375 0.37166666666666665 0.66625 0.38333333333333336 0.65875 0.38666666666666666 0.645 0.38666666666666666 0.64 0.38166666666666665 0.635 0.37 0.635 0.35333333333333333 0.63875 0.345 0.6475 0.33666666666666667 0.65875 0.33666666666666667
4 0.61 0.6166666666666667 0.61875 0.6283333333333333 0.62 0.645 0.6175 0.655 0.6075 0.665 0.59625 0.665 0.59 0.6616666666666666 0.5825 0.6483333333333333 0.5825 0.6333333333333333 0.585 0.6266666666666667 0.59375 0.6166666666666667 0.60875 0.6166666666666667
4 0.65125 0.20833333333333334 0.66375 0.22166666666666668 0.665 0.23666666666666666 0.6625 0.24833333333333332 0.65 0.26 0.64 0.26 0.6325 0.25666666666666665 0.6275 0.25166666666666665 0.62375 0.24 0.62375 0.22666666666666666 0.62875 0.215 0.64 0.20666666666666667 0.65 0.20833333333333334
4 0.45625 0.365 0.46375 0.36 0.47875 0.3616666666666667 0.4875 0.37166666666666665 0.49 0.38166666666666665 0.4875 0.4 0.47875 0.41 0.46875 0.4116666666666667 0.45625 0.4033333333333333 0.45125 0.3933333333333333 0.45 0.38333333333333336 0.4525 0.37166666666666665 0.45625 0.36666666666666664
3 0.61125 0.285 0.61625 0.315 0.6225 0.4216666666666667 0.62625 0.44 0.6275 0.47333333333333333 0.63 0.4866666666666667 0.63375 0.54 0.6325 0.5566666666666666 0.635 0.56 0.635 0.5766666666666667 0.63875 0.595 0.63875 0.63 0.6425 0.6566666666666666 0.64125 0.68 0.60625 0.6883333333333334 0.58 0.69 0.53125 0.7 0.5175 0.7 0.465 0.71 0.4025 0.7166666666666667 0.395 0.72 0.36 0.725 0.34875 0.725 0.345 0.7166666666666667 0.34125 0.665 0.3375 0.6416666666666667 0.3375 0.625 0.33375 0.605 0.32875 0.545 0.32625 0.5366666666666666 0.3275 0.5283333333333333 0.32125 0.48 0.32125 0.4633333333333333 0.315 0.43 0.31375 0.4066666666666667 0.31625 0.4033333333333333 0.3125 0.395 0.31 0.37666666666666665 0.3075 0.33166666666666667 0.31375 0.3283333333333333 0.37625 0.32 0.38 0.31666666666666665 0.3975 0.31666666666666665 0.40625 0.31333333333333335 0.4725 0.305 0.49 0.3 0.56125 0.2916666666666667 0.58875 0.285 0.61 0.285