0 0.23375 0.28 0.24625 0.28833333333333333 0.255 0.3 0.25625 0.33 0.25125 0.3433333333333333 0.245 0.3516666666666667 0.23125 0.35833333333333334 0.21875 0.3566666666666667 0.2025 0.34 0.2 0.33166666666666667 0.2 0.30666666666666664 0.20375 0.295 0.2125 0.285 0.22125 0.28 0.2325 0.28
0 0.5325 0.4533333333333333 0.54 0.4583333333333333 0.5525 0.4766666666666667 0.555 0.4866666666666667 0.555 0.5 0.55 0.5166666666666667 0.5425 0.5266666666666666 0.52875 0.5333333333333333 0.5125 0.5333333333333333 0.50625 0.53 0.5 0.5216666666666666 0.49375 0.5033333333333333 0.49375 0.48333333333333334 0.4975 0.4716666666666667 0.50625 0.4583333333333333 0.515 0.4533333333333333 0.53125 0.4533333333333333
0 0.25125 0.47 0.26125 0.47833333333333333 0.26875 0.5033333333333333 0.26875 0.515 0.26625 0.5233333333333333 0.2625 0.5316666666666666 0.25125 0.545 0.225 0.5433333333333333 0.2175 0.535 0.21 0.5166666666666667 0.21125 0.49166666666666664 0.22375 0.4716666666666667 0.23375 0.4666666666666667 0.2425 0.4666666666666667 0.25 0.47
0 0.39 0.49 0.395 0.49333333333333335 0.4025 0.505 0.405 0.5183333333333333 0.405 0.54 0.39875 0.555 0.39375 0.5616666666666666 0.38375 0.5683333333333334 0.36625 0.5666666666666667 0.3525 0.5566666666666666 0.34625 0.5433333333333333 0.34375 0.5233333333333333 0.35 0.5033333333333333 0.36125 0.49 0.3675 0.4866666666666667 0.38375 0.4866666666666667 0.38875 0.49
0 0.2175 0.09666666666666666 0.2275 0.1 0.2375 0.10833333333333334 0.245 0.12333333333333334 0.245 0.13166666666666665 0.23875 0.16166666666666665 0.2325 0.17 0.21625 0.17333333333333334 0.2 0.17 0.19125 0.15666666666666668 0.18625 0.13666666666666666 0.19 0.11666666666666667 0.20375 0.1 0.21625 0.09666666666666666
1 0.8025 0.016666666666666666 0.81125 0.025 0.8175 0.04 0.8175 0.05333333333333334 0.81375 0.06833333333333333 0.8075 0.07666666666666666 0.80125 0.09166666666666666 0.80125 0.09833333333333333 0.8075 0.10166666666666667 0.8125 0.12833333333333333 0.81625 0.17166666666666666 0.815 0.2 0.83125 0.21666666666666667 0.83625 0.23333333333333334 0.835 0.255 0.8225 0.2783333333333333 0.82625 0.29 0.82875 0.31333333333333335 0.82875 0.3416666666666667 0.83875 0.435 0.83875 0.4583333333333333 0.8425 0.4816666666666667 0.84375 0.51 0.8475 0.5283333333333333 0.85125 0.5883333333333334 0.85375 0.5966666666666667 0.8575 0.6566666666666666 0.86125 0.68 0.86375 0.73 0.87375 0.815 0.87625 0.8516666666666667 0.875 0.865 0.87 0.87 0.76375 0.8783333333333333 0.73375 0.8833333333333333 0.685 0.885 0.64 0.8916666666666667 0.61 0.8916666666666667 0.6025 0.895 0.54125 0.8983333333333333 0.5275 0.9016666666666666 0.47125 0.905 0.42625 0.9116666666666666 0.37 0.915 0.35625 0.9183333333333333 0.33 0.9183333333333333 0.26625 0.9266666666666666 0.25375 0.925 0.25 0.8966666666666666 0.245 0.7716666666666666 0.24125 0.7366666666666667 0.23875 0.6483333333333333 0.2325 0.585 0.2325 0.55 0.22875 0.5433333333333333 0.21875 0.535 0.21 0.5116666666666667 0.21125 0.49333333333333335 0.22625 0.4666666666666667 0.225 0.425 0.22125 0.385 0.2225 0.3616666666666667 0.2075 0.345 0.20125 0.33166666666666667 0.2025 0.3016666666666667 0.20625 0.29333333333333333 0.2175 0.2816666666666667 0.21375 0.26666666666666666 0.21375 0.24166666666666667 0.21125 0.22833333333333333 0.21125 0.19666666666666666 0.215 0.18666666666666668 0.205 0.175 0.19125 0.15166666666666667 0.18875 0.14166666666666666 0.18875 0.13 0.1925 0.11666666666666667 0.205 0.10166666666666667 0.2225 0.1 0.235 0.10833333333333334 0.25125 0.12833333333333333 0.25375 0.125 0.26 0.12333333333333334 0.2925 0.12166666666666667 0.3 0.11833333333333333 0.32875 0.115 0.34625 0.11 0.39 0.10666666666666667 0.41875 0.1 0.47625 0.09333333333333334 0.61875 0.06833333333333333 0.6325 0.06833333333333333 0.64125 0.065 0.68875 0.06 0.72 0.05333333333333334 0.7475 0.05333333333333334 0.75625 0.04666666666666667 0.76125 0.02666666666666667 0.7675 0.018333333333333333 0.7825 0.01 0.795 0.011666666666666667 0.80125 0.016666666666666666
2 0.3175 0.6166666666666667 0.38875 0.61 0.4 0.6066666666666667 0.42625 0.605 0.435 0.6016666666666667 0.45125 0.6016666666666667 0.45625 0.62 0.45625 0.6383333333333333 0.46125 0.68 0.46375 0.7383333333333333 0.46625 0.7483333333333333 0.4675 0.7766666666666666 0.4675 0.7883333333333333 0.46 0.7933333333333333 0.33125 0.8066666666666666 0.3275 0.8016666666666666 0.325 0.7833333333333333 0.32375 0.7366666666666667 0.31625 0.6366666666666667 0.3175 0.6183333333333333
2 0.53875 0.29833333333333334 0.54125 0.2966666666666667 0.54625 0.2816666666666667 0.545 0.25833333333333336 0.53875 0.24333333333333335 0.525 0.23166666666666666 0.50875 0.23 0.495 0.23833333333333334 0.48875 0.24833333333333332 0.48375 0.265 0.48375 0.27666666666666667 0.4875 0.2916666666666667 0.49625 0.305 0.50375 0.31 0.52 0.31333333333333335 0.5325 0.30666666666666664 0.53875 0.3
2 0.58875 0.38333333333333336 0.5925 0.39 0.595 0.435 0.59875 0.4583333333333333 0.59875 0.4816666666666667 0.605 0.55 0.60375 0.5666666666666667 0.60125 0.57 0.59125 0.5716666666666667 0.52 0.5783333333333334 0.48 0.585 0.47 0.585 0.46375 0.58 0.46125 0.5566666666666666 0.46125 0.53 0.45625 0.48833333333333334 0.45625 0.455 0.4525 0.43166666666666664 0.45375 0.405 0.4625 0.3983333333333333 0.48125 0.39666666666666667 0.49 0.3933333333333333 0.5875 0.38333333333333336
2 0.72625 0.16333333333333333 0.72875 0.16666666666666666 0.73125 0.18166666666666667 0.73625 0.26166666666666666 0.7425 0.32 0.7425 0.345 0.74 0.34833333333333333 0.73 0.35 0.69 0.35333333333333333 0.665 0.35833333333333334 0.6475 0.35833333333333334 0.6225 0.36333333333333334 0.60375 0.36333333333333334 0.60125 0.36 0.59125 0.25166666666666665 0.59125 0.22666666666666666 0.5875 0.19166666666666668 0.58875 0.18666666666666668 0.595 0.18166666666666667 0.63875 0.17333333333333334 0.65375 0.17333333333333334 0.66875 0.16833333333333333 0.6975 0.16666666666666666 0.70875 0.16333333333333333 0.725 0.16333333333333333
2 0.42125 0.20666666666666667 0.42625 0.21 0.42875 0.22166666666666668 0.4325 0.29 0.43625 0.31833333333333336 0.43875 0.385 0.43375 0.3883333333333333 0.41 0.39 0.40125 0.3933333333333333 0.3725 0.395 0.36375 0.3983333333333333 0.305 0.405 0.3025 0.4 0.3 0.38166666666666665 0.2975 0.335 0.295 0.32166666666666666 0.29375 0.265 0.29 0.23666666666666666 0.29125 0.22833333333333333 0.3 0.22166666666666668 0.32 0.22166666666666668 0.335 0.21666666666666667 0.3575 0.21666666666666667 0.3825 0.21 0.42 0.20833333333333334
2 0.7425 0.365 0.74625 0.37166666666666665 0.75 0.40166666666666667 0.75125 0.43 0.7575 0.485 0.76 0.5483333333333333 0.755 0.5533333333333333 0.70875 0.5566666666666666 0.6825 0.5616666666666666 0.64125 0.5633333333333334 0.63125 0.5666666666666667 0.61875 0.565 0.615 0.55 0.60875 0.46 0.60625 0.44666666666666666 0.6075 0.42833333333333334 0.60375 0.4083333333333333 0.605 0.38166666666666665 0.63 0.375 0.66 0.375 0.66875 0.37166666666666665 0.69125 0.37 0.69875 0.36666666666666664 0.71625 0.36666666666666664 0.72375 0.36333333333333334 0.74125 0.365
2 0.44 0.4033333333333333 0.4425 0.41333333333333333 0.44375 0.455 0.4475 0.47333333333333333 0.45 0.5083333333333333 0.45 0.535 0.45375 0.5766666666666667 0.4525 0.5833333333333334 0.45 0.5866666666666667 0.4375 0.59 0.41625 0.59 0.39 0.5966666666666667 0.37125 0.5966666666666667 0.33 0.6033333333333334 0.31625 0.6016666666666667 0.31375 0.5916666666666667 0.30375 0.44166666666666665 0.305 0.41833333333333333 0.35375 0.41333333333333333 0.3625 0.41 0.38375 0.41 0.39125 0.4066666666666667 0.4175 0.4033333333333333 0.43875 0.4033333333333333
2 0.545 0.6883333333333334 0.155 0.20666666666666667
2 0.75375 0.5666666666666667 0.76 0.5683333333333334 0.7625 0.5716666666666667 0.765 0.5866666666666667 0.76875 0.64 0.7725 0.665 0.77375 0.7033333333333334 0.78 0.7516666666666667 0.77875 0.76 0.77625 0.7633333333333333 0.76625 0.765 0.72625 0.7683333333333333 0.7225 0.7666666666666667 0.65 0.775 0.63625 0.7733333333333333 0.63125 0.7616666666666667 0.62 0.6316666666666667 0.62 0.585 0.625 0.5816666666666667 0.65375 0.5766666666666667 0.71375 0.57 0.73625 0.57 0.7525 0.5666666666666667
4 0.5325 0.23833333333333334 0.53875 0.245 0.54375 0.25666666666666665 0.545 0.2816666666666667 0.54125 0.29333333333333333 0.5325 0.305 0.52 0.31166666666666665 0.50875 0.31 0.49375 0.3 0.4875 0.28833333333333333 0.485 0.265 0.49125 0.245 0.50375 0.23333333333333334 0.52125 0.23166666666666666 0.53125 0.23833333333333334
4 0.8 0.011666666666666667 0.80875 0.018333333333333333 0.8175 0.03333333333333333 0.81875 0.055 0.81375 0.07333333333333333 0.8075 0.08166666666666667 0.7975 0.08666666666666667 0.78 0.08666666666666667 0.76625 0.07833333333333334 0.75875 0.065 0.75625 0.055 0.75625 0.04 0.76125 0.023333333333333334 0.76875 0.015 0.78 0.008333333333333333 0.79375 0.008333333333333333 0.79875 0.011666666666666667
4 0.8175 0.20166666666666666 0.82875 0.21166666666666667 0.83375 0.22 0.8375 0.23166666666666666 0.83875 0.245 0.835 0.26 0.825 0.275 0.80375 0.2816666666666667 0.795 0.28 0.78125 0.2683333333333333 0.775 0.25 0.775 0.23 0.77875 0.21833333333333332 0.78875 0.20666666666666667 0.80375 0.2 0.81625 0.20166666666666666
4 0.7375 0.6466666666666666 0.745 0.655 0.75125 0.67 0.7525 0.6933333333333334 0.75125 0.7016666666666667 0.745 0.7133333333333334 0.73875 0.72 0.73125 0.7233333333333334 0.7125 0.7233333333333334 0.70125 0.7166666666666667 0.69125 0.6983333333333334 0.69 0.6716666666666666 0.69125 0.665 0.6975 0.6533333333333333 0.7075 0.6433333333333333 0.7275 0.6416666666666667 0.73625 0.6466666666666666
3 0.735 0.15 0.7375 0.15833333333333333 0.7475 0.30666666666666664 0.75125 0.3283333333333333 0.7525 0.36333333333333334 0.75625 0.3883333333333333 0.76 0.4483333333333333 0.7675 0.5166666666666667 0.76875 0.5566666666666666 0.7725 0.58 0.77375 0.615 0.77875 0.6483333333333333 0.7825 0.7166666666666667 0.785 0.725 0.7875 0.7533333333333333 0.78625 0.7683333333333333 0.78125 0.7716666666666666 0.76875 0.7733333333333333 0.73375 0.775 0.70375 0.78 0.6925 0.7783333333333333 0.68125 0.7816666666666666 0.64125 0.7833333333333333 0.61375 0.7883333333333333 0.59 0.7883333333333333 0.57875 0.7916666666666666 0.55875 0.7916666666666666 0.53375 0.7966666666666666 0.49125 0.7983333333333333 0.41 0.8083333333333333 0.37 0.81 0.3325 0.8166666666666667 0.32375 0.815 0.32125 0.8116666666666666 0.32 0.8 0.3175 0.7366666666666667 0.31375 0.7083333333333334 0.3125 0.6633333333333333 0.30875 0.6233333333333333 0.30875 0.5983333333333334 0.30375 0.5466666666666666 0.3025 0.49666666666666665 0.3 0.48333333333333334 0.29625 0.41333333333333333 0.2925 0.38666666666666666 0.2925 0.36 0.29 0.34833333333333333 0.2825 0.21666666666666667 0.28625 0.21333333333333335 0.43125 0.195 0.45625 0.18833333333333332 0.49625 0.185 0.54875 0.175 0.6375 0.165 0.655 0.16 0.73375 0.15