0 0.4775 0.4483333333333333 0.4925 0.46166666666666667 0.4975 0.48 0.49625 0.49166666666666664 0.49375 0.5 0.48625 0.51 0.4675 0.5183333333333333 0.45625 0.5183333333333333 0.44625 0.515 0.43875 0.5016666666666667 0.43625 0.4766666666666667 0.44125 0.4633333333333333 0.4475 0.455 0.46375 0.44666666666666666 0.47625 0.4483333333333333
0 0.21875 0.32666666666666666 0.2275 0.3416666666666667 0.2275 0.3516666666666667 0.22375 0.365 0.215 0.37666666666666665 0.20125 0.38333333333333336 0.185 0.38166666666666665 0.175 0.365 0.175 0.35 0.18 0.3383333333333333 0.18625 0.33 0.19375 0.325 0.2125 0.3233333333333333 0.2175 0.32666666666666666
0 0.2225 0.19333333333333333 0.23 0.19666666666666666 0.235 0.20333333333333334 0.23625 0.22166666666666668 0.23125 0.23333333333333334 0.21875 0.245 0.19375 0.24333333333333335 0.18875 0.23833333333333334 0.18625 0.23166666666666666 0.18625 0.21666666666666667 0.18875 0.21 0.19875 0.19833333333333333 0.2075 0.19333333333333333 0.22125 0.19333333333333333
0 0.19875 0.47 0.21375 0.47833333333333333 0.21875 0.49166666666666664 0.21875 0.505 0.20625 0.5266666666666666 0.2 0.5316666666666666 0.18875 0.535 0.175 0.535 0.16875 0.5316666666666666 0.1625 0.5216666666666666 0.16125 0.5016666666666667 0.165 0.49 0.17625 0.4766666666666667 0.18875 0.47 0.1975 0.47
0 0.335 0.48 0.34625 0.49166666666666664 0.35 0.5033333333333333 0.35125 0.5166666666666667 0.34625 0.5283333333333333 0.335 0.5433333333333333 0.315 0.55 0.3025 0.5483333333333333 0.295 0.5416666666666666 0.28875 0.525 0.28875 0.51 0.295 0.495 0.30625 0.48333333333333334 0.3125 0.48 0.33375 0.48
1 0.72125 0.12 0.73375 0.125 0.74 0.13666666666666666 0.74 0.15333333333333332 0.73625 0.17166666666666666 0.735 0.20166666666666666 0.7375 0.21666666666666667 0.74375 0.23333333333333334 0.74375 0.25 0.7575 0.26 0.765 0.2733333333333333 0.765 0.29333333333333333 0.75875 0.31 0.75875 0.3383333333333333 0.77125 0.3883333333333333 0.77875 0.4533333333333333 0.79375 0.53 0.79625 0.555 0.8075 0.6133333333333333 0.80875 0.6316666666666667 0.815 0.655 0.82625 0.7366666666666667 0.835 0.7783333333333333 0.8375 0.8033333333333333 0.8475 0.8566666666666667 0.85 0.8816666666666667 0.85375 0.8966666666666666 0.8525 0.9083333333333333 0.845 0.9133333333333333 0.83375 0.915 0.7325 0.92 0.69125 0.925 0.6325 0.9266666666666666 0.6225 0.93 0.59625 0.93 0.50625 0.94 0.47375 0.94 0.43625 0.9466666666666667 0.425 0.945 0.39875 0.95 0.29375 0.9566666666666667 0.2825 0.96 0.22375 0.9633333333333334 0.19 0.9683333333333334 0.1575 0.9666666666666667 0.155 0.9633333333333334 0.155 0.935 0.1575 0.905 0.16 0.8966666666666666 0.1625 0.8366666666666667 0.17 0.7683333333333333 0.17125 0.73 0.17375 0.7233333333333334 0.175 0.7083333333333334 0.17875 0.64 0.18125 0.6266666666666667 0.18125 0.5966666666666667 0.185 0.5733333333333334 0.185 0.5616666666666666 0.18 0.5483333333333333 0.16375 0.5233333333333333 0.1625 0.5 0.165 0.49166666666666664 0.17125 0.48333333333333334 0.1775 0.4766666666666667 0.18875 0.4716666666666667 0.1925 0.4666666666666667 0.1925 0.45 0.1975 0.415 0.19125 0.4 0.19 0.39166666666666666 0.17875 0.375 0.175 0.35833333333333334 0.17875 0.3416666666666667 0.18875 0.33 0.20375 0.32 0.205 0.2966666666666667 0.20875 0.28833333333333333 0.2025 0.2683333333333333 0.2025 0.26166666666666666 0.18875 0.235 0.1875 0.22 0.19125 0.21 0.19625 0.20333333333333334 0.21 0.195 0.2225 0.195 0.22875 0.19833333333333333 0.235 0.20666666666666667 0.2425 0.23833333333333334 0.24875 0.25 0.2525 0.255 0.255 0.255 0.26125 0.25166666666666665 0.305 0.24666666666666667 0.315 0.24333333333333335 0.36875 0.23833333333333334 0.425 0.22833333333333333 0.44125 0.22833333333333333 0.44875 0.225 0.47 0.22333333333333333 0.48 0.22 0.50875 0.21833333333333332 0.58125 0.205 0.59625 0.205 0.64875 0.195 0.675 0.19333333333333333 0.685 0.18666666666666668 0.68875 0.16166666666666665 0.6875 0.14166666666666666 0.695 0.125 0.70375 0.12 0.72 0.12
2 0.5375 0.44 0.5425 0.445 0.5475 0.48 0.55 0.5383333333333333 0.5525 0.5566666666666666 0.5525 0.5966666666666667 0.54125 0.6016666666666667 0.495 0.605 0.425 0.615 0.41375 0.615 0.41125 0.6133333333333333 0.41 0.6083333333333333 0.41 0.4583333333333333 0.42625 0.45166666666666666 0.44875 0.45166666666666666 0.435 0.4766666666666667 0.4375 0.5016666666666667 0.44125 0.5116666666666667 0.4475 0.5483333333333333 0.4525 0.5616666666666666 0.46625 0.5816666666666667 0.47625 0.5833333333333334 0.4925 0.5766666666666667 0.5025 0.5633333333333334 0.5075 0.5516666666666666 0.5025 0.5116666666666667 0.49875 0.5016666666666667 0.4975 0.47333333333333333 0.49375 0.46166666666666667 0.48125 0.44666666666666666 0.53625 0.44
2 0.66875 0.265 0.6725 0.2683333333333333 0.6775 0.31333333333333335 0.68 0.32166666666666666 0.68875 0.395 0.6875 0.4066666666666667 0.68125 0.41 0.65875 0.41 0.6225 0.4166666666666667 0.5575 0.42333333333333334 0.5525 0.4166666666666667 0.55125 0.405 0.54375 0.30833333333333335 0.545 0.285 0.55125 0.2816666666666667 0.56375 0.2816666666666667 0.6675 0.265
2 0.39125 0.305 0.395 0.30666666666666664 0.3975 0.31166666666666665 0.3975 0.44333333333333336 0.2775 0.46 0.27 0.4583333333333333 0.2675 0.44666666666666666 0.27 0.4166666666666667 0.26875 0.4033333333333333 0.27125 0.3416666666666667 0.2725 0.33 0.275 0.325 0.27875 0.32 0.28625 0.31833333333333336 0.39 0.305
2 0.6875 0.4216666666666667 0.69125 0.425 0.695 0.44166666666666665 0.6975 0.47333333333333333 0.70125 0.49 0.70625 0.5416666666666666 0.70875 0.55 0.71 0.58 0.695 0.585 0.60125 0.5933333333333334 0.5875 0.5966666666666667 0.56875 0.5966666666666667 0.565 0.59 0.56 0.5483333333333333 0.56125 0.5416666666666666 0.555 0.4683333333333333 0.55625 0.44 0.56375 0.435 0.6125 0.43166666666666664 0.67625 0.42 0.68625 0.4216666666666667
2 0.39625 0.45666666666666667 0.39875 0.47 0.3975 0.47833333333333333 0.4 0.5233333333333333 0.4 0.605 0.3975 0.615 0.38 0.62 0.365 0.62 0.355 0.6233333333333333 0.3125 0.6266666666666667 0.27125 0.6333333333333333 0.2625 0.6333333333333333 0.26 0.63 0.26 0.58 0.2675 0.475 0.27125 0.4716666666666667 0.31875 0.4666666666666667 0.34625 0.46 0.3725 0.46 0.395 0.45666666666666667
2 0.385 0.6366666666666667 0.38625 0.6383333333333333 0.3925 0.6333333333333333 0.39625 0.6333333333333333 0.39875 0.6416666666666667 0.40125 0.7216666666666667 0.4 0.8133333333333334 0.3975 0.8166666666666667 0.38375 0.82 0.26125 0.8316666666666667 0.25125 0.83 0.24875 0.8133333333333334 0.25 0.7866666666666666 0.2525 0.78 0.25375 0.7283333333333334 0.25625 0.7133333333333334 0.25625 0.6666666666666666 0.25875 0.6533333333333333 0.26125 0.65 0.27 0.6483333333333333 0.2875 0.6483333333333333 0.3075 0.6433333333333333 0.38375 0.6366666666666667
2 0.54875 0.615 0.55375 0.62 0.555 0.625 0.56 0.6933333333333334 0.56375 0.715 0.56375 0.7416666666666667 0.56625 0.7533333333333333 0.5675 0.7783333333333333 0.565 0.7983333333333333 0.51625 0.8066666666666666 0.42375 0.815 0.415 0.8133333333333334 0.41375 0.81 0.41375 0.78 0.41125 0.7716666666666666 0.41125 0.7583333333333333 0.41375 0.7483333333333333 0.41125 0.695 0.4125 0.6366666666666667 0.4175 0.63 0.46 0.6266666666666667 0.46375 0.6233333333333333 0.47875 0.6216666666666667 0.52 0.62 0.5475 0.615
2 0.7125 0.5983333333333334 0.72125 0.6416666666666667 0.73875 0.7816666666666666 0.7325 0.7866666666666666 0.72 0.7866666666666666 0.71 0.79 0.7025 0.7883333333333333 0.68875 0.7916666666666666 0.6425 0.7933333333333333 0.605 0.7983333333333333 0.5825 0.7983333333333333 0.57875 0.7916666666666666 0.56875 0.6716666666666666 0.5675 0.6166666666666667 0.5725 0.6116666666666667 0.58375 0.6116666666666667 0.59 0.6083333333333333 0.60375 0.6083333333333333 0.61375 0.605 0.64125 0.6016666666666667 0.65875 0.6033333333333334 0.70375 0.5966666666666667 0.71125 0.5983333333333334
2 0.53 0.2866666666666667 0.5325 0.2916666666666667 0.5375 0.345 0.54125 0.4083333333333333 0.54 0.4216666666666667 0.5375 0.425 0.515 0.43 0.45875 0.435 0.45125 0.43833333333333335 0.43625 0.43833333333333335 0.425 0.44166666666666665 0.4125 0.44166666666666665 0.41 0.44 0.40875 0.435 0.40625 0.3283333333333333 0.4075 0.305 0.42375 0.29833333333333334 0.435 0.2966666666666667 0.4375 0.3 0.43875 0.31666666666666665 0.44125 0.3283333333333333 0.44375 0.33166666666666667 0.44375 0.3433333333333333 0.45375 0.39 0.46875 0.4083333333333333 0.47875 0.4116666666666667 0.49125 0.405 0.50375 0.385 0.505 0.36666666666666664 0.49875 0.3233333333333333 0.49625 0.32 0.49625 0.2916666666666667 0.50125 0.28833333333333333 0.52875 0.2866666666666667
4 0.6725 0.6116666666666667 0.6825 0.6166666666666667 0.69 0.6266666666666667 0.695 0.64 0.69625 0.655 0.69125 0.6783333333333333 0.68125 0.6866666666666666 0.67125 0.69 0.65625 0.69 0.6425 0.6833333333333333 0.63375 0.6716666666666666 0.63 0.6566666666666666 0.63125 0.6333333333333333 0.6425 0.6166666666666667 0.65625 0.61 0.67125 0.6116666666666667
4 0.475 0.27666666666666667 0.4875 0.2833333333333333 0.4925 0.29 0.495 0.2966666666666667 0.495 0.31333333333333335 0.48625 0.3283333333333333 0.47375 0.33666666666666667 0.46375 0.33666666666666667 0.45125 0.33166666666666667 0.4425 0.3233333333333333 0.44 0.315 0.44 0.2966666666666667 0.44875 0.285 0.4625 0.27666666666666667 0.47375 0.27666666666666667
4 0.7275 0.12 0.73375 0.12333333333333334 0.74 0.13166666666666665 0.74125 0.15166666666666667 0.735 0.165 0.71625 0.17166666666666666 0.7 0.16833333333333333 0.6925 0.16333333333333333 0.6875 0.15333333333333332 0.68625 0.14 0.68875 0.13166666666666665 0.69875 0.12 0.71 0.11666666666666667 0.72625 0.12
4 0.75125 0.25333333333333335 0.75875 0.26 0.76375 0.2683333333333333 0.76625 0.2866666666666667 0.75875 0.305 0.73875 0.31166666666666665 0.72625 0.31 0.71375 0.3 0.7075 0.28833333333333333 0.7075 0.275 0.71 0.26666666666666666 0.72 0.255 0.7275 0.25166666666666665 0.75 0.25333333333333335
3 0.4925 0.2833333333333333 0.6575 0.25833333333333336 0.67625 0.25833333333333336 0.67875 0.26166666666666666 0.6825 0.3 0.69 0.3416666666666667 0.6925 0.37666666666666665 0.69625 0.3933333333333333 0.69875 0.4216666666666667 0.7025 0.435 0.705 0.47 0.71375 0.5216666666666666 0.7175 0.5683333333333334 0.72875 0.6433333333333333 0.73375 0.7016666666666667 0.7375 0.7166666666666667 0.74625 0.7783333333333333 0.745 0.7933333333333333 0.73625 0.7966666666666666 0.68875 0.8016666666666666 0.62375 0.805 0.61875 0.8083333333333333 0.57125 0.8116666666666666 0.56 0.815 0.5175 0.8166666666666667 0.5 0.82 0.48375 0.8183333333333334 0.4475 0.825 0.395 0.83 0.38625 0.8333333333333334 0.375 0.8316666666666667 0.3625 0.835 0.34375 0.835 0.3275 0.8383333333333334 0.32 0.8366666666666667 0.3 0.84 0.285 0.8383333333333334 0.26125 0.845 0.24375 0.845 0.24125 0.8416666666666667 0.24375 0.7616666666666667 0.2475 0.7166666666666667 0.24875 0.67 0.2525 0.64 0.2525 0.5933333333333334 0.2575 0.52 0.26125 0.3983333333333333 0.265 0.3516666666666667 0.265 0.3233333333333333 0.2675 0.31333333333333335 0.44 0.29 0.44 0.29333333333333333 0.435 0.29833333333333334 0.4175 0.3 0.40625 0.30666666666666664 0.405 0.355 0.4075 0.365 0.40625 0.39 0.40875 0.4 0.4075 0.43166666666666664 0.40875 0.44 0.41125 0.44333333333333336 0.41875 0.44333333333333336 0.4375 0.43833333333333335 0.45625 0.43833333333333335 0.46375 0.435 0.525 0.43 0.53875 0.4266666666666667 0.54125 0.42333333333333334 0.54125 0.375 0.5375 0.3566666666666667 0.5375 0.335 0.5325 0.2916666666666667 0.52875 0.2866666666666667 0.4975 0.28833333333333333 0.49375 0.285