0 0.325 0.43166666666666664 0.335 0.43833333333333335 0.33875 0.44666666666666666 0.3375 0.475 0.335 0.4816666666666667 0.32625 0.49166666666666664 0.3125 0.49 0.30375 0.475 0.30375 0.45 0.30625 0.44333333333333336 0.31125 0.43666666666666665 0.32375 0.43166666666666664
0 0.4225 0.5966666666666667 0.42625 0.6016666666666667 0.43 0.6133333333333333 0.43125 0.6316666666666667 0.425 0.6516666666666666 0.41625 0.6566666666666666 0.40375 0.6566666666666666 0.39625 0.65 0.39125 0.6366666666666667 0.39 0.6183333333333333 0.39375 0.6033333333333334 0.40125 0.5933333333333334 0.415 0.5916666666666667 0.42125 0.5966666666666667
0 0.52375 0.5633333333333334 0.5325 0.5733333333333334 0.535 0.58 0.53625 0.6083333333333333 0.52875 0.6233333333333333 0.515 0.63 0.5025 0.6283333333333333 0.4975 0.6233333333333333 0.49125 0.6083333333333333 0.49 0.59 0.495 0.5716666666666667 0.50125 0.5633333333333334 0.51125 0.56 0.5225 0.5633333333333334
0 0.32125 0.29333333333333333 0.33 0.3 0.33125 0.31333333333333335 0.3275 0.3416666666666667 0.3175 0.3516666666666667 0.30375 0.35 0.3 0.3466666666666667 0.29625 0.3333333333333333 0.29625 0.31333333333333335 0.3 0.3016666666666667 0.30375 0.2966666666666667 0.30875 0.29333333333333333 0.32 0.29333333333333333
0 0.3375 0.58 0.34125 0.585 0.345 0.5983333333333334 0.345 0.615 0.3375 0.6366666666666667 0.32125 0.6366666666666667 0.31375 0.63 0.31 0.62 0.31 0.5983333333333334 0.31375 0.5866666666666667 0.32375 0.5783333333333334 0.33625 0.58
1 0.74 0.13333333333333333 0.74625 0.13666666666666666 0.76125 0.15166666666666667 0.78375 0.14333333333333334 0.79125 0.145 0.795 0.155 0.795 0.165 0.8 0.175 0.79875 0.18333333333333332 0.80125 0.19166666666666668 0.80125 0.23333333333333334 0.8075 0.295 0.8075 0.31333333333333335 0.80875 0.325 0.815 0.3433333333333333 0.8175 0.36333333333333334 0.8175 0.4033333333333333 0.82125 0.435 0.8225 0.4716666666666667 0.835 0.5866666666666667 0.84 0.66 0.84625 0.705 0.84625 0.7216666666666667 0.85 0.74 0.85 0.7666666666666667 0.85625 0.8133333333333334 0.8575 0.8533333333333334 0.86125 0.8766666666666667 0.86125 0.8983333333333333 0.865 0.9266666666666666 0.865 0.9516666666666667 0.86125 0.9566666666666667 0.73 0.9533333333333334 0.66875 0.9483333333333334 0.62875 0.9483333333333334 0.56625 0.9433333333333334 0.51125 0.9433333333333334 0.48875 0.94 0.40625 0.9383333333333334 0.37125 0.935 0.3675 0.9283333333333333 0.365 0.9116666666666666 0.35875 0.7366666666666667 0.35625 0.7216666666666667 0.35625 0.6933333333333334 0.35125 0.6416666666666667 0.34875 0.6383333333333333 0.33125 0.6383333333333333 0.31875 0.6333333333333333 0.315 0.6283333333333333 0.31125 0.6166666666666667 0.3125 0.5933333333333334 0.31875 0.5816666666666667 0.32875 0.5783333333333334 0.3425 0.5783333333333334 0.34875 0.5716666666666667 0.34875 0.5483333333333333 0.34625 0.51 0.34375 0.5 0.33375 0.49166666666666664 0.315 0.49 0.31 0.485 0.30375 0.47 0.305 0.4533333333333333 0.31 0.44 0.32125 0.43166666666666664 0.335 0.435 0.33875 0.43 0.34 0.42333333333333334 0.34 0.385 0.33625 0.37 0.3375 0.3616666666666667 0.3275 0.35333333333333333 0.30375 0.34833333333333333 0.3 0.3416666666666667 0.2975 0.33 0.2975 0.31666666666666665 0.30375 0.3 0.3125 0.295 0.32125 0.295 0.34 0.305 0.3525 0.30666666666666664 0.4 0.285 0.43375 0.275 0.44625 0.2683333333333333 0.45625 0.26666666666666666 0.51875 0.24166666666666667 0.57 0.225 0.58125 0.21833333333333332 0.62625 0.20333333333333334 0.68625 0.17833333333333334 0.69875 0.17666666666666667 0.705 0.15333333333333332 0.7125 0.14166666666666666 0.72375 0.13333333333333333 0.73875 0.13333333333333333
2 0.49625 0.6816666666666666 0.49875 0.6866666666666666 0.50125 0.7066666666666667 0.505 0.785 0.50875 0.8166666666666667 0.50875 0.84 0.505 0.8433333333333334 0.49625 0.845 0.415 0.845 0.41125 0.8383333333333334 0.41 0.83 0.40625 0.7316666666666667 0.4075 0.6916666666666667 0.4325 0.6866666666666666 0.45375 0.6866666666666666 0.46375 0.6833333333333333 0.495 0.6816666666666666
2 0.49 0.3433333333333333 0.5025 0.33666666666666667 0.51625 0.335 0.5425 0.3233333333333333 0.57375 0.31333333333333335 0.5875 0.31333333333333335 0.5925 0.345 0.5925 0.36666666666666664 0.6 0.4583333333333333 0.6 0.4683333333333333 0.59875 0.47333333333333333 0.59625 0.475 0.5075 0.495 0.49625 0.49333333333333335 0.49375 0.48333333333333334 0.4925 0.45 0.49 0.44333333333333336 0.49125 0.43666666666666665 0.505 0.44166666666666665 0.52875 0.44333333333333336 0.5325 0.44666666666666666 0.54875 0.45 0.5575 0.445 0.555 0.43333333333333335 0.5525 0.43 0.5475 0.43 0.5425 0.43833333333333335 0.52625 0.435 0.53125 0.43333333333333335 0.5325 0.42333333333333334 0.53375 0.4266666666666667 0.5375 0.42833333333333334 0.555 0.42833333333333334 0.5575 0.42333333333333334 0.555 0.42 0.55 0.42 0.54625 0.41333333333333333 0.5425 0.41833333333333333 0.53125 0.41833333333333333 0.5325 0.4066666666666667 0.54375 0.4066666666666667 0.54625 0.41333333333333333 0.5525 0.41 0.54875 0.4083333333333333 0.55125 0.4 0.545 0.39166666666666666 0.54 0.39 0.53625 0.385 0.52875 0.38333333333333336 0.5175 0.37333333333333335 0.5075 0.37 0.49375 0.37666666666666665 0.48875 0.37666666666666665 0.48625 0.365 0.48625 0.3516666666666667 0.49 0.345
2 0.60125 0.49 0.605 0.5083333333333333 0.60625 0.545 0.61 0.5683333333333334 0.61 0.6 0.61375 0.6266666666666667 0.61375 0.6533333333333333 0.59875 0.6583333333333333 0.57875 0.6583333333333333 0.5175 0.6683333333333333 0.51 0.6683333333333333 0.50625 0.6616666666666666 0.50375 0.6416666666666667 0.505 0.6316666666666667 0.51875 0.6316666666666667 0.525 0.6283333333333333 0.5575 0.6283333333333333 0.57125 0.6183333333333333 0.57625 0.61 0.57875 0.6 0.5725 0.5866666666666667 0.57125 0.5766666666666667 0.56125 0.5683333333333334 0.51375 0.5583333333333333 0.5 0.56 0.4975 0.5566666666666666 0.49625 0.5133333333333333 0.50125 0.5083333333333333 0.5175 0.5033333333333333 0.54625 0.5 0.56625 0.49333333333333335 0.5775 0.49333333333333335 0.58125 0.49 0.6 0.49
2 0.715 0.275 0.71875 0.285 0.72125 0.31 0.72125 0.32666666666666666 0.71625 0.3416666666666667 0.71625 0.36666666666666664 0.7275 0.39166666666666666 0.73 0.44333333333333336 0.72375 0.4483333333333333 0.705 0.45 0.6725 0.46 0.62 0.47 0.61125 0.4683333333333333 0.6075 0.4583333333333333 0.60875 0.45166666666666666 0.605 0.4083333333333333 0.6075 0.4 0.60375 0.39166666666666666 0.60125 0.3383333333333333 0.59875 0.335 0.59875 0.31 0.64125 0.2916666666666667 0.6575 0.29 0.66875 0.2833333333333333 0.69375 0.27666666666666667 0.70875 0.2733333333333333 0.71375 0.275
2 0.47375 0.34833333333333333 0.4775 0.3516666666666667 0.48 0.36833333333333335 0.4825 0.42833333333333334 0.485 0.44333333333333336 0.48625 0.49666666666666665 0.47625 0.5016666666666667 0.46875 0.5016666666666667 0.45625 0.5066666666666667 0.44 0.5083333333333333 0.41 0.5166666666666667 0.3975 0.5166666666666667 0.39375 0.5116666666666667 0.39125 0.47 0.38875 0.4583333333333333 0.39 0.4483333333333333 0.38625 0.41833333333333333 0.385 0.38 0.38875 0.37333333333333335 0.3925 0.37166666666666665 0.41 0.36833333333333335 0.42875 0.36 0.4425 0.35833333333333334 0.4725 0.34833333333333333
2 0.7275 0.46166666666666667 0.73125 0.4633333333333333 0.73375 0.4683333333333333 0.73875 0.5066666666666667 0.73875 0.5233333333333333 0.7425 0.545 0.745 0.5983333333333334 0.7475 0.6116666666666667 0.7475 0.6383333333333333 0.72 0.645 0.70375 0.645 0.64 0.6533333333333333 0.625 0.6533333333333333 0.6225 0.65 0.62375 0.6466666666666666 0.62125 0.64 0.61875 0.5833333333333334 0.61625 0.5716666666666667 0.61625 0.5383333333333333 0.6125 0.515 0.61375 0.49 0.6275 0.4816666666666667 0.72625 0.46166666666666667
2 0.4875 0.515 0.49 0.5283333333333333 0.4925 0.57 0.4875 0.5966666666666667 0.4975 0.6383333333333333 0.4975 0.6666666666666666 0.48125 0.6716666666666666 0.44875 0.6733333333333333 0.42125 0.6783333333333333 0.40375 0.6766666666666666 0.40375 0.66 0.41125 0.66 0.425 0.655 0.44 0.655 0.45875 0.6483333333333333 0.46375 0.64 0.46125 0.6216666666666667 0.465 0.615 0.45625 0.6 0.44375 0.5933333333333334 0.42375 0.5933333333333334 0.4175 0.59 0.4 0.5916666666666667 0.39625 0.5716666666666667 0.39625 0.5316666666666666 0.4 0.5283333333333333 0.41 0.5283333333333333 0.46125 0.515 0.48625 0.515
2 0.61375 0.67 0.6175 0.68 0.62125 0.72 0.62125 0.7433333333333333 0.6225 0.7583333333333333 0.625 0.765 0.62625 0.8133333333333334 0.62875 0.835 0.62625 0.8416666666666667 0.62 0.8433333333333334 0.57875 0.845 0.525 0.845 0.51875 0.84 0.51625 0.805 0.5125 0.7916666666666666 0.51375 0.7716666666666666 0.51125 0.765 0.5125 0.7616666666666667 0.50875 0.6883333333333334 0.51125 0.6816666666666666 0.5275 0.6766666666666666 0.5325 0.6783333333333333 0.5675 0.6716666666666666 0.5775 0.6733333333333333 0.59375 0.67 0.6125 0.67
2 0.74875 0.6566666666666666 0.75125 0.6633333333333333 0.755 0.6933333333333334 0.75875 0.7533333333333333 0.76375 0.7916666666666666 0.76375 0.8066666666666666 0.76625 0.8166666666666667 0.76625 0.84 0.7625 0.8433333333333334 0.63875 0.8416666666666667 0.63625 0.8316666666666667 0.6375 0.8266666666666667 0.63125 0.7783333333333333 0.6325 0.77 0.63 0.7583333333333333 0.63 0.72 0.62625 0.6983333333333334 0.6275 0.6683333333333333 0.64875 0.6633333333333333 0.68125 0.6616666666666666 0.6925 0.6583333333333333 0.71875 0.6583333333333333 0.74 0.655 0.7475 0.6566666666666666
4 0.51875 0.37666666666666665 0.5275 0.3883333333333333 0.53 0.4116666666666667 0.52625 0.4266666666666667 0.51875 0.43666666666666665 0.5125 0.44 0.5 0.43833333333333335 0.48875 0.43166666666666664 0.485 0.4166666666666667 0.485 0.3933333333333333 0.4875 0.385 0.4975 0.375 0.5125 0.37333333333333335 0.5175 0.37666666666666665
4 0.735 0.13 0.74625 0.135 0.75875 0.15 0.76 0.16666666666666666 0.7575 0.18 0.75375 0.18833333333333332 0.74 0.20333333333333334 0.73 0.20833333333333334 0.7175 0.20666666666666667 0.70625 0.19833333333333333 0.70125 0.185 0.7 0.17166666666666666 0.70375 0.15333333333333332 0.715 0.13666666666666666 0.7225 0.13166666666666665 0.73375 0.13
4 0.75125 0.31166666666666665 0.765 0.31833333333333336 0.77125 0.32666666666666666 0.77625 0.3416666666666667 0.77625 0.3566666666666667 0.7725 0.36833333333333335 0.76375 0.38166666666666665 0.7475 0.39 0.735 0.3883333333333333 0.7225 0.37666666666666665 0.7175 0.3616666666666667 0.7175 0.3466666666666667 0.72375 0.325 0.72875 0.31833333333333336 0.7375 0.31333333333333335 0.75 0.31166666666666665
4 0.67875 0.73 0.68875 0.7416666666666667 0.69625 0.7633333333333333 0.69625 0.7783333333333333 0.6925 0.795 0.67875 0.805 0.66375 0.805 0.65375 0.7983333333333333 0.6475 0.79 0.64125 0.7683333333333333 0.6425 0.7533333333333333 0.65 0.7366666666666667 0.665 0.7283333333333334 0.6775 0.73
3 0.73 0.39 0.73375 0.3983333333333333 0.73875 0.425 0.73875 0.44666666666666666 0.74125 0.4533333333333333 0.74 0.4583333333333333 0.7425 0.47 0.74625 0.5366666666666666 0.75 0.5633333333333334 0.74875 0.5683333333333334 0.75125 0.5733333333333334 0.75375 0.6283333333333333 0.75875 0.665 0.76125 0.7016666666666667 0.76 0.7083333333333334 0.76375 0.73 0.7725 0.8483333333333334 0.765 0.8516666666666667 0.41125 0.8533333333333334 0.4075 0.85 0.40625 0.84 0.40625 0.8166666666666667 0.4025 0.7833333333333333 0.40375 0.7716666666666666 0.4 0.725 0.4 0.685 0.3975 0.6766666666666666 0.39625 0.6583333333333333 0.3975 0.6566666666666666 0.40125 0.66 0.4025 0.6716666666666666 0.4075 0.68 0.4975 0.67 0.4975 0.6283333333333333 0.50125 0.63 0.50375 0.635 0.505 0.66 0.5075 0.6683333333333333 0.51125 0.6716666666666666 0.515 0.6716666666666666 0.51875 0.6666666666666666 0.54125 0.6666666666666666 0.56 0.6616666666666666 0.60375 0.6583333333333333 0.61375 0.6533333333333333 0.61375 0.6216666666666667 0.61125 0.6083333333333333 0.60875 0.575 0.61 0.5583333333333333 0.6075 0.5483333333333333 0.60375 0.49666666666666665 0.6 0.48833333333333334 0.595 0.4866666666666667 0.5825 0.49166666666666664 0.56625 0.49166666666666664 0.49875 0.5083333333333333 0.495 0.5133333333333333 0.49625 0.5666666666666667 0.49375 0.57 0.49125 0.5566666666666666 0.49 0.5233333333333333 0.48875 0.515 0.48625 0.5116666666666667 0.47 0.5116666666666667 0.4575 0.5166666666666667 0.39875 0.5283333333333333 0.39625 0.5316666666666666 0.395 0.545 0.3975 0.595 0.39375 0.5966666666666667 0.39 0.55 0.39 0.5183333333333333 0.3875 0.505 0.38875 0.5016666666666667 0.38625 0.455 0.38375 0.44666666666666666 0.3825 0.4266666666666667 0.38125 0.36833333333333335 0.38875 0.36333333333333334 0.43875 0.35 0.465 0.34 0.4775 0.3383333333333333 0.48 0.335 0.49 0.33166666666666667 0.52625 0.3233333333333333 0.53625 0.31666666666666665 0.55625 0.31333333333333335 0.59625 0.29833333333333334 0.61625 0.295 0.63 0.28833333333333333 0.6575 0.2816666666666667 0.67875 0.27166666666666667 0.71875 0.26166666666666666 0.72375 0.27 0.72625 0.31 0.725 0.315 0.7225 0.31333333333333335 0.72125 0.2966666666666667 0.7175 0.2816666666666667 0.7125 0.2733333333333333 0.68625 0.2783333333333333 0.65625 0.29 0.6475 0.29 0.62875 0.29833333333333334 0.61625 0.3 0.60875 0.30333333333333334 0.6 0.31166666666666665 0.6 0.355 0.60375 0.36666666666666664 0.6075 0.4583333333333333 0.6125 0.4716666666666667 0.62125 0.4716666666666667 0.65 0.4633333333333333 0.66875 0.46166666666666667 0.70375 0.45166666666666666 0.7275 0.4483333333333333 0.73 0.445 0.73125 0.435 0.73125 0.4216666666666667 0.72875 0.415 0.72875 0.39166666666666666