0 0.2575 0.3233333333333333 0.265 0.32666666666666666 0.2725 0.335 0.27875 0.35 0.27875 0.3616666666666667 0.27625 0.375 0.2725 0.38333333333333336 0.26375 0.39 0.25125 0.3933333333333333 0.23375 0.39 0.2275 0.385 0.2175 0.36666666666666664 0.21625 0.3516666666666667 0.22125 0.335 0.22625 0.3283333333333333 0.235 0.3233333333333333 0.25625 0.3233333333333333
0 0.27875 0.48833333333333334 0.2925 0.49666666666666665 0.2975 0.5033333333333333 0.30125 0.5183333333333333 0.2975 0.5383333333333333 0.28375 0.55 0.265 0.55 0.2575 0.5466666666666666 0.24625 0.5333333333333333 0.24375 0.5266666666666666 0.245 0.5083333333333333 0.25 0.49666666666666665 0.26375 0.48833333333333334 0.2775 0.48833333333333334
0 0.305 0.6366666666666667 0.31 0.6383333333333333 0.3175 0.6466666666666666 0.32 0.6533333333333333 0.32 0.6716666666666666 0.31875 0.6766666666666666 0.3125 0.685 0.29875 0.6916666666666667 0.28875 0.6916666666666667 0.2775 0.6866666666666666 0.26875 0.6716666666666666 0.26875 0.6533333333333333 0.27125 0.645 0.28125 0.6366666666666667 0.30375 0.6366666666666667
0 0.55375 0.62 0.56625 0.6283333333333333 0.57 0.6333333333333333 0.5725 0.6433333333333333 0.5675 0.6616666666666666 0.56125 0.67 0.5475 0.6766666666666666 0.535 0.6766666666666666 0.52625 0.6716666666666666 0.52125 0.6616666666666666 0.51875 0.6466666666666666 0.52125 0.6383333333333333 0.53125 0.625 0.53875 0.62 0.5525 0.62
0 0.42375 0.6483333333333333 0.44 0.6566666666666666 0.445 0.6716666666666666 0.445 0.6816666666666666 0.4425 0.69 0.43625 0.6983333333333334 0.42625 0.705 0.40875 0.705 0.4 0.7 0.3925 0.6883333333333334 0.39 0.675 0.39125 0.6666666666666666 0.4025 0.655 0.41125 0.65 0.4225 0.6483333333333333
1 0.81625 0.18666666666666668 0.82 0.19333333333333333 0.82 0.20666666666666667 0.81625 0.22666666666666666 0.8225 0.23833333333333334 0.835 0.25 0.8375 0.255 0.84125 0.2633333333333333 0.8425 0.28 0.8325 0.30333333333333334 0.81 0.32 0.81125 0.33166666666666667 0.80875 0.3433333333333333 0.80625 0.38 0.80375 0.38666666666666666 0.8075 0.4 0.82125 0.41833333333333333 0.825 0.4266666666666667 0.8275 0.43833333333333335 0.8275 0.4533333333333333 0.8175 0.47 0.80625 0.47833333333333333 0.80125 0.47833333333333333 0.7975 0.49 0.7975 0.5166666666666667 0.78625 0.6416666666666667 0.7875 0.665 0.78125 0.7 0.7775 0.78 0.775 0.79 0.7725 0.7933333333333333 0.75875 0.7966666666666666 0.7425 0.7966666666666666 0.70625 0.805 0.68125 0.8066666666666666 0.63625 0.815 0.62125 0.815 0.61375 0.8183333333333334 0.58125 0.8216666666666667 0.55125 0.8283333333333334 0.49625 0.835 0.47625 0.84 0.4325 0.845 0.325 0.8633333333333333 0.30875 0.8633333333333333 0.305 0.8566666666666667 0.3 0.815 0.29125 0.77 0.29125 0.7616666666666667 0.2875 0.75 0.28125 0.7016666666666667 0.27875 0.69 0.2725 0.6816666666666666 0.2675 0.6666666666666666 0.2675 0.6516666666666666 0.27125 0.6433333333333333 0.27125 0.635 0.26875 0.6283333333333333 0.2675 0.6083333333333333 0.265 0.6033333333333334 0.26 0.5766666666666667 0.2575 0.5516666666666666 0.2475 0.535 0.245 0.5266666666666666 0.245 0.47333333333333333 0.23625 0.435 0.23 0.3883333333333333 0.22375 0.38 0.21875 0.36833333333333335 0.2175 0.3466666666666667 0.22 0.335 0.21875 0.32 0.21 0.27666666666666667 0.21125 0.2633333333333333 0.22625 0.25833333333333336 0.315 0.25 0.345 0.24333333333333335 0.38375 0.24166666666666667 0.44375 0.23166666666666666 0.48125 0.23 0.55375 0.21833333333333332 0.58625 0.21666666666666667 0.64625 0.205 0.71 0.2 0.75875 0.19 0.77875 0.19 0.8025 0.185 0.815 0.18666666666666668
2 0.44625 0.6633333333333333 0.46375 0.66 0.4675 0.6616666666666666 0.47 0.6683333333333333 0.47375 0.7233333333333334 0.47625 0.7366666666666667 0.4775 0.7766666666666666 0.4625 0.7816666666666666 0.42125 0.7866666666666666 0.3925 0.7933333333333333 0.36875 0.795 0.365 0.79 0.36125 0.755 0.3575 0.74 0.35375 0.6883333333333334 0.35125 0.6816666666666666 0.355 0.6766666666666666 0.38625 0.6716666666666666 0.38875 0.675 0.39125 0.6883333333333334 0.4 0.7016666666666667 0.40875 0.7066666666666667 0.42625 0.7066666666666667 0.43625 0.7 0.445 0.6866666666666666 0.44625 0.665
2 0.59 0.3283333333333333 0.5925 0.3333333333333333 0.59375 0.34833333333333333 0.5925 0.48 0.58875 0.48333333333333334 0.5775 0.48333333333333334 0.57375 0.4683333333333333 0.57375 0.46 0.56125 0.44333333333333336 0.535 0.4483333333333333 0.5375 0.44666666666666666 0.53875 0.43833333333333335 0.5425 0.435 0.54 0.42833333333333334 0.5425 0.42833333333333334 0.5475 0.42 0.55 0.42 0.55 0.42833333333333334 0.5425 0.435 0.54625 0.44 0.55875 0.44166666666666665 0.56375 0.43833333333333335 0.56 0.435 0.56125 0.43 0.55875 0.42333333333333334 0.55875 0.415 0.54 0.3933333333333333 0.53375 0.3933333333333333 0.51875 0.4 0.51 0.4166666666666667 0.51125 0.44 0.515 0.445 0.5225 0.44166666666666665 0.5225 0.4483333333333333 0.5175 0.4483333333333333 0.51375 0.45166666666666666 0.51625 0.4666666666666667 0.51875 0.4683333333333333 0.5175 0.49166666666666664 0.51 0.495 0.495 0.495 0.48125 0.49833333333333335 0.47 0.49666666666666665 0.4675 0.4866666666666667 0.45875 0.3616666666666667 0.45875 0.35333333333333333 0.46125 0.3466666666666667 0.51375 0.335 0.54625 0.3333333333333333 0.58125 0.32666666666666666 0.58875 0.3283333333333333
2 0.5925 0.49666666666666665 0.595 0.505 0.59625 0.5283333333333333 0.59625 0.6266666666666667 0.59375 0.63 0.58625 0.6316666666666667 0.57125 0.6316666666666667 0.56125 0.6216666666666667 0.56875 0.6116666666666667 0.565 0.6066666666666667 0.5525 0.6033333333333334 0.54875 0.6083333333333333 0.5475 0.615 0.53625 0.615 0.535 0.6183333333333333 0.5275 0.6233333333333333 0.5175 0.6416666666666667 0.4875 0.6466666666666666 0.4825 0.6466666666666666 0.4775 0.64 0.4775 0.6216666666666667 0.47 0.54 0.47125 0.5133333333333333 0.48625 0.5083333333333333 0.52375 0.505 0.5425 0.5166666666666667 0.55125 0.5166666666666667 0.5625 0.51 0.57375 0.49666666666666665 0.59125 0.49666666666666665
2 0.73375 0.30833333333333335 0.7375 0.31333333333333335 0.7375 0.32666666666666666 0.735 0.345 0.73375 0.40166666666666667 0.73125 0.41333333333333333 0.73125 0.44 0.72875 0.46166666666666667 0.71125 0.4666666666666667 0.685 0.4683333333333333 0.6225 0.47833333333333333 0.605 0.4766666666666667 0.605 0.3933333333333333 0.6025 0.36666666666666664 0.605 0.32666666666666666 0.60875 0.3233333333333333 0.7325 0.30833333333333335
2 0.44625 0.35 0.44875 0.35833333333333334 0.45375 0.4166666666666667 0.4575 0.5 0.4425 0.505 0.40875 0.5083333333333333 0.4 0.5116666666666667 0.3825 0.5116666666666667 0.335 0.52 0.33 0.515 0.3275 0.5016666666666667 0.31125 0.36833333333333335 0.31625 0.36333333333333334 0.33125 0.36 0.345 0.36 0.40625 0.35 0.445 0.35
2 0.33375 0.53 0.37625 0.525 0.38375 0.5216666666666666 0.3975 0.5216666666666666 0.4175 0.5166666666666667 0.4575 0.515 0.46125 0.5283333333333333 0.46875 0.64 0.46625 0.6483333333333333 0.46125 0.6483333333333333 0.4525 0.6533333333333333 0.445 0.6533333333333333 0.4425 0.65 0.44625 0.6383333333333333 0.44 0.63 0.44125 0.6216666666666667 0.44375 0.6183333333333333 0.44 0.6116666666666667 0.44 0.6066666666666667 0.435 0.6016666666666667 0.43375 0.595 0.425 0.5866666666666667 0.40875 0.5866666666666667 0.4 0.5916666666666667 0.39125 0.6016666666666667 0.38875 0.6133333333333333 0.39125 0.65 0.39 0.6583333333333333 0.3825 0.6633333333333333 0.3525 0.6683333333333333 0.35 0.6666666666666666 0.3475 0.6583333333333333 0.34 0.5883333333333334 0.33375 0.5516666666666666 0.33375 0.5316666666666666
2 0.5925 0.6416666666666667 0.595 0.6433333333333333 0.59625 0.6483333333333333 0.59875 0.695 0.5975 0.7566666666666667 0.595 0.76 0.5825 0.7633333333333333 0.55875 0.765 0.50875 0.775 0.48875 0.775 0.48625 0.7683333333333333 0.48375 0.7416666666666667 0.48375 0.7133333333333334 0.48 0.6883333333333334 0.48125 0.66 0.495 0.655 0.5175 0.6533333333333333 0.52 0.6633333333333333 0.52625 0.6733333333333333 0.53625 0.6783333333333333 0.5525 0.6766666666666666 0.5625 0.67 0.57 0.66 0.575 0.6433333333333333 0.59125 0.6416666666666667
2 0.72 0.6233333333333333 0.7225 0.6283333333333333 0.7225 0.655 0.72 0.7066666666666667 0.71625 0.74 0.71 0.7366666666666667 0.70625 0.725 0.705 0.7116666666666667 0.7025 0.71 0.6925 0.68 0.6825 0.6683333333333333 0.6775 0.665 0.67125 0.665 0.6575 0.6716666666666666 0.64625 0.685 0.64375 0.6916666666666667 0.645 0.7016666666666667 0.65125 0.715 0.65125 0.7216666666666667 0.6575 0.7433333333333333 0.665 0.7483333333333333 0.65875 0.7516666666666667 0.6275 0.7566666666666667 0.61 0.7566666666666667 0.6075 0.7516666666666667 0.605 0.7083333333333334 0.60625 0.6416666666666667 0.61 0.6383333333333333 0.6575 0.63 0.71875 0.6233333333333333
2 0.72 0.475 0.7275 0.4766666666666667 0.72875 0.48 0.72625 0.5633333333333334 0.72375 0.605 0.72125 0.6116666666666667 0.62125 0.6266666666666667 0.6075 0.6266666666666667 0.605 0.6133333333333333 0.60375 0.535 0.605 0.49833333333333335 0.60875 0.49166666666666664 0.71875 0.4766666666666667
4 0.7 0.7333333333333333 0.705 0.735 0.7125 0.745 0.71375 0.7583333333333333 0.71 0.77 0.705 0.7766666666666666 0.69375 0.7833333333333333 0.67875 0.7833333333333333 0.67 0.7783333333333333 0.665 0.7683333333333333 0.665 0.7533333333333333 0.685 0.735 0.69875 0.7333333333333333
4 0.5625 0.4533333333333333 0.5725 0.4666666666666667 0.57375 0.49 0.5675 0.5016666666666667 0.56125 0.5083333333333333 0.55125 0.5133333333333333 0.53625 0.5116666666666667 0.52125 0.49833333333333335 0.51875 0.485 0.52 0.47333333333333333 0.525 0.46166666666666667 0.535 0.4533333333333333 0.5425 0.45 0.55625 0.45 0.56125 0.4533333333333333
4 0.835 0.24833333333333332 0.84375 0.2683333333333333 0.84375 0.28 0.84125 0.29 0.83875 0.2966666666666667 0.8275 0.31 0.8125 0.31833333333333336 0.79875 0.315 0.7875 0.30333333333333334 0.785 0.2966666666666667 0.78625 0.2733333333333333 0.7925 0.25833333333333336 0.80625 0.245 0.8275 0.24333333333333335 0.83375 0.24833333333333332
4 0.815 0.41333333333333333 0.825 0.42333333333333334 0.83 0.4483333333333333 0.825 0.46166666666666667 0.81875 0.47 0.8075 0.47833333333333333 0.80125 0.48 0.79375 0.48 0.7825 0.475 0.775 0.4583333333333333 0.775 0.4483333333333333 0.7825 0.43 0.7875 0.42333333333333334 0.8025 0.41333333333333333 0.81375 0.41333333333333333
3 0.3025 0.355 0.37 0.345 0.46625 0.335 0.5025 0.3283333333333333 0.53 0.32666666666666666 0.6125 0.31333333333333335 0.68 0.30666666666666664 0.71125 0.3 0.74375 0.3 0.7375 0.455 0.735 0.4683333333333333 0.73625 0.4766666666666667 0.73375 0.53 0.73125 0.54 0.73125 0.595 0.72875 0.6066666666666667 0.72875 0.6533333333333333 0.72625 0.6733333333333333 0.7275 0.6866666666666666 0.725 0.7 0.72375 0.7383333333333333 0.72 0.7466666666666667 0.71625 0.745 0.71875 0.7366666666666667 0.71875 0.7016666666666667 0.7225 0.64 0.7225 0.63 0.71875 0.6233333333333333 0.69625 0.6233333333333333 0.65375 0.6316666666666667 0.63125 0.6333333333333333 0.60875 0.6383333333333333 0.605 0.6433333333333333 0.60625 0.7516666666666667 0.60875 0.7566666666666667 0.6575 0.7533333333333333 0.65375 0.7583333333333333 0.36375 0.8033333333333333 0.36 0.8 0.35375 0.76 0.34375 0.6716666666666666 0.34125 0.665 0.34 0.6433333333333333 0.3375 0.6383333333333333 0.33375 0.6116666666666667 0.33375 0.5983333333333334 0.3275 0.56 0.32625 0.5383333333333333 0.32375 0.5316666666666666 0.32125 0.5033333333333333 0.3175 0.49 0.3175 0.475 0.305 0.39666666666666667 0.30125 0.3616666666666667 0.3025 0.3566666666666667