0 0.6273333333333333 0.528 0.6413333333333333 0.5335 0.6466666666666666 0.543 0.646 0.5505 0.6413333333333333 0.557 0.6286666666666667 0.563 0.6193333333333333 0.563 0.61 0.56 0.602 0.5535 0.6 0.5485 0.6006666666666667 0.54 0.6046666666666667 0.534 0.6126666666666667 0.529 0.6266666666666667 0.528
0 0.4146666666666667 0.364 0.4246666666666667 0.37 0.428 0.376 0.42866666666666664 0.385 0.4266666666666667 0.3895 0.41933333333333334 0.395 0.4053333333333333 0.399 0.3933333333333333 0.3975 0.38666666666666666 0.393 0.38266666666666665 0.387 0.382 0.376 0.386 0.369 0.3933333333333333 0.3645 0.40066666666666667 0.3625 0.414 0.364
0 0.4126666666666667 0.5275 0.426 0.533 0.43 0.544 0.426 0.5535 0.4166666666666667 0.5605 0.41133333333333333 0.562 0.40066666666666667 0.562 0.392 0.559 0.38333333333333336 0.5495 0.38333333333333336 0.5425 0.3933333333333333 0.5305 0.4 0.528 0.412 0.5275
0 0.7593333333333333 0.6145 0.7713333333333333 0.618 0.7793333333333333 0.628 0.7793333333333333 0.636 0.776 0.6425 0.7686666666666667 0.6475 0.7593333333333333 0.649 0.7486666666666667 0.648 0.742 0.6445 0.7353333333333333 0.634 0.7386666666666667 0.6225 0.748 0.6165 0.7586666666666667 0.6145
0 0.408 0.445 0.42133333333333334 0.4495 0.42933333333333334 0.46 0.42933333333333334 0.4685 0.42533333333333334 0.474 0.418 0.479 0.408 0.4815 0.39266666666666666 0.4785 0.38533333333333336 0.473 0.382 0.467 0.38333333333333336 0.4555 0.38866666666666666 0.4495 0.3953333333333333 0.446 0.4073333333333333 0.445
1 0.4073333333333333 0.3615 0.4246666666666667 0.3665 0.43 0.365 0.4493333333333333 0.367 0.4826666666666667 0.3665 0.4866666666666667 0.364 0.49133333333333334 0.3665 0.498 0.365 0.5166666666666667 0.367 0.5513333333333333 0.3665 0.554 0.364 0.5633333333333334 0.3665 0.6053333333333333 0.367 0.608 0.363 0.628 0.367 0.6366666666666667 0.366 0.6333333333333333 0.3625 0.6653333333333333 0.3625 0.6706666666666666 0.3665 0.6753333333333333 0.3665 0.6993333333333334 0.3615 0.716 0.364 0.7306666666666667 0.362 0.734 0.3635 0.764 0.3625 0.7826666666666666 0.365 0.786 0.3625 0.796 0.364 0.8033333333333333 0.3625 0.81 0.365 0.816 0.363 0.8313333333333334 0.365 0.842 0.3735 0.8446666666666667 0.3795 0.842 0.383 0.8446666666666667 0.394 0.842 0.396 0.8386666666666667 0.3945 0.8373333333333334 0.3975 0.842 0.3985 0.8446666666666667 0.4075 0.8453333333333334 0.434 0.844 0.439 0.8366666666666667 0.4425 0.8486666666666667 0.4495 0.8553333333333333 0.4585 0.8526666666666667 0.4705 0.8426666666666667 0.4805 0.846 0.4835 0.8453333333333334 0.49 0.8393333333333334 0.491 0.8426666666666667 0.4925 0.844 0.498 0.8366666666666667 0.4965 0.834 0.498 0.8373333333333334 0.5235 0.84 0.5235 0.8413333333333334 0.516 0.8393333333333334 0.512 0.8446666666666667 0.5065 0.842 0.51 0.842 0.5255 0.8486666666666667 0.53 0.856 0.5415 0.852 0.5515 0.8413333333333334 0.5605 0.8453333333333334 0.563 0.8453333333333334 0.601 0.8446666666666667 0.6055 0.8406666666666667 0.6065 0.838 0.6195 0.8446666666666667 0.623 0.8446666666666667 0.6315 0.8393333333333334 0.6335 0.842 0.636 0.84 0.6405 0.844 0.643 0.8453333333333334 0.649 0.8446666666666667 0.6695 0.8426666666666667 0.6715 0.8453333333333334 0.6965 0.8413333333333334 0.707 0.8313333333333334 0.712 0.8033333333333333 0.711 0.8006666666666666 0.7125 0.7386666666666667 0.713 0.7306666666666667 0.7165 0.714 0.716 0.7086666666666667 0.72 0.696 0.72 0.678 0.713 0.672 0.718 0.6673333333333333 0.7155 0.6593333333333333 0.7155 0.654 0.716 0.6466666666666666 0.72 0.63 0.7195 0.6233333333333333 0.7215 0.596 0.7215 0.5866666666666667 0.719 0.5666666666666667 0.7185 0.56 0.719 0.5566666666666666 0.7225 0.5286666666666666 0.7185 0.492 0.72 0.48733333333333334 0.7225 0.47333333333333333 0.72 0.4666666666666667 0.7245 0.4553333333333333 0.726 0.44266666666666665 0.722 0.43533333333333335 0.724 0.432 0.721 0.42866666666666664 0.7255 0.424 0.7225 0.4126666666666667 0.7275 0.4046666666666667 0.723 0.39 0.7245 0.37666666666666665 0.7225 0.36933333333333335 0.7165 0.368 0.7115 0.37 0.7 0.368 0.6855 0.36933333333333335 0.659 0.372 0.663 0.37066666666666664 0.669 0.374 0.67 0.378 0.6475 0.37733333333333335 0.6295 0.37333333333333335 0.625 0.36933333333333335 0.628 0.36933333333333335 0.6195 0.376 0.6235 0.37866666666666665 0.6165 0.37733333333333335 0.588 0.37333333333333335 0.584 0.36866666666666664 0.585 0.36933333333333335 0.5775 0.37266666666666665 0.5795 0.37533333333333335 0.578 0.37333333333333335 0.5745 0.37666666666666665 0.5695 0.37266666666666665 0.568 0.36933333333333335 0.5715 0.36933333333333335 0.5635 0.37266666666666665 0.567 0.376 0.567 0.378 0.5635 0.378 0.515 0.38 0.513 0.37466666666666665 0.509 0.37733333333333335 0.5055 0.37466666666666665 0.5 0.36933333333333335 0.502 0.36933333333333335 0.497 0.374 0.498 0.378 0.4955 0.37733333333333335 0.4555 0.37933333333333336 0.4525 0.37733333333333335 0.4125 0.376 0.41 0.37466666666666665 0.411 0.37 0.4185 0.36933333333333335 0.4105 0.37733333333333335 0.405 0.37733333333333335 0.395 0.372 0.389 0.37266666666666665 0.3825 0.374 0.3865 0.37733333333333335 0.387 0.37866666666666665 0.37 0.386 0.365 0.4066666666666667 0.3615
2 0.464 0.587 0.5466666666666666 0.587 0.55 0.589 0.5513333333333333 0.665 0.55 0.667 0.5426666666666666 0.668 0.5033333333333333 0.667 0.44666666666666666 0.67 0.44266666666666665 0.666 0.442 0.654 0.44333333333333336 0.5935 0.44666666666666666 0.5875 0.4633333333333333 0.587
2 0.628 0.4145 0.658 0.415 0.6626666666666666 0.4185 0.6626666666666666 0.4945 0.5646666666666667 0.496 0.5606666666666666 0.4955 0.558 0.492 0.5573333333333333 0.418 0.5653333333333334 0.415 0.6273333333333333 0.4145
2 0.7273333333333334 0.584 0.7693333333333333 0.5845 0.7733333333333333 0.587 0.7726666666666666 0.6175 0.758 0.6135 0.7393333333333333 0.605 0.7266666666666667 0.6045 0.7186666666666667 0.6075 0.712 0.6135 0.7093333333333334 0.6245 0.7213333333333334 0.6355 0.75 0.6485 0.762 0.649 0.7746666666666666 0.646 0.7746666666666666 0.6615 0.772 0.664 0.7606666666666667 0.665 0.6886666666666666 0.666 0.672 0.6655 0.6693333333333333 0.6615 0.6713333333333333 0.587 0.7266666666666667 0.584
2 0.446 0.4135 0.5446666666666666 0.415 0.55 0.418 0.55 0.493 0.5466666666666666 0.495 0.516 0.496 0.456 0.496 0.44466666666666665 0.4945 0.442 0.448 0.44266666666666665 0.4215 0.44533333333333336 0.414
2 0.548 0.501 0.5513333333333333 0.505 0.5506666666666666 0.579 0.534 0.5815 0.47 0.5825 0.44666666666666666 0.582 0.44333333333333336 0.5785 0.442 0.539 0.44466666666666665 0.502 0.456 0.5005 0.5473333333333333 0.501
2 0.6126666666666667 0.5845 0.6293333333333333 0.586 0.654 0.585 0.664 0.588 0.6653333333333333 0.648 0.6633333333333333 0.665 0.5993333333333334 0.6675 0.5646666666666667 0.6675 0.5586666666666666 0.665 0.5586666666666666 0.5895 0.564 0.587 0.612 0.585
2 0.6446666666666667 0.5 0.6613333333333333 0.5 0.664 0.5045 0.6633333333333333 0.577 0.6606666666666666 0.5795 0.602 0.58 0.5626666666666666 0.58 0.5586666666666666 0.578 0.5586666666666666 0.503 0.562 0.501 0.5933333333333334 0.4995 0.644 0.5
2 0.7486666666666667 0.4995 0.7686666666666667 0.5 0.7733333333333333 0.502 0.774 0.575 0.7693333333333333 0.579 0.7253333333333334 0.5805 0.6746666666666666 0.5795 0.6706666666666666 0.578 0.668 0.5425 0.67 0.5025 0.6746666666666666 0.5005 0.748 0.4995
4 0.8386666666666667 0.445 0.8486666666666667 0.448 0.8573333333333333 0.458 0.8546666666666667 0.471 0.846 0.4775 0.8386666666666667 0.4795 0.824 0.4775 0.8166666666666667 0.472 0.8133333333333334 0.4655 0.8133333333333334 0.4565 0.8173333333333334 0.45 0.8273333333333334 0.4455 0.838 0.445
4 0.53 0.613 0.54 0.618 0.5466666666666666 0.631 0.5433333333333333 0.64 0.5293333333333333 0.6475 0.5166666666666667 0.6475 0.5106666666666667 0.6455 0.5046666666666667 0.6415 0.5 0.633 0.5013333333333333 0.625 0.51 0.6155 0.5186666666666667 0.6125 0.5293333333333333 0.613
4 0.638 0.436 0.65 0.442 0.654 0.454 0.6526666666666666 0.4595 0.648 0.464 0.6326666666666667 0.4695 0.62 0.468 0.612 0.4625 0.6086666666666667 0.4575 0.6086666666666667 0.446 0.6193333333333333 0.4375 0.6373333333333333 0.436
4 0.84 0.526 0.8486666666666667 0.529 0.854 0.5335 0.8573333333333333 0.544 0.8546666666666667 0.551 0.8473333333333334 0.5575 0.8346666666666667 0.56 0.828 0.559 0.8173333333333334 0.5535 0.8133333333333334 0.542 0.8166666666666667 0.5325 0.8206666666666667 0.529 0.8313333333333334 0.5255 0.8393333333333334 0.526
3 0.4866666666666667 0.4095 0.624 0.4115 0.7086666666666667 0.4095 0.7686666666666667 0.4105 0.7793333333333333 0.413 0.78 0.606 0.7766666666666666 0.609 0.776 0.616 0.7713333333333333 0.587 0.7213333333333334 0.5845 0.708 0.5865 0.6753333333333333 0.5865 0.6706666666666666 0.5895 0.67 0.639 0.6706666666666666 0.661 0.6746666666666666 0.6635 0.766 0.662 0.7726666666666666 0.6585 0.7706666666666667 0.651 0.7793333333333333 0.641 0.78 0.664 0.7766666666666666 0.6675 0.742 0.6655 0.7166666666666667 0.669 0.66 0.668 0.664 0.662 0.6626666666666666 0.588 0.658 0.586 0.5766666666666667 0.5865 0.5666666666666667 0.588 0.5593333333333333 0.5915 0.56 0.664 0.5766666666666667 0.666 0.6333333333333333 0.666 0.6473333333333333 0.664 0.65 0.665 0.65 0.668 0.6186666666666667 0.671 0.602 0.6695 0.5933333333333334 0.6715 0.5466666666666666 0.671 0.46 0.674 0.4493333333333333 0.674 0.43866666666666665 0.67 0.438 0.5645 0.43866666666666665 0.5455 0.44066666666666665 0.543 0.438 0.5275 0.43666666666666665 0.4135 0.44 0.41 0.486 0.4095
2 0.7066666666666667 0.415 0.7606666666666667 0.415 0.7686666666666667 0.4155 0.7733333333333333 0.418 0.7733333333333333 0.492 0.76 0.4945 0.7113333333333334 0.495 0.674 0.4945 0.6693333333333333 0.492 0.67 0.4185 0.674 0.4155 0.706 0.4155