1 0.7033333333333334 0.355 0.706 0.3595 0.7173333333333334 0.36 0.72 0.356 0.7306666666666667 0.355 0.7333333333333333 0.3555 0.7333333333333333 0.3595 0.752 0.36 0.756 0.3595 0.7586666666666667 0.3555 0.778 0.355 0.7933333333333333 0.357 0.7973333333333333 0.3525 0.8153333333333334 0.352 0.8206666666666667 0.3575 0.8433333333333334 0.3555 0.8486666666666667 0.3575 0.8566666666666667 0.365 0.858 0.378 0.856 0.3835 0.8513333333333334 0.388 0.8426666666666667 0.39 0.84 0.3935 0.842 0.397 0.852 0.399 0.8533333333333334 0.404 0.8526666666666667 0.4195 0.8506666666666667 0.4215 0.8526666666666667 0.428 0.8526666666666667 0.489 0.8486666666666667 0.492 0.8446666666666667 0.489 0.8466666666666667 0.4835 0.842 0.4805 0.8406666666666667 0.483 0.8433333333333334 0.51 0.8413333333333334 0.523 0.8453333333333334 0.529 0.85 0.523 0.8506666666666667 0.515 0.848 0.5105 0.85 0.498 0.852 0.4965 0.8526666666666667 0.508 0.8526666666666667 0.5445 0.85 0.5485 0.8533333333333334 0.553 0.8526666666666667 0.5905 0.852 0.5935 0.8453333333333334 0.5825 0.842 0.5905 0.844 0.603 0.8453333333333334 0.604 0.852 0.5995 0.8526666666666667 0.616 0.8553333333333333 0.6215 0.852 0.6675 0.8486666666666667 0.678 0.852 0.6815 0.8546666666666667 0.696 0.852 0.724 0.842 0.7305 0.8313333333333334 0.7335 0.8226666666666667 0.7305 0.816 0.7345 0.8126666666666666 0.7315 0.8046666666666666 0.7305 0.7913333333333333 0.735 0.7826666666666666 0.733 0.7786666666666666 0.7365 0.7733333333333333 0.7375 0.7473333333333333 0.7375 0.744 0.733 0.728 0.735 0.7193333333333334 0.733 0.718 0.7365 0.7253333333333334 0.736 0.7253333333333334 0.7375 0.6633333333333333 0.7395 0.6333333333333333 0.7365 0.618 0.7385 0.612 0.7355 0.606 0.7385 0.5913333333333334 0.739 0.586 0.741 0.5593333333333333 0.7385 0.5466666666666666 0.7415 0.5026666666666667 0.741 0.488 0.7435 0.474 0.742 0.4646666666666667 0.7435 0.45266666666666666 0.7385 0.446 0.743 0.43866666666666665 0.744 0.43466666666666665 0.7415 0.42933333333333334 0.7415 0.42133333333333334 0.742 0.418 0.7445 0.408 0.742 0.402 0.7435 0.38666666666666666 0.7425 0.384 0.7405 0.37266666666666665 0.74 0.36933333333333335 0.7375 0.364 0.7405 0.3486666666666667 0.738 0.3413333333333333 0.7315 0.3393333333333333 0.7245 0.338 0.6285 0.3406666666666667 0.616 0.33866666666666667 0.6075 0.34933333333333333 0.607 0.34933333333333333 0.5985 0.3453333333333333 0.596 0.344 0.6005 0.3393333333333333 0.6045 0.338 0.603 0.3373333333333333 0.575 0.3406666666666667 0.548 0.338 0.544 0.3373333333333333 0.512 0.34 0.5055 0.33866666666666667 0.4925 0.3413333333333333 0.4905 0.33866666666666667 0.4795 0.3433333333333333 0.477 0.3426666666666667 0.4695 0.338 0.465 0.338 0.456 0.342 0.4525 0.3446666666666667 0.4555 0.346 0.4545 0.346 0.4475 0.3406666666666667 0.446 0.346 0.4425 0.33866666666666667 0.441 0.33666666666666667 0.4375 0.338 0.4265 0.342 0.425 0.3373333333333333 0.422 0.34 0.415 0.33866666666666667 0.3975 0.336 0.392 0.338 0.369 0.342 0.365 0.34933333333333333 0.3645 0.3626666666666667 0.3595 0.39 0.3595 0.394 0.3625 0.4026666666666667 0.361 0.4073333333333333 0.363 0.448 0.3635 0.4593333333333333 0.363 0.4653333333333333 0.3555 0.474 0.3555 0.4766666666666667 0.361 0.486 0.363 0.5153333333333333 0.363 0.526 0.36 0.552 0.3625 0.5846666666666667 0.36 0.5906666666666667 0.3615 0.6566666666666666 0.3605 0.6693333333333333 0.3595 0.6693333333333333 0.356 0.6806666666666666 0.355 0.6933333333333334 0.3555 0.6933333333333334 0.359 0.6966666666666667 0.3595 0.698 0.3565 0.7026666666666667 0.355
0 0.47533333333333333 0.4355 0.484 0.4375 0.492 0.4425 0.49666666666666665 0.452 0.49333333333333335 0.4635 0.48733333333333334 0.4685 0.48 0.471 0.47 0.471 0.4573333333333333 0.468 0.452 0.464 0.44733333333333336 0.455 0.448 0.448 0.45266666666666666 0.4415 0.4613333333333333 0.4365 0.4746666666666667 0.4355
0 0.6326666666666667 0.631 0.6393333333333333 0.6335 0.6466666666666666 0.64 0.65 0.6515 0.6446666666666667 0.6615 0.6293333333333333 0.6685 0.616 0.6675 0.604 0.661 0.6 0.6545 0.6 0.645 0.604 0.638 0.612 0.6325 0.6186666666666667 0.6305 0.632 0.631
0 0.37066666666666664 0.4475 0.386 0.4515 0.3913333333333333 0.4555 0.3953333333333333 0.4645 0.39466666666666667 0.4735 0.3913333333333333 0.478 0.382 0.484 0.37333333333333335 0.486 0.35333333333333333 0.482 0.3486666666666667 0.478 0.344 0.4685 0.3446666666666667 0.4615 0.3506666666666667 0.453 0.35933333333333334 0.449 0.37 0.4475
0 0.37866666666666665 0.362 0.39 0.3705 0.392 0.384 0.386 0.392 0.37133333333333335 0.398 0.36 0.3975 0.348 0.3905 0.3433333333333333 0.383 0.3426666666666667 0.376 0.35133333333333333 0.3635 0.36333333333333334 0.3605 0.378 0.362
0 0.7546666666666667 0.6265 0.7653333333333333 0.6295 0.7753333333333333 0.6375 0.7773333333333333 0.6505 0.7733333333333333 0.6565 0.762 0.663 0.7493333333333333 0.6645 0.7406666666666667 0.662 0.7306666666666667 0.6545 0.728 0.6455 0.734 0.633 0.7406666666666667 0.6295 0.754 0.627
2 0.7006666666666667 0.41 0.768 0.4105 0.7706666666666667 0.4115 0.772 0.416 0.7726666666666666 0.494 0.764 0.496 0.71 0.497 0.6613333333333333 0.497 0.6586666666666666 0.494 0.658 0.415 0.6693333333333333 0.411 0.7 0.41
2 0.6366666666666667 0.412 0.6466666666666666 0.4125 0.65 0.415 0.6506666666666666 0.496 0.616 0.4985 0.5433333333333333 0.498 0.5393333333333333 0.496 0.5366666666666666 0.417 0.5393333333333333 0.4135 0.5433333333333333 0.413 0.636 0.412
2 0.7313333333333333 0.593 0.7733333333333333 0.594 0.776 0.636 0.7526666666666667 0.6255 0.7413333333333333 0.618 0.7293333333333333 0.6155 0.7126666666666667 0.62 0.7053333333333334 0.6295 0.7053333333333334 0.6365 0.7293333333333333 0.655 0.748 0.664 0.7586666666666667 0.664 0.7766666666666666 0.655 0.7766666666666666 0.6765 0.7653333333333333 0.6795 0.7073333333333334 0.6805 0.6666666666666666 0.6805 0.6626666666666666 0.678 0.6606666666666666 0.5985 0.6646666666666666 0.5945 0.7306666666666667 0.593
2 0.526 0.5045 0.5293333333333333 0.507 0.5306666666666666 0.5165 0.5326666666666666 0.5725 0.5306666666666666 0.5885 0.508 0.591 0.4666666666666667 0.5905 0.4573333333333333 0.592 0.42333333333333334 0.592 0.418 0.5895 0.4166666666666667 0.508 0.4186666666666667 0.5065 0.448 0.5045 0.5253333333333333 0.5045
2 0.4746666666666667 0.4125 0.522 0.413 0.5266666666666666 0.415 0.5293333333333333 0.4965 0.5266666666666666 0.4985 0.498 0.4995 0.418 0.4995 0.416 0.496 0.414 0.4745 0.41533333333333333 0.4165 0.418 0.4145 0.474 0.4125
2 0.5966666666666667 0.5945 0.6506666666666666 0.595 0.6533333333333333 0.5985 0.6553333333333333 0.676 0.6513333333333333 0.6805 0.6333333333333333 0.682 0.5473333333333333 0.682 0.5433333333333333 0.6815 0.5413333333333333 0.6785 0.5406666666666666 0.599 0.5426666666666666 0.597 0.596 0.5945
2 0.48733333333333334 0.596 0.49466666666666664 0.5975 0.5293333333333333 0.597 0.532 0.6005 0.5326666666666666 0.6095 0.534 0.679 0.5306666666666666 0.682 0.49133333333333334 0.6845 0.422 0.684 0.418 0.677 0.418 0.6005 0.422 0.598 0.4866666666666667 0.596
2 0.6453333333333333 0.5035 0.6506666666666666 0.5035 0.6526666666666666 0.507 0.6513333333333333 0.5305 0.654 0.5625 0.6533333333333333 0.5855 0.6513333333333333 0.588 0.5433333333333333 0.5905 0.54 0.587 0.5393333333333333 0.5765 0.54 0.505 0.6446666666666667 0.5035
2 0.75 0.501 0.7673333333333333 0.502 0.7733333333333333 0.506 0.774 0.5845 0.766 0.588 0.7 0.589 0.6646666666666666 0.589 0.6613333333333333 0.5855 0.6606666666666666 0.5055 0.664 0.5035 0.7493333333333333 0.501
4 0.7393333333333333 0.436 0.7513333333333333 0.439 0.758 0.444 0.762 0.451 0.7586666666666667 0.4665 0.7413333333333333 0.474 0.7233333333333334 0.4715 0.716 0.4655 0.7133333333333334 0.458 0.7166666666666667 0.4435 0.724 0.439 0.7386666666666667 0.436
4 0.622 0.5355 0.6326666666666667 0.538 0.6373333333333333 0.5415 0.6426666666666667 0.55 0.6426666666666667 0.557 0.6366666666666667 0.566 0.626 0.5705 0.616 0.572 0.6026666666666667 0.5685 0.5973333333333334 0.564 0.594 0.5585 0.594 0.5495 0.6013333333333334 0.5395 0.608 0.5365 0.6213333333333333 0.5355
4 0.504 0.626 0.512 0.6285 0.518 0.6335 0.522 0.6405 0.522 0.6485 0.514 0.6585 0.502 0.6625 0.48733333333333334 0.6615 0.47733333333333333 0.6555 0.47333333333333333 0.6485 0.47333333333333333 0.6405 0.4786666666666667 0.632 0.486 0.627 0.5033333333333333 0.626
4 0.84 0.354 0.8506666666666667 0.3575 0.8566666666666667 0.3625 0.86 0.3695 0.86 0.378 0.8526666666666667 0.3875 0.8353333333333334 0.3925 0.8246666666666667 0.391 0.8173333333333334 0.387 0.8126666666666666 0.3805 0.812 0.368 0.8133333333333334 0.363 0.8206666666666667 0.3585 0.8393333333333334 0.354
3 0.748 0.4055 0.7753333333333333 0.4065 0.7786666666666666 0.4095 0.7806666666666666 0.682 0.436 0.6895 0.418 0.688 0.414 0.6845 0.41133333333333333 0.612 0.4126666666666667 0.5535 0.4073333333333333 0.411 0.4666666666666667 0.4085 0.47 0.4115 0.4666666666666667 0.415 0.422 0.4155 0.416 0.419 0.41733333333333333 0.498 0.42133333333333334 0.4995 0.502 0.4995 0.5226666666666666 0.499 0.5293333333333333 0.495 0.5273333333333333 0.418 0.5253333333333333 0.4155 0.5133333333333333 0.4145 0.4766666666666667 0.4145 0.472 0.411 0.516 0.408 0.634 0.408 0.7473333333333333 0.4055