0 0.47533333333333333 0.4355 0.484 0.4375 0.492 0.4425 0.49666666666666665 0.452 0.49333333333333335 0.4635 0.48 0.471 0.466 0.4705 0.4573333333333333 0.468 0.452 0.464 0.44733333333333336 0.455 0.44866666666666666 0.4465 0.4573333333333333 0.4385 0.466 0.4355 0.4746666666666667 0.4355
0 0.6326666666666667 0.631 0.6393333333333333 0.6335 0.6473333333333333 0.641 0.65 0.651 0.644 0.662 0.628 0.6685 0.616 0.6675 0.604 0.661 0.6 0.6545 0.6 0.645 0.604 0.638 0.612 0.6325 0.6186666666666667 0.6305 0.632 0.631
0 0.37533333333333335 0.448 0.384 0.4505 0.392 0.4565 0.3953333333333333 0.471 0.39 0.479 0.382 0.484 0.37333333333333335 0.486 0.358 0.484 0.3506666666666667 0.48 0.3446666666666667 0.4715 0.344 0.4635 0.35133333333333333 0.4525 0.36133333333333334 0.4485 0.37466666666666665 0.448
0 0.37333333333333335 0.3605 0.38 0.3625 0.3893333333333333 0.3695 0.392 0.384 0.38666666666666666 0.3915 0.37133333333333335 0.398 0.36 0.3975 0.348 0.3905 0.3433333333333333 0.3835 0.3426666666666667 0.376 0.3506666666666667 0.364 0.3606666666666667 0.361 0.37266666666666665 0.3605
0 0.7626666666666667 0.6285 0.7746666666666666 0.6365 0.7773333333333333 0.65 0.7686666666666667 0.66 0.7553333333333333 0.6645 0.7453333333333333 0.6635 0.734 0.658 0.73 0.6535 0.728 0.6445 0.7306666666666667 0.637 0.7373333333333333 0.631 0.7513333333333333 0.627 0.762 0.6285
1 0.8153333333333334 0.352 0.8206666666666667 0.358 0.8353333333333334 0.355 0.8486666666666667 0.3575 0.8553333333333333 0.363 0.858 0.3705 0.8553333333333333 0.3845 0.84 0.393 0.842 0.398 0.852 0.3995 0.8526666666666667 0.402 0.852 0.407 0.8486666666666667 0.4045 0.8466666666666667 0.4065 0.8473333333333334 0.41 0.852 0.4125 0.852 0.4205 0.8493333333333334 0.413 0.844 0.4145 0.844 0.4185 0.8473333333333334 0.421 0.844 0.4245 0.8446666666666667 0.437 0.852 0.432 0.85 0.429 0.852 0.425 0.8526666666666667 0.4885 0.852 0.49 0.8493333333333334 0.489 0.8426666666666667 0.478 0.8406666666666667 0.48 0.844 0.505 0.8413333333333334 0.517 0.8446666666666667 0.531 0.844 0.543 0.8473333333333334 0.543 0.846 0.538 0.8493333333333334 0.5355 0.846 0.5325 0.852 0.522 0.8466666666666667 0.5045 0.852 0.4985 0.8526666666666667 0.5085 0.8526666666666667 0.544 0.8493333333333334 0.55 0.8533333333333334 0.5535 0.8533333333333334 0.5565 0.8486666666666667 0.567 0.8453333333333334 0.564 0.8426666666666667 0.5665 0.8446666666666667 0.574 0.8493333333333334 0.5745 0.8446666666666667 0.5745 0.8413333333333334 0.577 0.8446666666666667 0.5815 0.8426666666666667 0.601 0.8466666666666667 0.6055 0.8433333333333334 0.608 0.8433333333333334 0.6195 0.8453333333333334 0.621 0.85 0.6195 0.8473333333333334 0.615 0.852 0.6105 0.8546666666666667 0.6215 0.852 0.6535 0.8453333333333334 0.64 0.8433333333333334 0.6475 0.8446666666666667 0.6565 0.85 0.6565 0.8493333333333334 0.6605 0.844 0.6645 0.8453333333333334 0.6675 0.8486666666666667 0.667 0.8486666666666667 0.6695 0.8446666666666667 0.67 0.844 0.686 0.8453333333333334 0.6875 0.8466666666666667 0.6835 0.85 0.6825 0.8533333333333334 0.6875 0.8526666666666667 0.7205 0.8486666666666667 0.727 0.8313333333333334 0.734 0.824 0.7305 0.806 0.7305 0.804 0.7345 0.7966666666666666 0.733 0.7893333333333333 0.735 0.7826666666666666 0.7325 0.776 0.7365 0.764 0.7335 0.758 0.736 0.752 0.734 0.748 0.735 0.7453333333333333 0.733 0.7293333333333333 0.7335 0.7273333333333334 0.735 0.7233333333333334 0.733 0.7113333333333334 0.733 0.7046666666666667 0.7375 0.696 0.7385 0.664 0.739 0.652 0.736 0.6493333333333333 0.7375 0.6353333333333333 0.7375 0.6333333333333333 0.7355 0.6253333333333333 0.7385 0.6173333333333333 0.7375 0.6153333333333333 0.734 0.61 0.7335 0.606 0.7385 0.5853333333333334 0.7415 0.5606666666666666 0.7365 0.5573333333333333 0.7385 0.55 0.7375 0.5446666666666666 0.741 0.49733333333333335 0.7395 0.4886666666666667 0.7425 0.47933333333333333 0.7425 0.47333333333333333 0.741 0.4706666666666667 0.737 0.466 0.7375 0.4673333333333333 0.7415 0.4593333333333333 0.7375 0.45266666666666666 0.737 0.446 0.7425 0.43866666666666665 0.7425 0.434 0.74 0.42133333333333334 0.74 0.4166666666666667 0.743 0.408 0.741 0.38866666666666666 0.7415 0.37 0.737 0.36333333333333334 0.7395 0.3486666666666667 0.7375 0.344 0.734 0.3393333333333333 0.7235 0.338 0.6625 0.34 0.658 0.3373333333333333 0.644 0.3406666666666667 0.623 0.33866666666666667 0.621 0.33866666666666667 0.608 0.3473333333333333 0.609 0.3433333333333333 0.6125 0.3446666666666667 0.6195 0.3413333333333333 0.626 0.342 0.633 0.3473333333333333 0.6405 0.344 0.6475 0.34933333333333333 0.649 0.3506666666666667 0.638 0.34933333333333333 0.5995 0.3453333333333333 0.5955 0.3433333333333333 0.6005 0.33866666666666667 0.6035 0.3373333333333333 0.585 0.33866666666666667 0.562 0.3446666666666667 0.5575 0.34933333333333333 0.558 0.34933333333333333 0.5305 0.344 0.5285 0.342 0.531 0.338 0.5225 0.34933333333333333 0.516 0.3473333333333333 0.4995 0.3446666666666667 0.498 0.3413333333333333 0.504 0.338 0.502 0.3393333333333333 0.4965 0.346 0.4955 0.3453333333333333 0.4875 0.3393333333333333 0.4805 0.346 0.477 0.342 0.4685 0.338 0.466 0.336 0.457 0.346 0.446 0.34 0.439 0.342 0.433 0.344 0.4365 0.346 0.436 0.346 0.4135 0.3446666666666667 0.41 0.3413333333333333 0.4125 0.3413333333333333 0.3995 0.3373333333333333 0.391 0.3373333333333333 0.386 0.34 0.3835 0.3373333333333333 0.381 0.338 0.3695 0.3413333333333333 0.3655 0.3486666666666667 0.365 0.362 0.3595 0.37333333333333335 0.3595 0.38333333333333336 0.362 0.39066666666666666 0.36 0.394 0.3625 0.40066666666666667 0.3605 0.408 0.362 0.418 0.361 0.4186666666666667 0.363 0.46 0.363 0.4653333333333333 0.3555 0.47333333333333333 0.356 0.47933333333333333 0.361 0.49733333333333335 0.363 0.5153333333333333 0.363 0.524 0.3605 0.558 0.362 0.6766666666666666 0.36 0.684 0.359 0.6746666666666666 0.356 0.6713333333333333 0.357 0.6713333333333333 0.3555 0.6913333333333334 0.3545 0.704 0.356 0.6993333333333334 0.356 0.6946666666666667 0.3595 0.71 0.36 0.7126666666666667 0.359 0.7113333333333334 0.3555 0.726 0.356 0.7306666666666667 0.3545 0.742 0.356 0.7486666666666667 0.3595 0.7526666666666667 0.3595 0.76 0.3555 0.762 0.3555 0.76 0.3595 0.7673333333333333 0.3595 0.7673333333333333 0.356 0.7726666666666666 0.3545 0.7806666666666666 0.3565 0.7713333333333333 0.3595 0.7833333333333333 0.3595 0.7886666666666666 0.3565 0.7933333333333333 0.3565 0.796 0.3525 0.8146666666666667 0.352
2 0.7013333333333334 0.41 0.7706666666666667 0.4115 0.7733333333333333 0.4925 0.7686666666666667 0.496 0.6693333333333333 0.4975 0.6613333333333333 0.497 0.6586666666666666 0.4945 0.658 0.415 0.6666666666666666 0.4115 0.7006666666666667 0.41
2 0.7726666666666666 0.5935 0.7753333333333333 0.6015 0.7753333333333333 0.6375 0.7426666666666667 0.6185 0.732 0.6155 0.724 0.6155 0.7113333333333334 0.6215 0.7053333333333334 0.6295 0.7053333333333334 0.636 0.7086666666666667 0.6405 0.7286666666666667 0.6545 0.748 0.664 0.7586666666666667 0.664 0.776 0.6545 0.778 0.6575 0.776 0.6775 0.7706666666666667 0.679 0.708 0.6805 0.668 0.6805 0.6626666666666666 0.6785 0.6606666666666666 0.66 0.6606666666666666 0.5985 0.6626666666666666 0.5955 0.7126666666666667 0.593 0.772 0.5935
2 0.5673333333333334 0.4125 0.6426666666666667 0.412 0.6493333333333333 0.414 0.6506666666666666 0.496 0.61 0.5 0.602 0.498 0.5426666666666666 0.498 0.5393333333333333 0.4965 0.5366666666666666 0.4165 0.5426666666666666 0.413 0.5666666666666667 0.413
2 0.4513333333333333 0.5045 0.508 0.506 0.5253333333333333 0.5045 0.5286666666666666 0.5065 0.5326666666666666 0.574 0.5313333333333333 0.5865 0.5273333333333333 0.59 0.42866666666666664 0.5925 0.42133333333333334 0.592 0.41733333333333333 0.5875 0.416 0.51 0.4186666666666667 0.5065 0.45066666666666666 0.5045
2 0.4886666666666667 0.4125 0.5253333333333333 0.4135 0.5273333333333333 0.417 0.5293333333333333 0.4965 0.5253333333333333 0.499 0.49666666666666665 0.4995 0.418 0.4995 0.41533333333333333 0.4945 0.41533333333333333 0.416 0.418 0.414 0.488 0.4125
2 0.5966666666666667 0.5945 0.6513333333333333 0.5955 0.654 0.605 0.6546666666666666 0.679 0.634 0.682 0.5873333333333334 0.681 0.5666666666666667 0.6825 0.5433333333333333 0.682 0.5413333333333333 0.679 0.5393333333333333 0.644 0.5406666666666666 0.5985 0.5426666666666666 0.597 0.596 0.5945
2 0.4886666666666667 0.5965 0.5293333333333333 0.597 0.5326666666666666 0.6025 0.5333333333333333 0.68 0.53 0.682 0.492 0.6845 0.4226666666666667 0.684 0.4186666666666667 0.6805 0.41733333333333333 0.6625 0.4186666666666667 0.5995 0.42533333333333334 0.5975 0.488 0.5965
2 0.5673333333333334 0.504 0.6506666666666666 0.5035 0.6526666666666666 0.508 0.6513333333333333 0.531 0.654 0.5585 0.6533333333333333 0.5855 0.6506666666666666 0.589 0.5426666666666666 0.59 0.5406666666666666 0.5885 0.5386666666666666 0.507 0.542 0.5045 0.5666666666666667 0.5045
2 0.7453333333333333 0.501 0.7666666666666667 0.5015 0.772 0.503 0.7733333333333333 0.5055 0.774 0.585 0.7633333333333333 0.588 0.7026666666666667 0.589 0.6646666666666666 0.589 0.6613333333333333 0.5855 0.6606666666666666 0.505 0.6646666666666666 0.503 0.7446666666666667 0.501
4 0.748 0.438 0.7586666666666667 0.445 0.762 0.457 0.758 0.4665 0.7406666666666667 0.474 0.73 0.4735 0.72 0.4695 0.7146666666666667 0.4635 0.7133333333333334 0.4505 0.7166666666666667 0.4435 0.724 0.439 0.7373333333333333 0.436 0.7473333333333333 0.438
4 0.6266666666666667 0.536 0.6386666666666667 0.543 0.6426666666666667 0.5515 0.642 0.5585 0.6366666666666667 0.566 0.626 0.5705 0.616 0.572 0.6026666666666667 0.5685 0.5973333333333334 0.564 0.594 0.5585 0.5946666666666667 0.547 0.5973333333333334 0.5425 0.608 0.5365 0.626 0.536
4 0.504 0.626 0.5126666666666667 0.629 0.518 0.6335 0.522 0.641 0.522 0.648 0.5193333333333333 0.6535 0.5113333333333333 0.66 0.502 0.6625 0.48733333333333334 0.6615 0.47733333333333333 0.6555 0.47333333333333333 0.6485 0.47333333333333333 0.6405 0.4786666666666667 0.632 0.486 0.627 0.5033333333333333 0.626
4 0.84 0.354 0.8506666666666667 0.3575 0.856 0.362 0.86 0.3695 0.86 0.3775 0.8533333333333334 0.387 0.8353333333333334 0.3925 0.8246666666666667 0.391 0.8166666666666667 0.386 0.812 0.378 0.812 0.3675 0.8133333333333334 0.363 0.8206666666666667 0.3585 0.8393333333333334 0.354
3 0.724 0.4055 0.776 0.4065 0.7786666666666666 0.411 0.7806666666666666 0.682 0.6993333333333334 0.685 0.652 0.6845 0.6126666666666667 0.687 0.5166666666666667 0.6865 0.49066666666666664 0.689 0.42933333333333334 0.689 0.418 0.688 0.414 0.685 0.4093333333333333 0.504 0.4106666666666667 0.47 0.4073333333333333 0.411 0.42733333333333334 0.409 0.466 0.4085 0.4713333333333333 0.4115 0.4766666666666667 0.4095 0.522 0.4075 0.6306666666666667 0.408 0.7233333333333334 0.4055
3 0.9993333333333333 0.3305 0.9993333333333333 0.335 0.9906666666666667 0.3335 0.9846666666666667 0.338 0.99 0.346 0.9973333333333333 0.371 0.9993333333333333 0.3715 0.9993333333333333 0.3985 0.9906666666666667 0.3965 0.9373333333333334 0.407 0.9326666666666666 0.4115 0.932 0.4165 0.928 0.4125 0.9413333333333334 0.4535 0.946 0.46 0.97 0.457 0.986 0.453 0.9906666666666667 0.45 0.9993333333333333 0.4505 0.9993333333333333 0.459 0.972 0.4625 0.948 0.4695 0.9653333333333334 0.5175 0.9753333333333334 0.5185 0.9993333333333333 0.5145 0.9993333333333333 0.52 0.9673333333333334 0.525 0.9633333333333334 0.525 0.9573333333333334 0.5185 0.948 0.49 0.9413333333333334 0.478 0.9313333333333333 0.4425 0.902 0.3675 0.8986666666666666 0.349 0.9633333333333334 0.3335 0.9873333333333333 0.3295 0.9986666666666667 0.3305