0 0.3075 0.7516666666666667 0.3175 0.765 0.31875 0.785 0.31625 0.7933333333333333 0.31125 0.8 0.2975 0.805 0.28625 0.8033333333333333 0.28125 0.7983333333333333 0.275 0.78 0.275 0.7683333333333333 0.27875 0.7583333333333333 0.28625 0.75 0.2975 0.7466666666666667 0.30625 0.7516666666666667
0 0.29625 0.19833333333333333 0.31 0.20833333333333334 0.315 0.225 0.31125 0.24166666666666667 0.3075 0.24833333333333332 0.3 0.25333333333333335 0.28125 0.25166666666666665 0.27125 0.23666666666666666 0.27125 0.21666666666666667 0.27375 0.21 0.28125 0.20166666666666666 0.295 0.19833333333333333
0 0.31 0.6116666666666667 0.315 0.6166666666666667 0.31875 0.6266666666666667 0.3175 0.6483333333333333 0.31 0.66 0.30125 0.665 0.29375 0.665 0.28 0.6566666666666666 0.275 0.6433333333333333 0.275 0.6266666666666667 0.27875 0.6166666666666667 0.28875 0.6083333333333333 0.3 0.6066666666666667 0.30875 0.6116666666666667
0 0.29625 0.33166666666666667 0.30125 0.3333333333333333 0.31 0.3416666666666667 0.315 0.355 0.315 0.36833333333333335 0.3125 0.37666666666666665 0.29875 0.3883333333333333 0.285 0.38666666666666666 0.27375 0.37166666666666665 0.27375 0.35333333333333333 0.2775 0.3416666666666667 0.28375 0.335 0.295 0.33166666666666667
0 0.3 0.4716666666666667 0.30875 0.4766666666666667 0.3125 0.4816666666666667 0.31625 0.49666666666666665 0.3125 0.5183333333333333 0.3025 0.5266666666666666 0.29 0.5266666666666666 0.28125 0.5233333333333333 0.2725 0.5066666666666667 0.2725 0.49 0.275 0.48333333333333334 0.28375 0.47333333333333333 0.29875 0.4716666666666667
1 0.715 0.19666666666666666 0.7225 0.205 0.725 0.215 0.72375 0.23333333333333334 0.71875 0.24333333333333335 0.71875 0.335 0.725 0.3433333333333333 0.7275 0.3516666666666667 0.7275 0.36833333333333335 0.72125 0.38333333333333336 0.72125 0.475 0.725 0.48 0.7275 0.49 0.7275 0.5033333333333333 0.72375 0.515 0.7225 0.61 0.7275 0.6183333333333333 0.73 0.63 0.7275 0.655 0.72375 0.6633333333333333 0.72625 0.7266666666666667 0.72375 0.7933333333333333 0.315 0.795 0.3025 0.8016666666666666 0.28875 0.8016666666666666 0.28375 0.7983333333333333 0.27875 0.7883333333333333 0.27625 0.775 0.27875 0.7616666666666667 0.28375 0.75 0.28125 0.6983333333333334 0.2825 0.6733333333333333 0.28125 0.6583333333333333 0.275 0.6416666666666667 0.275 0.6266666666666667 0.28125 0.6116666666666667 0.28125 0.5333333333333333 0.28 0.5216666666666666 0.27375 0.505 0.27375 0.49166666666666664 0.28125 0.475 0.28125 0.4583333333333333 0.28 0.38666666666666666 0.275 0.37166666666666665 0.275 0.3516666666666667 0.27875 0.34 0.27875 0.25 0.2725 0.235 0.27375 0.21333333333333335 0.285 0.20166666666666666 0.3 0.20166666666666666 0.31125 0.21 0.475 0.20833333333333334 0.685 0.20333333333333334 0.68875 0.19833333333333333 0.7 0.19333333333333333 0.70875 0.19333333333333333 0.71375 0.19666666666666666
2 0.3925 0.6491666666666667 0.105 0.13833333333333334
2 0.51625 0.2866666666666667 0.54125 0.2866666666666667 0.54875 0.2916666666666667 0.55125 0.41333333333333333 0.5475 0.42 0.5375 0.4216666666666667 0.45375 0.4216666666666667 0.45 0.41833333333333333 0.45 0.36333333333333334 0.4475 0.325 0.44875 0.29333333333333333 0.45625 0.28833333333333333 0.4875 0.29 0.515 0.2866666666666667
2 0.53875 0.43166666666666664 0.54875 0.43333333333333335 0.55125 0.43666666666666665 0.55 0.44166666666666665 0.5525 0.5616666666666666 0.55125 0.565 0.5475 0.5666666666666667 0.5225 0.5683333333333334 0.4575 0.5683333333333334 0.45125 0.5633333333333334 0.45125 0.435 0.46 0.43166666666666664 0.5375 0.43166666666666664
2 0.595 0.285 0.65875 0.2866666666666667 0.6625 0.335 0.6625 0.4083333333333333 0.66 0.4166666666666667 0.65625 0.42 0.55875 0.41833333333333333 0.5575 0.29333333333333333 0.56 0.28833333333333333 0.56375 0.2866666666666667 0.59375 0.2866666666666667
2 0.43875 0.29 0.44125 0.3383333333333333 0.44125 0.41833333333333333 0.43875 0.4216666666666667 0.425 0.42333333333333334 0.34375 0.42333333333333334 0.33875 0.41833333333333333 0.33875 0.34833333333333333 0.33625 0.3233333333333333 0.33625 0.31166666666666665 0.33875 0.30333333333333334 0.3375 0.29333333333333333 0.3425 0.28833333333333333 0.4375 0.29
2 0.60875 0.43 0.6575 0.43166666666666664 0.66125 0.435 0.66375 0.515 0.66125 0.5633333333333334 0.6575 0.5666666666666667 0.56375 0.5666666666666667 0.56125 0.5633333333333334 0.55875 0.5 0.56 0.435 0.56375 0.43166666666666664 0.6075 0.43166666666666664
2 0.43875 0.43166666666666664 0.44125 0.435 0.4425 0.565 0.43875 0.5683333333333334 0.365 0.57 0.34125 0.5683333333333334 0.33875 0.525 0.34125 0.435 0.4375 0.43166666666666664
2 0.51625 0.5783333333333334 0.55125 0.58 0.5525 0.5833333333333334 0.55375 0.7083333333333334 0.55 0.7133333333333334 0.5425 0.715 0.4575 0.715 0.4525 0.7083333333333334 0.45 0.61 0.4525 0.5816666666666667 0.515 0.5783333333333334
2 0.66125 0.58 0.66375 0.6116666666666667 0.6625 0.6383333333333333 0.665 0.6583333333333333 0.665 0.7083333333333334 0.6625 0.7133333333333334 0.65875 0.715 0.565 0.7133333333333334 0.5625 0.7083333333333334 0.56125 0.69 0.56 0.59 0.56375 0.58 0.66 0.58
4 0.715 0.47 0.72625 0.4816666666666667 0.72875 0.49166666666666664 0.72875 0.5033333333333333 0.725 0.515 0.72125 0.52 0.71125 0.525 0.69875 0.5233333333333333 0.6875 0.51 0.685 0.5033333333333333 0.685 0.48833333333333334 0.68875 0.4766666666666667 0.69625 0.47 0.71375 0.47
4 0.71125 0.19166666666666668 0.7175 0.195 0.72375 0.20333333333333334 0.7275 0.22 0.72375 0.23666666666666666 0.71625 0.24666666666666667 0.70625 0.25 0.69875 0.24833333333333332 0.6875 0.24 0.68375 0.23166666666666666 0.6825 0.215 0.685 0.20333333333333334 0.69125 0.195 0.69875 0.19166666666666668 0.71 0.19166666666666668
4 0.7125 0.33 0.725 0.3416666666666667 0.72875 0.35333333333333333 0.72875 0.36833333333333335 0.72375 0.38 0.715 0.38666666666666666 0.7075 0.3883333333333333 0.6975 0.38666666666666666 0.69125 0.38166666666666665 0.685 0.365 0.685 0.35 0.6925 0.33666666666666667 0.7025 0.33 0.71125 0.33
4 0.72125 0.61 0.72875 0.62 0.73125 0.6383333333333333 0.7275 0.655 0.7175 0.6616666666666666 0.70125 0.6616666666666666 0.69625 0.6583333333333333 0.68875 0.6466666666666666 0.6875 0.6283333333333333 0.69 0.6183333333333333 0.70125 0.6066666666666667 0.715 0.6066666666666667 0.72 0.61
3 0.6625 0.2783333333333333 0.665 0.2816666666666667 0.66625 0.31166666666666665 0.665 0.43 0.6675 0.435 0.6675 0.5016666666666667 0.665 0.5183333333333333 0.66375 0.52 0.66125 0.51 0.66125 0.44333333333333336 0.65625 0.43166666666666664 0.57375 0.43166666666666664 0.56375 0.43333333333333335 0.55875 0.43833333333333335 0.55875 0.5566666666666666 0.5625 0.565 0.57 0.5683333333333334 0.655 0.5666666666666667 0.66 0.565 0.6625 0.56 0.66375 0.5233333333333333 0.6675 0.5333333333333333 0.66875 0.7183333333333334 0.66125 0.7216666666666667 0.34 0.7216666666666667 0.3375 0.7183333333333334 0.33625 0.7016666666666667 0.33625 0.505 0.34 0.5033333333333333 0.34125 0.5066666666666667 0.34 0.5433333333333333 0.34125 0.56 0.345 0.57 0.44 0.5683333333333334 0.44375 0.5633333333333334 0.44375 0.5066666666666667 0.44125 0.47333333333333333 0.4425 0.43666666666666665 0.4375 0.43166666666666664 0.34375 0.43333333333333335 0.34 0.43833333333333335 0.34 0.4766666666666667 0.3425 0.49 0.34 0.49333333333333335 0.335 0.48 0.33375 0.47 0.335 0.42333333333333334 0.3325 0.4066666666666667 0.33375 0.2816666666666667 0.61375 0.27666666666666667 0.66125 0.2783333333333333