0 0.6566666666666666 0.3095 0.6673333333333333 0.313 0.6733333333333333 0.32 0.6693333333333333 0.332 0.658 0.3375 0.644 0.3345 0.6353333333333333 0.3245 0.636 0.318 0.64 0.3135 0.646 0.3105 0.656 0.3095
0 0.658 0.3725 0.6686666666666666 0.3775 0.672 0.3855 0.668 0.396 0.6586666666666666 0.4 0.644 0.398 0.6353333333333333 0.3885 0.6366666666666667 0.3805 0.642 0.375 0.6486666666666666 0.3725 0.6573333333333333 0.3725
0 0.6613333333333333 0.502 0.6713333333333333 0.508 0.674 0.5185 0.6673333333333333 0.5275 0.6546666666666666 0.53 0.648 0.5295 0.6393333333333333 0.5235 0.636 0.5185 0.636 0.512 0.6446666666666667 0.503 0.6606666666666666 0.502
0 0.6533333333333333 0.4365 0.6646666666666666 0.4385 0.6726666666666666 0.447 0.6713333333333333 0.4575 0.6646666666666666 0.4635 0.6586666666666666 0.4645 0.6493333333333333 0.4645 0.644 0.4625 0.6366666666666667 0.453 0.6366666666666667 0.446 0.6406666666666667 0.44 0.6526666666666666 0.4365
0 0.658 0.57 0.6673333333333333 0.5725 0.6746666666666666 0.5825 0.6713333333333333 0.5925 0.6586666666666666 0.599 0.6526666666666666 0.599 0.6433333333333333 0.5955 0.636 0.5865 0.636 0.581 0.64 0.5745 0.646 0.5705 0.6573333333333333 0.57
1 0.31933333333333336 0.309 0.33066666666666666 0.3155 0.35133333333333333 0.317 0.362 0.317 0.36866666666666664 0.3145 0.384 0.3165 0.3873333333333333 0.314 0.3933333333333333 0.314 0.4053333333333333 0.3165 0.43533333333333335 0.3145 0.44466666666666665 0.318 0.47 0.319 0.5006666666666667 0.316 0.508 0.318 0.5313333333333333 0.3185 0.544 0.316 0.558 0.3185 0.5726666666666667 0.317 0.6233333333333333 0.3195 0.6366666666666667 0.317 0.6506666666666666 0.3105 0.6573333333333333 0.3105 0.668 0.315 0.672 0.3205 0.668 0.334 0.67 0.3495 0.6673333333333333 0.373 0.6713333333333333 0.3905 0.6653333333333333 0.4045 0.668 0.4075 0.6686666666666666 0.4415 0.672 0.449 0.668 0.475 0.6726666666666666 0.519 0.668 0.5285 0.6673333333333333 0.572 0.6726666666666666 0.5825 0.6726666666666666 0.589 0.6646666666666666 0.5985 0.642 0.6 0.3453333333333333 0.597 0.324 0.5975 0.31066666666666665 0.601 0.30666666666666664 0.5975 0.292 0.5975 0.2853333333333333 0.594 0.278 0.5845 0.2773333333333333 0.5755 0.2793333333333333 0.5695 0.2853333333333333 0.5675 0.284 0.56 0.2866666666666667 0.557 0.28733333333333333 0.5495 0.288 0.5255 0.282 0.519 0.2813333333333333 0.5095 0.2846666666666667 0.5015 0.2833333333333333 0.491 0.286 0.4875 0.28933333333333333 0.489 0.2906666666666667 0.4855 0.2906666666666667 0.4685 0.2846666666666667 0.46 0.2846666666666667 0.446 0.2866666666666667 0.435 0.292 0.432 0.2906666666666667 0.4285 0.2946666666666667 0.4155 0.294 0.394 0.2886666666666667 0.3855 0.28933333333333333 0.377 0.2946666666666667 0.3695 0.2926666666666667 0.3525 0.29333333333333333 0.35 0.296 0.3545 0.29733333333333334 0.3525 0.29733333333333334 0.34 0.29333333333333333 0.341 0.292 0.337 0.294 0.3315 0.2926666666666667 0.32 0.2986666666666667 0.3105 0.30733333333333335 0.307 0.31866666666666665 0.309
2 0.538 0.355 0.6133333333333333 0.3555 0.6173333333333333 0.3575 0.6186666666666667 0.394 0.616 0.4185 0.5686666666666667 0.4195 0.5326666666666666 0.4185 0.53 0.4155 0.5313333333333333 0.358 0.5326666666666666 0.355 0.5373333333333333 0.355
2 0.5326666666666666 0.4915 0.616 0.4935 0.618 0.5305 0.616 0.559 0.5946666666666667 0.56 0.5286666666666666 0.5575 0.5286666666666666 0.4945 0.532 0.492
2 0.49066666666666664 0.4915 0.5193333333333333 0.4915 0.5226666666666666 0.4935 0.5226666666666666 0.549 0.5213333333333333 0.556 0.518 0.5585 0.44333333333333336 0.558 0.438 0.5575 0.43333333333333335 0.554 0.43666666666666665 0.492 0.49 0.4915
2 0.35733333333333334 0.3515 0.42866666666666664 0.3535 0.432 0.355 0.43266666666666664 0.4045 0.43133333333333335 0.4145 0.42866666666666664 0.417 0.3473333333333333 0.4165 0.3453333333333333 0.415 0.3473333333333333 0.3555 0.35 0.352 0.3566666666666667 0.3515
2 0.5433333333333333 0.423 0.6126666666666667 0.4235 0.6166666666666667 0.425 0.6186666666666667 0.4745 0.616 0.488 0.5293333333333333 0.486 0.53 0.425 0.5426666666666666 0.4235
2 0.3913333333333333 0.4905 0.42866666666666664 0.491 0.42933333333333334 0.5075 0.4266666666666667 0.555 0.42133333333333334 0.557 0.39066666666666666 0.5585 0.33866666666666667 0.557 0.3373333333333333 0.537 0.342 0.4915 0.3453333333333333 0.49 0.39066666666666666 0.4905
2 0.448 0.354 0.488 0.3535 0.524 0.356 0.5233333333333333 0.415 0.522 0.4175 0.5166666666666667 0.4185 0.452 0.4175 0.43866666666666665 0.4145 0.43933333333333335 0.3585 0.44266666666666665 0.354 0.44733333333333336 0.354
2 0.35133333333333333 0.42 0.42866666666666664 0.4215 0.43066666666666664 0.423 0.43 0.484 0.4266666666666667 0.486 0.3566666666666667 0.486 0.342 0.483 0.3433333333333333 0.426 0.3446666666666667 0.421 0.3506666666666667 0.42
2 0.44666666666666666 0.422 0.5213333333333333 0.423 0.5233333333333333 0.4245 0.5226666666666666 0.4845 0.52 0.486 0.48133333333333334 0.4865 0.44466666666666665 0.486 0.43533333333333335 0.484 0.43733333333333335 0.428 0.44 0.4225 0.446 0.422
4 0.30133333333333334 0.5655 0.306 0.5665 0.314 0.5745 0.31466666666666665 0.584 0.30666666666666664 0.592 0.29333333333333333 0.595 0.282 0.5905 0.278 0.5855 0.27666666666666667 0.5775 0.2793333333333333 0.572 0.286 0.567 0.3006666666666667 0.5655
4 0.30866666666666664 0.433 0.32066666666666666 0.439 0.322 0.4495 0.31733333333333336 0.4565 0.308 0.4595 0.29333333333333333 0.4585 0.2846666666666667 0.45 0.2853333333333333 0.442 0.292 0.4355 0.3 0.4325 0.308 0.433
4 0.31266666666666665 0.3065 0.32466666666666666 0.3105 0.32866666666666666 0.3215 0.32133333333333336 0.3295 0.30866666666666664 0.333 0.3 0.332 0.2906666666666667 0.3205 0.29333333333333333 0.314 0.3 0.308 0.312 0.3065
4 0.314 0.369 0.322 0.373 0.326 0.3795 0.32466666666666666 0.3875 0.314 0.395 0.29733333333333334 0.3945 0.2886666666666667 0.385 0.28933333333333333 0.3775 0.296 0.371 0.30266666666666664 0.3685 0.31333333333333335 0.369
4 0.304 0.4985 0.316 0.5035 0.31933333333333336 0.5115 0.316 0.52 0.30733333333333335 0.526 0.28933333333333333 0.5245 0.2806666666666667 0.5155 0.2826666666666667 0.5055 0.2926666666666667 0.4985 0.30333333333333334 0.4985
3 0.39 0.35 0.5706666666666667 0.352 0.61 0.353 0.62 0.355 0.622 0.4 0.6213333333333333 0.5575 0.6193333333333333 0.5615 0.5946666666666667 0.5625 0.392 0.5615 0.3406666666666667 0.5605 0.33466666666666667 0.558 0.334 0.532 0.338 0.4915 0.3433333333333333 0.3525 0.3473333333333333 0.35 0.3893333333333333 0.35