0 0.40125 0.32 0.40875 0.3233333333333333 0.415 0.33166666666666667 0.41625 0.3566666666666667 0.4075 0.36666666666666664 0.3975 0.37166666666666665 0.38875 0.37166666666666665 0.38125 0.36666666666666664 0.37875 0.36 0.37875 0.3383333333333333 0.3825 0.32666666666666666 0.39375 0.32 0.4 0.32
0 0.495 0.44166666666666665 0.5025 0.45166666666666666 0.50375 0.47333333333333333 0.49875 0.48333333333333334 0.48875 0.49 0.47625 0.49 0.47125 0.4866666666666667 0.465 0.47333333333333333 0.465 0.46 0.4675 0.45166666666666666 0.4775 0.44166666666666665 0.49375 0.44166666666666665
0 0.41375 0.20833333333333334 0.42 0.21833333333333332 0.41875 0.23666666666666666 0.41375 0.24833333333333332 0.4025 0.25333333333333335 0.38875 0.25166666666666665 0.38125 0.24333333333333335 0.38 0.22166666666666668 0.38625 0.21166666666666667 0.39625 0.205 0.4075 0.205 0.4125 0.20833333333333334
0 0.40375 0.43833333333333335 0.41 0.44166666666666665 0.415 0.4483333333333333 0.4175 0.47 0.41125 0.48333333333333334 0.40125 0.49 0.39 0.49 0.38 0.4816666666666667 0.3775 0.45666666666666667 0.38375 0.44333333333333336 0.39125 0.43833333333333335 0.4025 0.43833333333333335
0 0.40875 0.5633333333333334 0.4175 0.5783333333333334 0.41875 0.5916666666666667 0.41125 0.6066666666666667 0.4 0.6133333333333333 0.38125 0.6066666666666667 0.3775 0.595 0.3775 0.5833333333333334 0.38 0.5716666666666667 0.385 0.565 0.39375 0.56 0.4075 0.5633333333333334
1 0.765 0.19333333333333333 0.7725 0.19666666666666666 0.77875 0.20666666666666667 0.77875 0.22166666666666668 0.77625 0.23 0.77 0.23666666666666666 0.77 0.24666666666666667 0.77625 0.275 0.77625 0.305 0.78125 0.31666666666666665 0.78375 0.33 0.78375 0.3433333333333333 0.775 0.3616666666666667 0.7775 0.36666666666666664 0.77875 0.38 0.78 0.42833333333333334 0.78375 0.43166666666666664 0.7875 0.44166666666666665 0.78875 0.455 0.785 0.4683333333333333 0.78 0.4766666666666667 0.77875 0.48833333333333334 0.78125 0.515 0.78375 0.5233333333333333 0.78375 0.57 0.7875 0.61 0.7875 0.6516666666666666 0.79 0.6683333333333333 0.79 0.735 0.7875 0.7383333333333333 0.765 0.74 0.73375 0.7383333333333333 0.515 0.745 0.48625 0.7433333333333333 0.43625 0.7466666666666667 0.385 0.7466666666666667 0.38125 0.7433333333333333 0.38 0.7316666666666667 0.38 0.6066666666666667 0.3775 0.5816666666666667 0.38 0.5733333333333334 0.38125 0.525 0.38 0.48 0.3775 0.4583333333333333 0.38125 0.445 0.38125 0.38 0.37875 0.3616666666666667 0.37875 0.34 0.3825 0.325 0.38125 0.2816666666666667 0.38375 0.25 0.38125 0.23166666666666666 0.38375 0.21833333333333332 0.39625 0.20833333333333334 0.41125 0.21 0.415 0.21333333333333335 0.42125 0.22666666666666666 0.71625 0.215 0.74 0.21166666666666667 0.74375 0.20333333333333334 0.7525 0.195 0.76375 0.19333333333333333
2 0.60625 0.2866666666666667 0.61875 0.2916666666666667 0.62 0.3016666666666667 0.62 0.3983333333333333 0.61375 0.40166666666666667 0.5775 0.4033333333333333 0.5375 0.4033333333333333 0.5325 0.4 0.535 0.39666666666666667 0.53375 0.39166666666666666 0.53625 0.36666666666666664 0.53625 0.29833333333333334 0.5375 0.29333333333333333 0.5425 0.29 0.605 0.2866666666666667
2 0.62125 0.415 0.62125 0.46 0.62375 0.49 0.6225 0.53 0.575 0.5333333333333333 0.535 0.5316666666666666 0.53375 0.425 0.53625 0.41833333333333333 0.54125 0.415 0.5675 0.41333333333333333 0.62 0.415
2 0.48 0.35 0.0875 0.12
2 0.7175 0.2833333333333333 0.72125 0.33666666666666667 0.72125 0.395 0.7175 0.3983333333333333 0.70625 0.4 0.6325 0.4 0.63 0.375 0.63 0.345 0.6325 0.32166666666666666 0.63125 0.30333333333333334 0.6325 0.2916666666666667 0.64 0.285 0.66625 0.2816666666666667 0.71625 0.2833333333333333
2 0.63125 0.41833333333333333 0.635 0.41333333333333333 0.64 0.4116666666666667 0.72 0.4116666666666667 0.7225 0.4166666666666667 0.72125 0.4266666666666667 0.725 0.45666666666666667 0.72375 0.47333333333333333 0.72625 0.485 0.72625 0.5233333333333333 0.72375 0.5283333333333333 0.71375 0.53 0.64 0.5316666666666666 0.63625 0.5283333333333333 0.63375 0.5016666666666667 0.635 0.45666666666666667 0.6325 0.42
2 0.505 0.415 0.5225 0.41833333333333333 0.525 0.53 0.52125 0.5333333333333333 0.51 0.535 0.46375 0.5366666666666666 0.4375 0.5366666666666666 0.435 0.53 0.43625 0.5216666666666666 0.43375 0.4716666666666667 0.4375 0.435 0.43625 0.42333333333333334 0.4375 0.42 0.45 0.4166666666666667 0.50375 0.415
2 0.6225 0.5433333333333333 0.62625 0.5683333333333334 0.625 0.5966666666666667 0.6275 0.6083333333333333 0.6275 0.6633333333333333 0.62375 0.6666666666666666 0.59875 0.6683333333333333 0.5375 0.6666666666666666 0.535 0.5516666666666666 0.5375 0.5466666666666666 0.5475 0.5433333333333333 0.62125 0.5433333333333333
2 0.71375 0.54 0.725 0.5416666666666666 0.7275 0.5583333333333333 0.73125 0.6633333333333333 0.72375 0.6666666666666666 0.64625 0.6666666666666666 0.63875 0.6633333333333333 0.6375 0.6533333333333333 0.6375 0.6 0.635 0.5616666666666666 0.63625 0.5466666666666666 0.63875 0.5433333333333333 0.64625 0.5416666666666666 0.7125 0.54
2 0.47375 0.545 0.52125 0.545 0.525 0.5533333333333333 0.52625 0.665 0.525 0.6683333333333333 0.48375 0.6716666666666666 0.44125 0.6716666666666666 0.43625 0.6666666666666666 0.4375 0.65 0.435 0.64 0.43375 0.5933333333333334 0.4375 0.55 0.44375 0.5466666666666666 0.4725 0.545
4 0.77625 0.31 0.7825 0.31666666666666665 0.78625 0.34 0.78125 0.3516666666666667 0.76875 0.35833333333333334 0.7575 0.3566666666666667 0.7475 0.34833333333333333 0.745 0.34 0.745 0.3283333333333333 0.7475 0.32 0.7575 0.31 0.775 0.31
4 0.77125 0.19166666666666668 0.77875 0.19833333333333333 0.7825 0.21 0.7825 0.22166666666666668 0.77875 0.23 0.77 0.23833333333333334 0.755 0.23833333333333334 0.74875 0.235 0.7425 0.22666666666666666 0.74125 0.21833333333333332 0.74125 0.205 0.74625 0.19666666666666666 0.75375 0.19166666666666668 0.77 0.19166666666666668
4 0.68875 0.29333333333333333 0.69375 0.2966666666666667 0.7 0.30833333333333335 0.7 0.325 0.6975 0.33166666666666667 0.6875 0.3416666666666667 0.675 0.3416666666666667 0.6625 0.33166666666666667 0.66375 0.305 0.6725 0.295 0.6875 0.29333333333333333
4 0.7825 0.43166666666666664 0.78875 0.44 0.79 0.4583333333333333 0.785 0.47 0.77375 0.47833333333333333 0.7625 0.47833333333333333 0.7575 0.475 0.75 0.4633333333333333 0.74875 0.445 0.75625 0.43166666666666664 0.7625 0.42833333333333334 0.77625 0.42833333333333334 0.78125 0.43166666666666664
3 0.7175 0.275 0.725 0.2816666666666667 0.725 0.2916666666666667 0.72875 0.3016666666666667 0.72875 0.32666666666666666 0.72375 0.3333333333333333 0.72875 0.3383333333333333 0.73 0.39666666666666667 0.7275 0.4033333333333333 0.73125 0.4216666666666667 0.73125 0.45166666666666666 0.72625 0.45666666666666667 0.72125 0.45166666666666666 0.71875 0.445 0.72125 0.43833333333333335 0.72125 0.43 0.72 0.415 0.7175 0.4116666666666667 0.63875 0.4116666666666667 0.635 0.41333333333333333 0.63 0.4216666666666667 0.63625 0.42833333333333334 0.63375 0.44666666666666666 0.6375 0.4766666666666667 0.635 0.485 0.635 0.5216666666666666 0.6375 0.5283333333333333 0.6425 0.5316666666666666 0.7225 0.5283333333333333 0.725 0.525 0.7225 0.46166666666666667 0.7275 0.46 0.73 0.4633333333333333 0.73 0.48 0.7325 0.48333333333333334 0.73375 0.5016666666666667 0.73375 0.52 0.73125 0.5316666666666666 0.73125 0.57 0.735 0.575 0.7375 0.595 0.735 0.615 0.7375 0.63 0.73625 0.6666666666666666 0.7325 0.67 0.71 0.6716666666666666 0.62875 0.67 0.62 0.6733333333333333 0.5925 0.675 0.55125 0.6733333333333333 0.48125 0.6766666666666666 0.435 0.6766666666666666 0.43125 0.675 0.43 0.6716666666666666 0.43 0.6533333333333333 0.4275 0.6366666666666667 0.4275 0.6083333333333333 0.43 0.6016666666666667 0.4275 0.5883333333333334 0.4275 0.49 0.43125 0.485 0.435 0.48833333333333334 0.4375 0.53 0.44125 0.535 0.48375 0.5366666666666666 0.5225 0.5316666666666666 0.525 0.48 0.52125 0.41833333333333333 0.515 0.415 0.48 0.415 0.445 0.42 0.43875 0.4266666666666667 0.4375 0.43166666666666664 0.435 0.465 0.43 0.4666666666666667 0.4275 0.435 0.43 0.4266666666666667 0.43125 0.4 0.4275 0.39666666666666667 0.42625 0.38666666666666666 0.42875 0.38166666666666665 0.42875 0.36833333333333335 0.4325 0.365 0.4375 0.4033333333333333 0.44125 0.4066666666666667 0.52 0.405 0.52375 0.39666666666666667 0.52125 0.375 0.52125 0.295 0.515 0.29 0.47625 0.28833333333333333 0.525 0.2833333333333333 0.565 0.2833333333333333 0.56625 0.285 0.56375 0.2866666666666667 0.55125 0.2866666666666667 0.5425 0.29 0.53625 0.29833333333333334 0.535 0.32 0.5375 0.32666666666666666 0.5375 0.3433333333333333 0.535 0.355 0.5375 0.36833333333333335 0.535 0.37333333333333335 0.53625 0.3933333333333333 0.53375 0.4 0.53625 0.4033333333333333 0.545 0.405 0.615 0.40166666666666667 0.61875 0.3983333333333333 0.62125 0.385 0.62125 0.3516666666666667 0.6175 0.3383333333333333 0.62 0.31333333333333335 0.6175 0.2916666666666667 0.6125 0.2866666666666667 0.57875 0.2866666666666667 0.57125 0.2833333333333333 0.69 0.2783333333333333 0.69125 0.2816666666666667 0.68875 0.2833333333333333 0.6425 0.2833333333333333 0.6275 0.2916666666666667 0.63375 0.2966666666666667 0.63375 0.305 0.63125 0.31 0.63125 0.31333333333333335 0.635 0.31833333333333336 0.63375 0.3466666666666667 0.63 0.3516666666666667 0.63375 0.365 0.63125 0.38 0.635 0.3933333333333333 0.63375 0.39666666666666667 0.63625 0.4 0.6425 0.40166666666666667 0.71375 0.4 0.7175 0.3983333333333333 0.72 0.39166666666666666 0.71875 0.31666666666666665 0.72125 0.31333333333333335 0.71875 0.30666666666666664 0.71875 0.29 0.71 0.28 0.695 0.2783333333333333 0.705 0.275 0.71625 0.275