0 0.245 0.5983333333333334 0.25375 0.6033333333333334 0.25875 0.6133333333333333 0.26 0.6433333333333333 0.2525 0.6583333333333333 0.2425 0.665 0.235 0.6666666666666666 0.22125 0.665 0.2125 0.6583333333333333 0.20875 0.6416666666666667 0.20875 0.6266666666666667 0.215 0.6116666666666667 0.22375 0.6033333333333334 0.2325 0.5983333333333334 0.24375 0.5983333333333334
0 0.34875 0.445 0.35625 0.4483333333333333 0.3625 0.45666666666666667 0.3675 0.4716666666666667 0.3675 0.485 0.365 0.49333333333333335 0.355 0.5083333333333333 0.35 0.5116666666666667 0.335 0.5116666666666667 0.3275 0.5083333333333333 0.32125 0.5 0.31875 0.485 0.32 0.4683333333333333 0.32375 0.46 0.33625 0.4483333333333333 0.3475 0.445
0 0.23125 0.2833333333333333 0.23625 0.285 0.24875 0.29833333333333334 0.2525 0.30666666666666664 0.25375 0.31666666666666665 0.2525 0.325 0.24625 0.34 0.24 0.34833333333333333 0.23125 0.35333333333333333 0.22 0.35333333333333333 0.20875 0.34833333333333333 0.2025 0.3383333333333333 0.20125 0.33 0.20125 0.31166666666666665 0.20625 0.2966666666666667 0.2175 0.2866666666666667 0.23 0.2833333333333333
0 0.23 0.12666666666666668 0.24 0.13166666666666665 0.2475 0.14 0.25125 0.15333333333333332 0.25125 0.16333333333333333 0.2475 0.17666666666666667 0.23875 0.19 0.2325 0.195 0.22375 0.19666666666666666 0.20375 0.18166666666666667 0.20125 0.17166666666666666 0.20125 0.15 0.2025 0.145 0.21 0.135 0.22 0.12833333333333333 0.22875 0.12666666666666668
0 0.23875 0.44333333333333336 0.2475 0.44666666666666666 0.25625 0.45666666666666667 0.25875 0.4633333333333333 0.25875 0.48333333333333334 0.2525 0.49833333333333335 0.2375 0.51 0.2225 0.51 0.2125 0.505 0.20375 0.4866666666666667 0.205 0.4683333333333333 0.2125 0.45166666666666666 0.22375 0.44333333333333336 0.2375 0.44333333333333336
1 0.2275 0.13166666666666665 0.23625 0.13333333333333333 0.24375 0.13833333333333334 0.25125 0.15 0.2575 0.14333333333333334 0.28875 0.14166666666666666 0.335 0.14333333333333334 0.57375 0.13666666666666666 0.66125 0.13666666666666666 0.665 0.14666666666666667 0.66875 0.14 0.66875 0.145 0.6725 0.15 0.67625 0.15 0.66625 0.15166666666666667 0.66625 0.14833333333333334 0.66375 0.14833333333333334 0.66375 0.17166666666666666 0.67125 0.18166666666666667 0.67875 0.185 0.6825 0.18333333333333332 0.685 0.19 0.69625 0.195 0.7 0.22333333333333333 0.7 0.26166666666666666 0.69625 0.27666666666666667 0.70875 0.295 0.71 0.3016666666666667 0.70875 0.31666666666666665 0.6975 0.34 0.70125 0.35833333333333334 0.70125 0.41 0.7 0.42333333333333334 0.69625 0.43 0.70875 0.44333333333333336 0.71125 0.455 0.70875 0.4716666666666667 0.70375 0.48333333333333334 0.69625 0.49333333333333335 0.70125 0.51 0.7025 0.565 0.70125 0.62 0.7025 0.71 0.705 0.75 0.705 0.7683333333333333 0.7025 0.7816666666666666 0.695 0.785 0.655 0.785 0.6025 0.79 0.51125 0.7933333333333333 0.4875 0.7966666666666666 0.44625 0.7966666666666666 0.42625 0.8 0.39125 0.8 0.2525 0.81 0.22125 0.81 0.2175 0.8016666666666666 0.21625 0.7016666666666667 0.21375 0.6733333333333333 0.21625 0.66 0.21125 0.6433333333333333 0.2125 0.62 0.215 0.6133333333333333 0.2125 0.59 0.21375 0.555 0.21125 0.5283333333333333 0.21375 0.5 0.20625 0.48833333333333334 0.20625 0.4666666666666667 0.21125 0.455 0.21 0.3516666666666667 0.2125 0.34833333333333333 0.20625 0.3416666666666667 0.2025 0.31666666666666665 0.21 0.2866666666666667 0.20875 0.24666666666666667 0.20625 0.23833333333333334 0.20625 0.19833333333333333 0.21 0.19 0.215 0.18833333333333332 0.2125 0.185 0.20875 0.185 0.21 0.18 0.20375 0.16333333333333333 0.20625 0.15666666666666668 0.20625 0.145 0.2125 0.13666666666666666 0.22625 0.13166666666666665
2 0.625 0.22666666666666666 0.63125 0.23 0.6325 0.23333333333333334 0.63375 0.31333333333333335 0.6375 0.31666666666666665 0.63375 0.3466666666666667 0.63375 0.37166666666666665 0.62625 0.37666666666666665 0.58375 0.38 0.5275 0.37833333333333335 0.525 0.36 0.52625 0.31333333333333335 0.52375 0.29333333333333333 0.525 0.23666666666666666 0.52875 0.23 0.5925 0.23 0.62375 0.22666666666666666
2 0.50125 0.5566666666666666 0.5075 0.5566666666666666 0.51625 0.5616666666666666 0.51875 0.6016666666666667 0.51875 0.7016666666666667 0.515 0.7066666666666667 0.50875 0.7083333333333334 0.475 0.71 0.4125 0.7116666666666667 0.40875 0.7066666666666667 0.40875 0.5633333333333334 0.4125 0.56 0.5 0.5583333333333333
2 0.505 0.3933333333333333 0.51125 0.395 0.51375 0.4033333333333333 0.51375 0.47333333333333333 0.51625 0.48333333333333334 0.515 0.5383333333333333 0.51125 0.5433333333333333 0.4875 0.545 0.41375 0.5466666666666666 0.4075 0.5416666666666666 0.4075 0.45166666666666666 0.405 0.43833333333333335 0.40625 0.4033333333333333 0.41 0.3983333333333333 0.47875 0.3983333333333333 0.50375 0.395
2 0.3875 0.235 0.39 0.23666666666666666 0.39125 0.25166666666666665 0.3925 0.37833333333333335 0.38625 0.385 0.31 0.38666666666666666 0.285 0.38666666666666666 0.2825 0.38333333333333336 0.27875 0.27166666666666667 0.28 0.23833333333333334 0.285 0.235 0.38625 0.235
2 0.6275 0.39 0.63375 0.3933333333333333 0.635 0.41333333333333333 0.635 0.49833333333333335 0.6375 0.5266666666666666 0.63625 0.535 0.62125 0.54 0.56875 0.54 0.5425 0.5433333333333333 0.53125 0.5416666666666666 0.5275 0.5316666666666666 0.52875 0.49333333333333335 0.52625 0.405 0.52875 0.39666666666666667 0.54375 0.3933333333333333 0.5925 0.3933333333333333 0.62625 0.39
2 0.39 0.3983333333333333 0.39625 0.4033333333333333 0.39375 0.4066666666666667 0.3925 0.425 0.3925 0.49166666666666664 0.39625 0.535 0.395 0.5433333333333333 0.38875 0.5483333333333333 0.325 0.55 0.305 0.5533333333333333 0.285 0.5516666666666666 0.28375 0.5216666666666666 0.28125 0.515 0.2825 0.4066666666666667 0.27875 0.4033333333333333 0.30875 0.4 0.32 0.40166666666666667 0.38875 0.3983333333333333
2 0.34125 0.6408333333333334 0.1175 0.15833333333333333
2 0.6325 0.5533333333333333 0.63625 0.5566666666666666 0.63625 0.5816666666666667 0.63875 0.5933333333333334 0.63875 0.5983333333333334 0.63625 0.6016666666666667 0.63875 0.6433333333333333 0.6375 0.6983333333333334 0.63375 0.7016666666666667 0.625 0.7033333333333334 0.5425 0.7066666666666667 0.5325 0.7066666666666667 0.52875 0.7033333333333334 0.52875 0.5666666666666667 0.53125 0.5583333333333333 0.58 0.5533333333333333 0.63125 0.5533333333333333
2 0.40375 0.32666666666666666 0.405 0.30833333333333335 0.4025 0.24333333333333335 0.405 0.235 0.51 0.23166666666666666 0.5125 0.24666666666666667 0.51125 0.275 0.51375 0.29 0.51375 0.375 0.51125 0.38 0.42625 0.38333333333333336 0.4075 0.38166666666666665 0.405 0.37833333333333335 0.40375 0.355 0.405 0.3283333333333333
4 0.6975 0.27666666666666667 0.705 0.28 0.71 0.2866666666666667 0.71375 0.3 0.71375 0.31833333333333336 0.7025 0.33666666666666667 0.69125 0.3416666666666667 0.68125 0.3416666666666667 0.67625 0.3383333333333333 0.66875 0.3283333333333333 0.665 0.31833333333333336 0.665 0.31 0.6675 0.295 0.675 0.2833333333333333 0.68375 0.2783333333333333 0.69625 0.27666666666666667
4 0.605 0.26 0.61125 0.2733333333333333 0.61125 0.29833333333333334 0.60875 0.30666666666666664 0.60125 0.31666666666666665 0.5925 0.32166666666666666 0.58 0.32166666666666666 0.57 0.31333333333333335 0.56375 0.3 0.5625 0.2833333333333333 0.56875 0.2683333333333333 0.57875 0.25833333333333336 0.58625 0.255 0.5975 0.255 0.60375 0.26
4 0.695 0.12 0.7075 0.13166666666666665 0.71125 0.14333333333333334 0.71125 0.15833333333333333 0.7075 0.17166666666666666 0.69875 0.18333333333333332 0.6925 0.18666666666666668 0.685 0.18666666666666668 0.67 0.17666666666666667 0.66375 0.165 0.6625 0.14666666666666667 0.6675 0.13333333333333333 0.6725 0.12666666666666668 0.685 0.12 0.69375 0.12
4 0.7 0.43 0.7075 0.435 0.7125 0.445 0.715 0.4533333333333333 0.715 0.4633333333333333 0.7075 0.48333333333333334 0.70125 0.49 0.6925 0.49333333333333335 0.6825 0.49333333333333335 0.67375 0.49 0.66625 0.4766666666666667 0.665 0.4633333333333333 0.67 0.44333333333333336 0.6775 0.43333333333333335 0.685 0.43 0.69875 0.43
3 0.6325 0.21666666666666667 0.64 0.22 0.6425 0.24666666666666667 0.6425 0.3 0.64 0.30333333333333334 0.64 0.31333333333333335 0.64375 0.3233333333333333 0.64125 0.33 0.64125 0.3433333333333333 0.64375 0.38666666666666666 0.6425 0.4816666666666667 0.645 0.49 0.645 0.5283333333333333 0.6425 0.5433333333333333 0.645 0.5533333333333333 0.64375 0.5633333333333334 0.64625 0.5866666666666667 0.645 0.7016666666666667 0.6375 0.7083333333333334 0.6125 0.7116666666666667 0.38625 0.72 0.31375 0.7266666666666667 0.2825 0.7266666666666667 0.27875 0.7233333333333334 0.27875 0.6816666666666666 0.27375 0.64 0.27625 0.6116666666666667 0.27375 0.5783333333333334 0.27625 0.5516666666666666 0.27125 0.525 0.27125 0.505 0.27375 0.5 0.2725 0.49166666666666664 0.275 0.47833333333333333 0.27125 0.43666666666666665 0.27125 0.4083333333333333 0.27375 0.4 0.27 0.365 0.27125 0.3383333333333333 0.275 0.3283333333333333 0.27 0.285 0.27125 0.23 0.275 0.22666666666666666 0.29875 0.22333333333333333 0.38375 0.22333333333333333 0.39375 0.22666666666666666 0.41375 0.225 0.42 0.22166666666666668 0.5025 0.22166666666666668 0.53875 0.21833333333333332 0.6 0.22 0.63125 0.21666666666666667