0 0.235 0.5933333333333334 0.2475 0.6 0.25625 0.6116666666666667 0.26 0.6233333333333333 0.25875 0.66 0.25 0.6683333333333333 0.24 0.6716666666666666 0.22125 0.6716666666666666 0.21375 0.6683333333333333 0.205 0.6566666666666666 0.2 0.64 0.2 0.62 0.205 0.605 0.2175 0.595 0.23375 0.5933333333333334
0 0.3625 0.4066666666666667 0.37375 0.41333333333333333 0.38375 0.4266666666666667 0.3875 0.43833333333333335 0.3875 0.45666666666666667 0.3825 0.4716666666666667 0.375 0.4816666666666667 0.3625 0.4866666666666667 0.35 0.485 0.3425 0.48 0.33625 0.4716666666666667 0.33 0.455 0.33 0.43166666666666664 0.335 0.41833333333333333 0.345 0.4083333333333333 0.36125 0.4066666666666667
0 0.2375 0.4066666666666667 0.2425 0.41 0.2525 0.425 0.255 0.435 0.255 0.455 0.25125 0.4683333333333333 0.24375 0.47833333333333333 0.235 0.48333333333333334 0.22375 0.48333333333333334 0.21375 0.48 0.2025 0.4716666666666667 0.1975 0.46166666666666667 0.19375 0.44666666666666666 0.19375 0.43166666666666664 0.19875 0.4166666666666667 0.20625 0.4066666666666667 0.215 0.4033333333333333 0.23125 0.4033333333333333 0.23625 0.4066666666666667
0 0.2225 0.21666666666666667 0.23125 0.22166666666666668 0.24125 0.23333333333333334 0.24625 0.24833333333333332 0.24625 0.2633333333333333 0.23875 0.285 0.235 0.29 0.22125 0.295 0.2125 0.295 0.2 0.28833333333333333 0.19 0.27166666666666667 0.1875 0.255 0.18875 0.24 0.2 0.22 0.205 0.21666666666666667 0.22125 0.21666666666666667
0 0.2225 0.03166666666666667 0.23375 0.04 0.24 0.04833333333333333 0.245 0.06333333333333334 0.245 0.07166666666666667 0.2375 0.10166666666666667 0.235 0.105 0.21625 0.10833333333333334 0.20125 0.10666666666666667 0.195 0.09833333333333333 0.18625 0.07666666666666666 0.18625 0.055 0.18875 0.04666666666666667 0.2025 0.03166666666666667 0.22125 0.03166666666666667
1 0.78 0.021666666666666667 0.7925 0.035 0.79625 0.04666666666666667 0.79625 0.065 0.79375 0.07333333333333333 0.78 0.09333333333333334 0.77875 0.09833333333333333 0.77875 0.10666666666666667 0.78375 0.125 0.785 0.17166666666666666 0.7875 0.19166666666666668 0.78625 0.2 0.7975 0.21333333333333335 0.805 0.23333333333333334 0.805 0.24833333333333332 0.8025 0.25833333333333336 0.8 0.265 0.78875 0.28 0.7925 0.38 0.78875 0.38666666666666666 0.7975 0.3933333333333333 0.80375 0.40166666666666667 0.81125 0.42 0.81125 0.435 0.80875 0.445 0.795 0.4666666666666667 0.7975 0.49333333333333335 0.7975 0.5433333333333333 0.8 0.5733333333333334 0.79875 0.5833333333333334 0.80125 0.6083333333333333 0.80125 0.64 0.805 0.665 0.805 0.71 0.81 0.775 0.80875 0.8333333333333334 0.7775 0.8366666666666667 0.71125 0.8366666666666667 0.6225 0.8416666666666667 0.48625 0.8433333333333334 0.46875 0.8466666666666667 0.39375 0.85 0.30625 0.85 0.28 0.8533333333333334 0.22375 0.8533333333333334 0.2175 0.84 0.215 0.7316666666666667 0.21125 0.6816666666666666 0.2125 0.6783333333333333 0.21125 0.665 0.20625 0.6583333333333333 0.20125 0.64 0.20125 0.62 0.21 0.5916666666666667 0.20875 0.5016666666666667 0.20625 0.4766666666666667 0.19875 0.46166666666666667 0.195 0.4483333333333333 0.195 0.43 0.1975 0.42 0.20625 0.4033333333333333 0.205 0.3466666666666667 0.2025 0.325 0.20375 0.29833333333333334 0.2025 0.2916666666666667 0.1925 0.27666666666666667 0.18875 0.26166666666666666 0.19 0.24 0.19375 0.22666666666666666 0.2 0.21666666666666667 0.2 0.14 0.20375 0.11166666666666666 0.1975 0.10333333333333333 0.18875 0.08333333333333333 0.1875 0.06 0.19125 0.04666666666666667 0.2025 0.035 0.22 0.03333333333333333 0.2375 0.04666666666666667 0.2425 0.058333333333333334 0.2475 0.06333333333333334 0.29875 0.06333333333333334 0.36625 0.058333333333333334 0.46625 0.058333333333333334 0.5 0.055 0.585 0.055 0.65625 0.05 0.73375 0.05 0.74125 0.041666666666666664 0.74625 0.028333333333333332 0.7525 0.021666666666666667 0.76 0.018333333333333333 0.77375 0.018333333333333333 0.77875 0.021666666666666667
2 0.4525 0.3433333333333333 0.43625 0.3416666666666667 0.4325 0.33666666666666667 0.42875 0.27666666666666667 0.43 0.26 0.42625 0.18166666666666667 0.4275 0.16833333333333333 0.435 0.16333333333333333 0.48125 0.16333333333333333 0.50125 0.16 0.52375 0.16166666666666665 0.55125 0.15833333333333333 0.555 0.15833333333333333 0.56 0.16833333333333333 0.5625 0.21 0.5625 0.25666666666666665 0.565 0.2833333333333333 0.56375 0.33666666666666667 0.55375 0.34 0.53875 0.3383333333333333 0.51 0.3416666666666667 0.45375 0.3416666666666667
2 0.50875 0.3566666666666667 0.5625 0.3566666666666667 0.56625 0.36333333333333334 0.57 0.44166666666666665 0.57125 0.525 0.5675 0.535 0.5 0.5333333333333333 0.4675 0.5366666666666666 0.44375 0.5366666666666666 0.44 0.5333333333333333 0.4375 0.525 0.435 0.4666666666666667 0.43625 0.44166666666666665 0.43375 0.43166666666666664 0.4325 0.39 0.43375 0.365 0.4375 0.36 0.4475 0.35833333333333334 0.5075 0.3566666666666667
2 0.70125 0.155 0.70625 0.16166666666666665 0.7075 0.22833333333333333 0.71 0.24666666666666667 0.70875 0.27 0.71125 0.33166666666666667 0.70625 0.3383333333333333 0.58 0.3383333333333333 0.5775 0.3333333333333333 0.575 0.31333333333333335 0.57625 0.2966666666666667 0.57375 0.2866666666666667 0.5725 0.265 0.5725 0.21333333333333335 0.57 0.16833333333333333 0.57375 0.16 0.595 0.15666666666666668 0.61375 0.15833333333333333 0.65625 0.155 0.7 0.155
2 0.34375 0.165 0.4125 0.165 0.415 0.16833333333333333 0.41875 0.22333333333333333 0.4175 0.23166666666666666 0.41875 0.2783333333333333 0.42125 0.295 0.42125 0.335 0.4175 0.3416666666666667 0.41375 0.3433333333333333 0.295 0.34833333333333333 0.29125 0.34833333333333333 0.28625 0.3416666666666667 0.28375 0.3283333333333333 0.285 0.3233333333333333 0.2825 0.295 0.28125 0.19833333333333333 0.27875 0.175 0.285 0.16666666666666666 0.2975 0.16833333333333333 0.315 0.165 0.3425 0.165
2 0.70625 0.35 0.71 0.35333333333333333 0.7125 0.36 0.71375 0.4033333333333333 0.71625 0.4166666666666667 0.71625 0.5283333333333333 0.69875 0.5316666666666666 0.63625 0.53 0.59875 0.5333333333333333 0.58625 0.5316666666666666 0.5825 0.5216666666666666 0.5775 0.35833333333333334 0.58 0.355 0.705 0.35
2 0.40625 0.35833333333333334 0.4175 0.36 0.42125 0.365 0.42375 0.4066666666666667 0.4225 0.4266666666666667 0.42625 0.535 0.42375 0.5383333333333333 0.32875 0.5416666666666666 0.30375 0.545 0.2925 0.5416666666666666 0.29 0.5333333333333333 0.29 0.4766666666666667 0.2875 0.4666666666666667 0.28875 0.4216666666666667 0.28625 0.415 0.2875 0.36333333333333334 0.405 0.35833333333333334
2 0.42125 0.5533333333333333 0.42625 0.56 0.4275 0.5716666666666667 0.42875 0.6416666666666667 0.4325 0.69 0.4325 0.7333333333333333 0.43 0.7366666666666667 0.4225 0.7383333333333333 0.36625 0.7416666666666667 0.3025 0.7416666666666667 0.29625 0.735 0.2975 0.725 0.29375 0.69 0.295 0.6566666666666666 0.2925 0.6466666666666666 0.29375 0.6283333333333333 0.29125 0.625 0.29375 0.615 0.2925 0.5616666666666666 0.29625 0.5583333333333333 0.31 0.5566666666666666 0.33875 0.5583333333333333 0.42 0.5533333333333333
2 0.5675 0.5483333333333333 0.5725 0.555 0.57375 0.5683333333333334 0.5775 0.69 0.58 0.7183333333333334 0.57875 0.73 0.57125 0.7333333333333333 0.54125 0.735 0.45125 0.7366666666666667 0.44625 0.7333333333333333 0.44375 0.7283333333333334 0.44375 0.685 0.44 0.6283333333333333 0.44125 0.5583333333333333 0.44625 0.5533333333333333 0.56625 0.55
2 0.63375 0.5466666666666666 0.65 0.5483333333333333 0.7025 0.545 0.71625 0.5466666666666666 0.71875 0.55 0.725 0.7233333333333334 0.7225 0.7266666666666667 0.715 0.7283333333333334 0.635 0.73 0.61125 0.7333333333333333 0.595 0.7316666666666667 0.59 0.7216666666666667 0.585 0.5533333333333333 0.58875 0.55 0.6 0.5483333333333333 0.6325 0.5466666666666666
4 0.6675 0.18333333333333332 0.67375 0.19 0.67875 0.20166666666666666 0.68 0.22166666666666668 0.67375 0.24166666666666667 0.665 0.25166666666666665 0.65375 0.25666666666666665 0.64375 0.255 0.63625 0.25 0.62875 0.24 0.6225 0.225 0.6225 0.20333333333333334 0.62875 0.18666666666666668 0.63875 0.17833333333333334 0.65625 0.17666666666666667 0.66625 0.18333333333333332
4 0.77625 0.016666666666666666 0.78625 0.023333333333333334 0.79375 0.03333333333333333 0.7975 0.045 0.79875 0.058333333333333334 0.79625 0.07166666666666667 0.78875 0.085 0.78375 0.09 0.77375 0.09333333333333334 0.75875 0.09 0.75125 0.085 0.745 0.07666666666666666 0.74125 0.065 0.74 0.045 0.74375 0.03 0.75 0.021666666666666667 0.765 0.015 0.775 0.016666666666666666
4 0.78125 0.20166666666666666 0.79375 0.20666666666666667 0.80125 0.21666666666666667 0.80625 0.23666666666666666 0.805 0.25666666666666665 0.8 0.2683333333333333 0.79125 0.27666666666666667 0.7825 0.28 0.77 0.28 0.76 0.2733333333333333 0.755 0.26666666666666666 0.7475 0.24666666666666667 0.7475 0.23 0.7525 0.21666666666666667 0.765 0.20333333333333334 0.78 0.20166666666666666
4 0.79 0.3883333333333333 0.8 0.395 0.80625 0.4033333333333333 0.81 0.4116666666666667 0.81375 0.43166666666666664 0.81 0.44666666666666666 0.8 0.46166666666666667 0.78625 0.4666666666666667 0.77125 0.4633333333333333 0.76 0.45166666666666666 0.75375 0.435 0.75375 0.41333333333333333 0.7575 0.40166666666666667 0.7625 0.395 0.775 0.3883333333333333 0.78875 0.3883333333333333
3 0.6775 0.14333333333333334 0.70875 0.14666666666666667 0.7125 0.15666666666666668 0.715 0.19666666666666666 0.71375 0.21666666666666667 0.7175 0.29 0.7175 0.3433333333333333 0.72125 0.365 0.72 0.41 0.72375 0.425 0.7225 0.47333333333333333 0.72625 0.5033333333333333 0.725 0.5283333333333333 0.73 0.5983333333333334 0.73 0.6483333333333333 0.7325 0.665 0.73125 0.675 0.73375 0.6833333333333333 0.7325 0.7366666666666667 0.6575 0.7416666666666667 0.65 0.74 0.62625 0.7433333333333333 0.58 0.7416666666666667 0.565 0.745 0.43375 0.745 0.39875 0.7483333333333333 0.39 0.7466666666666667 0.37625 0.75 0.29625 0.75 0.29125 0.7433333333333333 0.28875 0.73 0.2875 0.6833333333333333 0.285 0.6683333333333333 0.28625 0.665 0.28375 0.6566666666666666 0.28375 0.63 0.2875 0.6233333333333333 0.2825 0.57 0.28375 0.5433333333333333 0.28 0.4866666666666667 0.28125 0.435 0.27875 0.395 0.28 0.35333333333333333 0.27625 0.32 0.27625 0.26666666666666666 0.2725 0.20666666666666667 0.27375 0.19666666666666666 0.27125 0.18833333333333332 0.2725 0.15833333333333333 0.27875 0.155 0.3225 0.15333333333333332 0.43375 0.155 0.44875 0.15166666666666667 0.46375 0.15333333333333332 0.53125 0.14833333333333334 0.62625 0.14833333333333334 0.63 0.145 0.6475 0.14666666666666667 0.67625 0.14333333333333334