0 0.19625 0.71 0.20375 0.715 0.21375 0.73 0.2175 0.74 0.2175 0.7583333333333333 0.21375 0.7716666666666666 0.20625 0.7833333333333333 0.18875 0.7933333333333333 0.175 0.7933333333333333 0.16125 0.7866666666666666 0.1525 0.77 0.15 0.7433333333333333 0.15375 0.7316666666666667 0.16375 0.715 0.17875 0.7066666666666667 0.1875 0.7066666666666667 0.195 0.71
0 0.185 0.305 0.19125 0.31 0.1975 0.32 0.2 0.35 0.19625 0.36333333333333334 0.19 0.37333333333333335 0.17375 0.38333333333333336 0.1625 0.38333333333333336 0.15125 0.37833333333333335 0.1425 0.37 0.13625 0.35333333333333333 0.13625 0.32666666666666666 0.1425 0.31166666666666665 0.155 0.3 0.17375 0.29833333333333334 0.18375 0.305
0 0.34125 0.5083333333333333 0.34875 0.515 0.355 0.5283333333333333 0.35625 0.56 0.3475 0.5783333333333334 0.3325 0.5883333333333334 0.31625 0.5866666666666667 0.305 0.58 0.30125 0.575 0.295 0.5533333333333333 0.295 0.5316666666666666 0.3025 0.5166666666666667 0.31625 0.505 0.335 0.505 0.34 0.5083333333333333
0 0.1875 0.5016666666666667 0.19625 0.5066666666666667 0.20625 0.5216666666666666 0.21 0.535 0.21 0.5566666666666666 0.20625 0.5683333333333334 0.19625 0.5816666666666667 0.1825 0.5866666666666667 0.17125 0.5866666666666667 0.1575 0.5816666666666667 0.15 0.5716666666666667 0.14375 0.5566666666666666 0.1425 0.54 0.1475 0.5216666666666666 0.15625 0.5083333333333333 0.1675 0.5016666666666667 0.18625 0.5016666666666667
0 0.17375 0.09666666666666666 0.18875 0.10833333333333334 0.19375 0.11833333333333333 0.19625 0.13333333333333333 0.195 0.14833333333333334 0.19 0.165 0.18375 0.17333333333333334 0.175 0.17833333333333334 0.15375 0.17833333333333334 0.14625 0.17333333333333334 0.13625 0.15833333333333333 0.13125 0.14166666666666666 0.1325 0.12333333333333334 0.14125 0.105 0.1575 0.095 0.1725 0.09666666666666666
1 0.78 0.08166666666666667 0.7925 0.09333333333333334 0.79875 0.11166666666666666 0.79875 0.12666666666666668 0.79625 0.13833333333333334 0.79 0.15 0.77625 0.16 0.7725 0.16666666666666666 0.7775 0.17333333333333334 0.77875 0.18166666666666667 0.78125 0.26666666666666666 0.785 0.27666666666666667 0.79125 0.28 0.80125 0.2916666666666667 0.80625 0.30333333333333334 0.80875 0.31666666666666665 0.8075 0.3283333333333333 0.80375 0.3383333333333333 0.7975 0.34833333333333333 0.78625 0.35833333333333334 0.785 0.365 0.7875 0.39666666666666667 0.7875 0.4716666666666667 0.805 0.4866666666666667 0.81375 0.5083333333333333 0.81375 0.5216666666666666 0.8075 0.5383333333333333 0.8 0.5483333333333333 0.78625 0.5566666666666666 0.7925 0.56 0.7925 0.5866666666666667 0.795 0.6066666666666667 0.79875 0.785 0.80125 0.8533333333333334 0.80375 0.8666666666666667 0.8025 0.925 0.795 0.93 0.755 0.9333333333333333 0.72 0.9333333333333333 0.65875 0.94 0.62625 0.94 0.61375 0.9433333333333334 0.5825 0.9433333333333334 0.46875 0.9533333333333334 0.43875 0.9533333333333334 0.42 0.9566666666666667 0.3475 0.96 0.30875 0.965 0.20625 0.97 0.18375 0.9733333333333334 0.17375 0.9716666666666667 0.17 0.9666666666666667 0.1675 0.9166666666666666 0.16875 0.9066666666666666 0.16625 0.8833333333333333 0.1675 0.855 0.16375 0.7983333333333333 0.165 0.7916666666666666 0.155 0.7766666666666666 0.15 0.7516666666666667 0.1525 0.7333333333333333 0.16125 0.72 0.16375 0.7083333333333334 0.16125 0.675 0.16 0.5833333333333334 0.15125 0.5733333333333334 0.14375 0.555 0.1425 0.545 0.14875 0.52 0.1575 0.505 0.1575 0.49666666666666665 0.155 0.41 0.1525 0.38166666666666665 0.1425 0.36833333333333335 0.13625 0.35 0.1375 0.3233333333333333 0.1425 0.31333333333333335 0.14875 0.30666666666666664 0.15125 0.2966666666666667 0.14875 0.25833333333333336 0.15 0.25 0.1475 0.23 0.1475 0.19833333333333333 0.15 0.18 0.14125 0.16666666666666666 0.1325 0.14 0.13375 0.12666666666666668 0.14 0.11 0.15375 0.09833333333333333 0.16125 0.09666666666666666 0.17375 0.09833333333333333 0.17875 0.10166666666666667 0.185 0.10666666666666667 0.195 0.12166666666666667 0.69125 0.105 0.735 0.10666666666666667 0.75 0.085 0.755 0.08166666666666667 0.77875 0.08166666666666667
2 0.38875 0.6466666666666666 0.39625 0.6483333333333333 0.39875 0.6516666666666666 0.40125 0.6933333333333334 0.40125 0.7416666666666667 0.405 0.7933333333333333 0.405 0.8383333333333334 0.4025 0.8416666666666667 0.3825 0.845 0.2675 0.8533333333333334 0.26125 0.8533333333333334 0.25625 0.8483333333333334 0.255 0.835 0.25125 0.6566666666666666 0.3875 0.6466666666666666
2 0.4 0.23166666666666666 0.44 0.22666666666666666 0.53875 0.225 0.5425 0.235 0.54375 0.25333333333333335 0.54375 0.2916666666666667 0.54875 0.37333333333333335 0.54875 0.4083333333333333 0.5475 0.41333333333333333 0.545 0.415 0.43125 0.4216666666666667 0.4075 0.42 0.40375 0.4116666666666667 0.40375 0.39 0.4 0.3516666666666667 0.4 0.23333333333333334
2 0.43625 0.435 0.43875 0.43666666666666665 0.455 0.43333333333333335 0.5275 0.43166666666666664 0.5475 0.43333333333333335 0.55125 0.445 0.55375 0.5083333333333333 0.55375 0.5716666666666667 0.55625 0.6066666666666667 0.555 0.6216666666666667 0.53875 0.625 0.47125 0.6266666666666667 0.44125 0.63 0.415 0.63 0.41 0.625 0.405 0.5033333333333333 0.40625 0.485 0.40375 0.4766666666666667 0.405 0.445 0.4075 0.44 0.435 0.435
2 0.695 0.22 0.6975 0.225 0.69875 0.23833333333333334 0.70125 0.29 0.70375 0.39 0.7025 0.4066666666666667 0.695 0.41 0.61125 0.41333333333333333 0.5625 0.41333333333333333 0.56 0.41 0.55375 0.24666666666666667 0.55625 0.22666666666666666 0.565 0.22333333333333333 0.59375 0.22166666666666668 0.64 0.22166666666666668 0.66625 0.21833333333333332 0.69375 0.22
2 0.3825 0.23166666666666666 0.385 0.235 0.38625 0.24333333333333335 0.38625 0.27 0.38875 0.295 0.3925 0.39 0.39125 0.42 0.37625 0.42333333333333334 0.26 0.43 0.24625 0.42833333333333334 0.2425 0.4116666666666667 0.2425 0.365 0.23875 0.33 0.23875 0.23666666666666666 0.24375 0.23333333333333334 0.2925 0.23333333333333334 0.3275 0.23 0.38125 0.23166666666666666
2 0.3725 0.43833333333333335 0.39 0.44 0.3925 0.445 0.395 0.48 0.395 0.5183333333333333 0.3975 0.5316666666666666 0.3975 0.63 0.38 0.6333333333333333 0.27875 0.64 0.25375 0.64 0.25 0.6366666666666667 0.24875 0.63 0.24875 0.595 0.24625 0.57 0.2475 0.535 0.245 0.48833333333333334 0.24625 0.4483333333333333 0.25 0.445 0.26625 0.44333333333333336 0.37125 0.43833333333333335
2 0.54625 0.6383333333333333 0.55375 0.64 0.55625 0.6433333333333333 0.56 0.7216666666666667 0.55875 0.7366666666666667 0.56125 0.75 0.56125 0.8283333333333334 0.55 0.8333333333333334 0.45375 0.8383333333333334 0.43125 0.8416666666666667 0.42 0.84 0.4175 0.8383333333333334 0.41625 0.8333333333333334 0.4125 0.7316666666666667 0.41375 0.7116666666666667 0.41125 0.6766666666666666 0.4125 0.65 0.415 0.6466666666666666 0.4325 0.6466666666666666 0.45375 0.6416666666666667 0.545 0.6383333333333333
2 0.70625 0.63 0.71 0.6333333333333333 0.7125 0.6566666666666666 0.715 0.7683333333333333 0.71875 0.8133333333333334 0.7175 0.8183333333333334 0.7125 0.8233333333333334 0.69875 0.825 0.585 0.8316666666666667 0.575 0.8283333333333334 0.5725 0.81 0.57 0.77 0.57 0.7066666666666667 0.5675 0.6983333333333334 0.56875 0.64 0.59375 0.635 0.63 0.635 0.6425 0.6316666666666667 0.67125 0.6333333333333333 0.705 0.63
2 0.6975 0.425 0.70375 0.43 0.70625 0.45166666666666666 0.71 0.6116666666666667 0.70625 0.615 0.69625 0.6166666666666667 0.66 0.6166666666666667 0.5925 0.6216666666666667 0.57 0.6216666666666667 0.56625 0.6133333333333333 0.56375 0.5833333333333334 0.56375 0.5116666666666667 0.56125 0.49666666666666665 0.56125 0.435 0.56375 0.43166666666666664 0.57125 0.43 0.59625 0.43 0.6125 0.4266666666666667 0.62875 0.42833333333333334 0.65125 0.425 0.69625 0.425
4 0.79625 0.2833333333333333 0.80625 0.3 0.80875 0.31 0.80875 0.3283333333333333 0.7975 0.35 0.78 0.35833333333333334 0.765 0.3566666666666667 0.7525 0.3416666666666667 0.7475 0.3283333333333333 0.7475 0.30333333333333334 0.75 0.295 0.7575 0.285 0.77125 0.27666666666666667 0.785 0.27666666666666667 0.795 0.2833333333333333
4 0.65 0.25166666666666665 0.66125 0.25833333333333336 0.66875 0.2683333333333333 0.675 0.285 0.675 0.305 0.6725 0.31333333333333335 0.66375 0.32666666666666666 0.65125 0.335 0.6375 0.335 0.62625 0.32666666666666666 0.61625 0.31166666666666665 0.6125 0.295 0.615 0.275 0.62375 0.26 0.63375 0.25333333333333335 0.64875 0.25166666666666665
4 0.77375 0.07666666666666666 0.78875 0.085 0.79375 0.09166666666666666 0.8 0.10666666666666667 0.8 0.13166666666666665 0.79625 0.14166666666666666 0.78625 0.155 0.77375 0.16 0.76125 0.15833333333333333 0.7475 0.14833333333333334 0.74125 0.13666666666666666 0.73875 0.12166666666666667 0.73875 0.10666666666666667 0.74375 0.09166666666666666 0.74875 0.085 0.75875 0.07833333333333334 0.7725 0.07666666666666666
4 0.7925 0.475 0.80375 0.48333333333333334 0.81 0.49333333333333335 0.815 0.51 0.815 0.5216666666666666 0.8125 0.5316666666666666 0.80375 0.5466666666666666 0.7925 0.555 0.775 0.555 0.76375 0.5483333333333333 0.7575 0.5383333333333333 0.7525 0.52 0.755 0.49666666666666665 0.76375 0.48 0.77875 0.47333333333333333 0.79125 0.475
3 0.67375 0.20666666666666667 0.7025 0.20666666666666667 0.705 0.21 0.70625 0.285 0.70875 0.31166666666666665 0.7075 0.3383333333333333 0.71 0.3516666666666667 0.71125 0.38 0.71125 0.43166666666666664 0.71625 0.5183333333333333 0.715 0.55 0.7175 0.57 0.7175 0.62 0.725 0.7983333333333333 0.72375 0.83 0.67125 0.8366666666666667 0.47625 0.8466666666666667 0.46375 0.85 0.29375 0.8583333333333333 0.27875 0.8616666666666667 0.25 0.8616666666666667 0.2475 0.8466666666666667 0.2475 0.7866666666666666 0.24375 0.7316666666666667 0.24375 0.6616666666666666 0.23875 0.565 0.23875 0.5 0.23375 0.41 0.23375 0.3616666666666667 0.22875 0.265 0.22875 0.22333333333333333 0.2625 0.22 0.345 0.22 0.49125 0.215 0.52 0.21166666666666667 0.60625 0.21166666666666667 0.6725 0.20666666666666667