0 0.6566666666666666 0.3095 0.6673333333333333 0.313 0.6733333333333333 0.321 0.6686666666666666 0.3325 0.6606666666666666 0.337 0.6433333333333333 0.334 0.6373333333333333 0.3285 0.6346666666666667 0.3215 0.6406666666666667 0.313 0.6453333333333333 0.3105 0.656 0.3095
0 0.664 0.374 0.6706666666666666 0.3795 0.6713333333333333 0.3905 0.6646666666666666 0.3985 0.658 0.4 0.6493333333333333 0.3995 0.6406666666666667 0.396 0.636 0.3905 0.6353333333333333 0.3835 0.6393333333333333 0.377 0.646 0.373 0.6633333333333333 0.374
0 0.6613333333333333 0.502 0.6713333333333333 0.508 0.6733333333333333 0.5205 0.668 0.527 0.654 0.53 0.6466666666666666 0.529 0.64 0.5245 0.636 0.519 0.636 0.5115 0.6433333333333333 0.5035 0.65 0.5015 0.6606666666666666 0.502
0 0.6546666666666666 0.4365 0.666 0.439 0.6726666666666666 0.4475 0.67 0.459 0.6653333333333333 0.463 0.658 0.4645 0.65 0.4645 0.6433333333333333 0.462 0.6366666666666667 0.453 0.6366666666666667 0.4455 0.64 0.4405 0.6453333333333333 0.4375 0.654 0.4365
0 0.654 0.5695 0.6673333333333333 0.5725 0.6746666666666666 0.584 0.668 0.5955 0.658 0.599 0.644 0.596 0.6353333333333333 0.585 0.64 0.5745 0.646 0.5705 0.6533333333333333 0.5695
1 0.308 0.307 0.318 0.3085 0.33066666666666666 0.3155 0.352 0.3175 0.368 0.315 0.38333333333333336 0.3165 0.392 0.314 0.4073333333333333 0.3175 0.418 0.315 0.43533333333333335 0.315 0.442 0.318 0.4693333333333333 0.319 0.5013333333333333 0.3165 0.5113333333333333 0.3185 0.5313333333333333 0.3185 0.544 0.3155 0.5553333333333333 0.3185 0.572 0.317 0.6226666666666667 0.3195 0.6366666666666667 0.3165 0.65 0.3105 0.658 0.3105 0.668 0.315 0.672 0.3205 0.6673333333333333 0.3725 0.6713333333333333 0.3885 0.6653333333333333 0.4045 0.6673333333333333 0.407 0.668 0.4395 0.672 0.449 0.6673333333333333 0.474 0.6726666666666666 0.5185 0.668 0.5275 0.6666666666666666 0.571 0.672 0.5805 0.6726666666666666 0.589 0.6653333333333333 0.598 0.6406666666666667 0.6 0.3546666666666667 0.597 0.3273333333333333 0.597 0.31 0.6 0.30666666666666664 0.5975 0.29 0.5965 0.2846666666666667 0.593 0.278 0.5845 0.2773333333333333 0.576 0.2793333333333333 0.57 0.286 0.5665 0.284 0.5605 0.28733333333333333 0.5505 0.288 0.5255 0.282 0.5185 0.2813333333333333 0.509 0.2846666666666667 0.5015 0.284 0.491 0.286 0.4885 0.28933333333333333 0.4895 0.2906666666666667 0.4865 0.2906666666666667 0.466 0.2853333333333333 0.4605 0.2846666666666667 0.446 0.28733333333333333 0.436 0.2926666666666667 0.432 0.29133333333333333 0.4275 0.2946666666666667 0.416 0.294 0.3935 0.29133333333333333 0.3925 0.2886666666666667 0.386 0.28933333333333333 0.377 0.2946666666666667 0.3695 0.29533333333333334 0.357 0.2926666666666667 0.3555 0.29333333333333333 0.353 0.296 0.3565 0.29733333333333334 0.3545 0.29733333333333334 0.339 0.29333333333333333 0.34 0.292 0.336 0.2946666666666667 0.3315 0.2926666666666667 0.3195 0.2966666666666667 0.3125 0.30733333333333335 0.307
2 0.5453333333333333 0.3555 0.6166666666666667 0.3565 0.618 0.398 0.6166666666666667 0.417 0.614 0.419 0.532 0.418 0.53 0.4155 0.5313333333333333 0.3575 0.5326666666666666 0.355 0.5446666666666666 0.3555
2 0.5333333333333333 0.4915 0.6133333333333333 0.4925 0.616 0.494 0.6173333333333333 0.5575 0.6133333333333333 0.5595 0.5953333333333334 0.56 0.5286666666666666 0.5575 0.5286666666666666 0.4945 0.5326666666666666 0.4915
2 0.46 0.491 0.522 0.4925 0.5226666666666666 0.548 0.522 0.5545 0.518 0.5585 0.44333333333333336 0.558 0.434 0.555 0.43533333333333335 0.494 0.43866666666666665 0.491 0.4593333333333333 0.491
2 0.36466666666666664 0.352 0.42866666666666664 0.3535 0.432 0.355 0.43266666666666664 0.404 0.43133333333333335 0.4145 0.42866666666666664 0.417 0.3473333333333333 0.4165 0.3453333333333333 0.415 0.3446666666666667 0.39 0.348 0.354 0.352 0.3515 0.364 0.352
2 0.5733333333333334 0.423 0.6133333333333333 0.4235 0.6166666666666667 0.425 0.6186666666666667 0.4745 0.616 0.488 0.5293333333333333 0.486 0.53 0.425 0.542 0.423 0.5726666666666667 0.423
2 0.354 0.42 0.43 0.422 0.43 0.4835 0.4266666666666667 0.486 0.356 0.486 0.3426666666666667 0.4835 0.3406666666666667 0.478 0.3433333333333333 0.426 0.346 0.4205 0.35333333333333333 0.42
2 0.364 0.49 0.42866666666666664 0.491 0.42733333333333334 0.5535 0.4246666666666667 0.5565 0.4026666666666667 0.558 0.3413333333333333 0.558 0.338 0.5565 0.3373333333333333 0.536 0.3413333333333333 0.492 0.3453333333333333 0.49 0.36333333333333334 0.49
2 0.49866666666666665 0.354 0.5226666666666666 0.355 0.5246666666666666 0.358 0.5233333333333333 0.415 0.522 0.4175 0.5166666666666667 0.4185 0.44533333333333336 0.417 0.44066666666666665 0.416 0.438 0.4125 0.43866666666666665 0.3695 0.44133333333333336 0.3545 0.498 0.354
2 0.464 0.4215 0.5226666666666666 0.4235 0.5233333333333333 0.477 0.5226666666666666 0.4845 0.5193333333333333 0.486 0.44466666666666665 0.486 0.43533333333333335 0.484 0.438 0.4245 0.44133333333333336 0.422 0.4533333333333333 0.423 0.4633333333333333 0.4215
4 0.30133333333333334 0.5655 0.30733333333333335 0.567 0.312 0.572 0.31533333333333335 0.5815 0.312 0.588 0.30666666666666664 0.592 0.2966666666666667 0.5945 0.28733333333333333 0.5935 0.282 0.5905 0.278 0.5855 0.27666666666666667 0.5775 0.2793333333333333 0.572 0.286 0.567 0.3006666666666667 0.5655
4 0.31266666666666665 0.3065 0.32466666666666666 0.3105 0.32866666666666666 0.3215 0.32066666666666666 0.33 0.30866666666666664 0.333 0.3 0.332 0.2906666666666667 0.3205 0.29333333333333333 0.314 0.3 0.308 0.312 0.3065
4 0.314 0.369 0.322 0.373 0.326 0.3795 0.32466666666666666 0.3875 0.314 0.395 0.29733333333333334 0.3945 0.2886666666666667 0.385 0.28933333333333333 0.377 0.2966666666666667 0.3705 0.30266666666666664 0.3685 0.31333333333333335 0.369
4 0.30866666666666664 0.433 0.32066666666666666 0.439 0.322 0.4495 0.31733333333333336 0.4565 0.30666666666666664 0.46 0.29333333333333333 0.4585 0.28933333333333333 0.456 0.2846666666666667 0.45 0.2846666666666667 0.4435 0.294 0.4345 0.3 0.4325 0.308 0.433
4 0.304 0.4985 0.31333333333333335 0.5015 0.31866666666666665 0.5085 0.318 0.517 0.30733333333333335 0.526 0.28933333333333333 0.5245 0.2806666666666667 0.5155 0.2826666666666667 0.5055 0.294 0.498 0.30333333333333334 0.4985
3 0.37466666666666665 0.35 0.5713333333333334 0.352 0.6106666666666667 0.353 0.62 0.355 0.622 0.4 0.6213333333333333 0.557 0.6193333333333333 0.5615 0.59 0.5625 0.39266666666666666 0.5615 0.3406666666666667 0.5605 0.33466666666666667 0.558 0.334 0.5315 0.3373333333333333 0.5025 0.3426666666666667 0.356 0.3466666666666667 0.35 0.374 0.35