0 0.23625 0.6566666666666666 0.24375 0.6616666666666666 0.255 0.6766666666666666 0.26 0.695 0.25875 0.71 0.25625 0.7166666666666667 0.2475 0.7283333333333334 0.2375 0.735 0.2175 0.735 0.20875 0.7316666666666667 0.20375 0.725 0.19875 0.71 0.19875 0.685 0.205 0.67 0.215 0.66 0.22375 0.6566666666666666 0.235 0.6566666666666666
0 0.37 0.4716666666666667 0.37625 0.4766666666666667 0.38375 0.48833333333333334 0.3875 0.5016666666666667 0.3875 0.515 0.3825 0.5333333333333333 0.37625 0.5416666666666666 0.36625 0.5483333333333333 0.35 0.5466666666666666 0.3375 0.5366666666666666 0.33125 0.5183333333333333 0.33125 0.495 0.33625 0.48333333333333334 0.34625 0.47333333333333333 0.35375 0.47 0.36875 0.4716666666666667
0 0.22 0.2783333333333333 0.23 0.2816666666666667 0.245 0.3 0.24625 0.3283333333333333 0.24375 0.3383333333333333 0.235 0.3516666666666667 0.21875 0.36 0.2075 0.3566666666666667 0.19875 0.35 0.19125 0.3383333333333333 0.1875 0.325 0.1875 0.31 0.19125 0.2966666666666667 0.20125 0.2833333333333333 0.21875 0.2783333333333333
0 0.22125 0.09166666666666666 0.235 0.1 0.24125 0.10833333333333334 0.245 0.12166666666666667 0.245 0.13666666666666666 0.23875 0.15833333333333333 0.23375 0.165 0.2225 0.17 0.2125 0.17 0.20125 0.165 0.19125 0.15166666666666667 0.18625 0.13666666666666666 0.18625 0.12166666666666667 0.1925 0.105 0.205 0.09333333333333334 0.22 0.09166666666666666
0 0.2375 0.47 0.24875 0.48 0.25375 0.49666666666666665 0.25375 0.52 0.24625 0.535 0.235 0.545 0.2175 0.545 0.2025 0.5366666666666666 0.19375 0.5183333333333333 0.1925 0.5 0.1975 0.48333333333333334 0.20875 0.47 0.215 0.4666666666666667 0.23125 0.4666666666666667 0.23625 0.47
1 0.785 0.08333333333333333 0.79625 0.09666666666666666 0.80125 0.11666666666666667 0.80125 0.12333333333333334 0.79625 0.13833333333333334 0.78125 0.16 0.78625 0.20166666666666666 0.78625 0.2633333333333333 0.80125 0.2783333333333333 0.8075 0.2966666666666667 0.80625 0.31666666666666665 0.8 0.33 0.79 0.3433333333333333 0.7925 0.34833333333333333 0.79 0.3516666666666667 0.79 0.43833333333333335 0.79125 0.4483333333333333 0.8 0.455 0.80625 0.4633333333333333 0.8125 0.485 0.81125 0.49833333333333335 0.8075 0.5083333333333333 0.7925 0.5283333333333333 0.795 0.5433333333333333 0.79875 0.7466666666666667 0.80375 0.855 0.80125 0.8833333333333333 0.75625 0.8883333333333333 0.5875 0.8933333333333333 0.52125 0.8983333333333333 0.45875 0.8983333333333333 0.41125 0.9033333333333333 0.31 0.905 0.2925 0.9083333333333333 0.23125 0.9116666666666666 0.21625 0.9116666666666666 0.2125 0.9083333333333333 0.20875 0.7333333333333333 0.20375 0.7233333333333334 0.19875 0.705 0.19875 0.69 0.20625 0.665 0.2075 0.605 0.205 0.5466666666666666 0.20625 0.5416666666666666 0.195 0.52 0.1925 0.505 0.1975 0.48333333333333334 0.205 0.47333333333333333 0.205 0.465 0.2025 0.3566666666666667 0.1925 0.3383333333333333 0.18875 0.325 0.18875 0.30833333333333335 0.19125 0.2966666666666667 0.19375 0.29 0.19875 0.2866666666666667 0.20125 0.2816666666666667 0.19875 0.22166666666666668 0.20125 0.17166666666666666 0.1875 0.13833333333333334 0.1875 0.12166666666666667 0.19125 0.11 0.1975 0.10166666666666667 0.21 0.09333333333333334 0.22 0.09333333333333334 0.22875 0.09666666666666666 0.2375 0.105 0.245 0.11666666666666667 0.35625 0.11666666666666667 0.5175 0.11 0.6 0.11 0.63125 0.10666666666666667 0.72375 0.10666666666666667 0.74125 0.105 0.75375 0.08833333333333333 0.765 0.08 0.77875 0.08 0.78375 0.08333333333333333
2 0.495 0.21666666666666667 0.55875 0.21666666666666667 0.5625 0.23 0.56625 0.385 0.56375 0.3933333333333333 0.55875 0.395 0.48 0.3983333333333333 0.4375 0.3983333333333333 0.43375 0.39666666666666667 0.43125 0.39 0.4275 0.23 0.43125 0.22166666666666668 0.49375 0.21666666666666667
2 0.52 0.41 0.54875 0.41 0.56375 0.4116666666666667 0.56625 0.415 0.56875 0.43666666666666665 0.56875 0.485 0.57125 0.5216666666666666 0.57 0.585 0.5675 0.59 0.46 0.595 0.44375 0.595 0.43625 0.5883333333333334 0.43375 0.545 0.43375 0.475 0.43125 0.45 0.4325 0.42333333333333334 0.43625 0.4166666666666667 0.445 0.41333333333333333 0.51875 0.41
2 0.4375 0.7133333333333334 0.43875 0.6983333333333334 0.43625 0.675 0.43625 0.6266666666666667 0.4375 0.615 0.44 0.6116666666666667 0.45125 0.6083333333333333 0.57 0.605 0.5725 0.6133333333333333 0.575 0.69 0.57625 0.78 0.57375 0.785 0.56375 0.7883333333333333 0.54 0.79 0.50375 0.79 0.475 0.7933333333333333 0.44375 0.7916666666666666 0.44125 0.7883333333333333 0.43875 0.7633333333333333 0.43875 0.715
2 0.705 0.21166666666666667 0.7075 0.21833333333333332 0.7075 0.265 0.71 0.2816666666666667 0.70875 0.305 0.71125 0.3233333333333333 0.71125 0.38666666666666666 0.70875 0.39 0.7 0.39166666666666666 0.6575 0.3933333333333333 0.58 0.3933333333333333 0.5775 0.39 0.575 0.355 0.57625 0.3416666666666667 0.57375 0.30666666666666664 0.5725 0.22333333333333333 0.57625 0.21666666666666667 0.5825 0.21333333333333335 0.595 0.215 0.65875 0.21 0.70375 0.21166666666666667
2 0.335 0.22 0.39625 0.22 0.41375 0.22166666666666668 0.41625 0.225 0.41875 0.25 0.4175 0.25833333333333336 0.42125 0.3433333333333333 0.42125 0.3933333333333333 0.41875 0.3983333333333333 0.33875 0.4033333333333333 0.2875 0.4033333333333333 0.285 0.4 0.28375 0.39 0.28375 0.35833333333333334 0.28125 0.3333333333333333 0.2825 0.31333333333333335 0.28 0.2683333333333333 0.28125 0.25833333333333336 0.27875 0.23666666666666666 0.28 0.22666666666666666 0.285 0.22166666666666668 0.33375 0.22
2 0.71 0.4083333333333333 0.7125 0.4166666666666667 0.71625 0.5133333333333333 0.715 0.5833333333333334 0.70375 0.5866666666666667 0.63375 0.5883333333333334 0.58375 0.5883333333333334 0.58125 0.5833333333333334 0.5775 0.43333333333333335 0.57875 0.415 0.585 0.41 0.595 0.4083333333333333 0.70875 0.4083333333333333
2 0.28625 0.42 0.29875 0.4166666666666667 0.41875 0.415 0.42125 0.41833333333333333 0.4225 0.43 0.4225 0.475 0.425 0.495 0.425 0.5916666666666667 0.42125 0.595 0.2925 0.6016666666666667 0.28875 0.5966666666666667 0.2875 0.585 0.2875 0.5333333333333333 0.285 0.52 0.28625 0.4216666666666667
2 0.42375 0.6116666666666667 0.42625 0.6216666666666667 0.43 0.79 0.42375 0.7933333333333333 0.41 0.795 0.31375 0.8 0.2975 0.8 0.2925 0.79 0.28875 0.6966666666666667 0.28875 0.6183333333333333 0.29125 0.615 0.3325 0.615 0.4025 0.61 0.4225 0.6116666666666667
2 0.715 0.6016666666666667 0.71875 0.6183333333333333 0.71875 0.6933333333333334 0.72125 0.71 0.7225 0.7783333333333333 0.71375 0.7816666666666666 0.63125 0.7866666666666666 0.595 0.7866666666666666 0.5875 0.7833333333333333 0.58375 0.7166666666666667 0.58375 0.6083333333333333 0.5875 0.6033333333333334 0.60875 0.6016666666666667 0.71375 0.6016666666666667
4 0.78625 0.265 0.79625 0.27 0.805 0.2833333333333333 0.80875 0.29833333333333334 0.80875 0.31166666666666665 0.805 0.3233333333333333 0.7975 0.335 0.78 0.3416666666666667 0.77125 0.3416666666666667 0.76 0.3333333333333333 0.7525 0.315 0.75125 0.2916666666666667 0.75625 0.2783333333333333 0.76375 0.27 0.77375 0.265 0.785 0.265
4 0.65875 0.24 0.67125 0.24666666666666667 0.68 0.25833333333333336 0.68375 0.27166666666666667 0.68375 0.285 0.68 0.29833333333333334 0.67 0.31333333333333335 0.66125 0.31833333333333336 0.64875 0.31833333333333336 0.64125 0.31333333333333335 0.6325 0.30333333333333334 0.62625 0.285 0.62625 0.2683333333333333 0.63125 0.255 0.64375 0.24166666666666667 0.6575 0.24
4 0.78 0.07833333333333334 0.78875 0.08333333333333333 0.79625 0.09166666666666666 0.8025 0.11 0.8025 0.12333333333333334 0.79875 0.13666666666666666 0.79 0.15 0.7825 0.155 0.77 0.155 0.75375 0.145 0.7475 0.13666666666666666 0.74375 0.12 0.74375 0.10333333333333333 0.755 0.085 0.765 0.07833333333333334 0.77875 0.07833333333333334
4 0.7925 0.45 0.80125 0.455 0.80625 0.46166666666666667 0.81125 0.47333333333333333 0.81375 0.49166666666666664 0.80625 0.5133333333333333 0.7975 0.5233333333333333 0.7875 0.5266666666666666 0.77375 0.525 0.76625 0.52 0.76 0.5116666666666667 0.755 0.495 0.755 0.48 0.76 0.46166666666666667 0.76625 0.455 0.775 0.45 0.79125 0.45
3 0.71 0.20166666666666666 0.71375 0.20833333333333334 0.715 0.22666666666666666 0.7175 0.375 0.725 0.5883333333333334 0.72375 0.6 0.72625 0.7066666666666667 0.72875 0.7366666666666667 0.7275 0.7883333333333333 0.70375 0.7916666666666666 0.63 0.7933333333333333 0.60625 0.7966666666666666 0.37875 0.8033333333333333 0.36875 0.8066666666666666 0.285 0.805 0.2825 0.735 0.2825 0.6983333333333334 0.285 0.6916666666666667 0.2825 0.6883333333333334 0.28125 0.6416666666666667 0.2825 0.605 0.28 0.5733333333333334 0.27875 0.4583333333333333 0.275 0.375 0.27625 0.355 0.2725 0.245 0.27375 0.21333333333333335 0.70875 0.20166666666666666