0 0.2025 0.6716666666666666 0.21125 0.6766666666666666 0.22125 0.69 0.225 0.7033333333333334 0.225 0.72 0.2225 0.73 0.21375 0.7416666666666667 0.19625 0.7483333333333333 0.1775 0.7433333333333333 0.17125 0.735 0.1675 0.725 0.16625 0.7016666666666667 0.17 0.69 0.1775 0.6783333333333333 0.19 0.6716666666666666 0.20125 0.6716666666666666
0 0.33375 0.49666666666666665 0.3425 0.505 0.34625 0.515 0.3475 0.54 0.34 0.5566666666666666 0.33 0.565 0.32375 0.5666666666666667 0.31125 0.565 0.3 0.5566666666666666 0.29375 0.54 0.2925 0.525 0.295 0.5116666666666667 0.30625 0.49666666666666665 0.31125 0.49333333333333335 0.3275 0.49333333333333335 0.3325 0.49666666666666665
0 0.195 0.315 0.2025 0.32166666666666666 0.21 0.335 0.21 0.3616666666666667 0.2025 0.37666666666666665 0.195 0.38333333333333336 0.185 0.38666666666666666 0.16875 0.38333333333333336 0.16 0.37333333333333335 0.155 0.3616666666666667 0.155 0.34 0.16125 0.3233333333333333 0.17125 0.31333333333333335 0.18875 0.31166666666666665 0.19375 0.315
0 0.18375 0.135 0.1925 0.13833333333333334 0.205 0.15166666666666667 0.20875 0.17 0.20625 0.185 0.1975 0.20333333333333334 0.19125 0.20666666666666667 0.1775 0.20833333333333334 0.1675 0.20666666666666667 0.15875 0.19666666666666666 0.1525 0.18166666666666667 0.15125 0.16666666666666666 0.15375 0.155 0.16 0.14333333333333334 0.16875 0.13666666666666666 0.1825 0.135
0 0.20375 0.49333333333333335 0.21375 0.5033333333333333 0.22 0.5283333333333333 0.215 0.55 0.21 0.5566666666666666 0.1975 0.565 0.1825 0.565 0.1725 0.56 0.1625 0.5433333333333333 0.16 0.5216666666666666 0.165 0.505 0.1725 0.495 0.18375 0.49 0.195 0.49 0.2025 0.49333333333333335
1 0.7225 0.12333333333333334 0.735 0.13833333333333334 0.7375 0.14666666666666667 0.73625 0.17 0.72375 0.19166666666666668 0.72625 0.19833333333333333 0.72875 0.22 0.7275 0.29333333333333333 0.73875 0.305 0.745 0.31666666666666665 0.74625 0.3233333333333333 0.745 0.345 0.73375 0.37 0.73375 0.4 0.73625 0.41 0.73625 0.47 0.7475 0.48333333333333334 0.75375 0.5016666666666667 0.7525 0.515 0.74875 0.525 0.7375 0.54 0.74 0.5466666666666666 0.7425 0.585 0.7425 0.6333333333333333 0.74625 0.6633333333333333 0.74625 0.705 0.74875 0.7133333333333334 0.7525 0.81 0.755 0.8333333333333334 0.75375 0.8833333333333333 0.745 0.8866666666666667 0.67875 0.8883333333333333 0.65875 0.8916666666666667 0.61875 0.8916666666666667 0.535 0.8983333333333333 0.4875 0.8983333333333333 0.47 0.9016666666666666 0.43625 0.9016666666666666 0.42125 0.905 0.38 0.905 0.2025 0.9166666666666666 0.18625 0.915 0.18375 0.91 0.18 0.7466666666666667 0.17125 0.7333333333333333 0.16625 0.7133333333333334 0.16625 0.7016666666666667 0.16875 0.6916666666666667 0.17625 0.68 0.1775 0.6733333333333333 0.17375 0.5716666666666667 0.175 0.5633333333333334 0.16625 0.5516666666666666 0.16125 0.5333333333333333 0.1625 0.51 0.1725 0.49333333333333335 0.1725 0.4533333333333333 0.17 0.42333333333333334 0.17125 0.39666666666666667 0.17 0.38666666666666666 0.15875 0.36833333333333335 0.155 0.355 0.15625 0.33666666666666667 0.16625 0.31333333333333335 0.16625 0.20833333333333334 0.15375 0.18333333333333332 0.1525 0.17166666666666666 0.15375 0.16 0.16 0.14666666666666667 0.16625 0.14 0.17375 0.13666666666666666 0.185 0.13666666666666666 0.19875 0.145 0.20875 0.16 0.22 0.15666666666666668 0.37 0.155 0.42 0.15166666666666667 0.4725 0.15166666666666667 0.505 0.14833333333333334 0.5825 0.14833333333333334 0.67625 0.14333333333333334 0.68375 0.14166666666666666 0.695 0.125 0.7 0.12166666666666667 0.71375 0.12 0.72125 0.12333333333333334
2 0.44875 0.25 0.51125 0.25 0.51375 0.25333333333333335 0.51875 0.345 0.52 0.415 0.51625 0.41833333333333333 0.505 0.42 0.47 0.4216666666666667 0.445 0.42 0.3975 0.42333333333333334 0.3925 0.42 0.38875 0.355 0.38875 0.315 0.38625 0.30666666666666664 0.3875 0.25833333333333336 0.39 0.255 0.39625 0.25333333333333335 0.4475 0.25166666666666665
2 0.525 0.62 0.52875 0.63 0.53 0.65 0.535 0.7883333333333333 0.5325 0.7916666666666666 0.51 0.795 0.42625 0.8 0.41125 0.8 0.40625 0.7983333333333333 0.40375 0.7933333333333333 0.4 0.7133333333333334 0.40125 0.6966666666666667 0.39875 0.6683333333333333 0.4 0.63 0.4025 0.6266666666666667 0.415 0.6233333333333333 0.52375 0.62
2 0.485 0.43333333333333335 0.51625 0.43333333333333335 0.52125 0.43666666666666665 0.52375 0.445 0.5225 0.4816666666666667 0.525 0.49333333333333335 0.52625 0.5316666666666666 0.52625 0.6016666666666667 0.52 0.605 0.445 0.6066666666666667 0.42 0.61 0.4025 0.61 0.39875 0.6066666666666667 0.3975 0.6016666666666667 0.395 0.5666666666666667 0.39625 0.54 0.3925 0.5 0.3925 0.445 0.39375 0.44166666666666665 0.4025 0.43833333333333335 0.48375 0.43333333333333335
2 0.59875 0.245 0.6425 0.245 0.64875 0.24666666666666667 0.6525 0.25166666666666665 0.655 0.305 0.6575 0.32 0.65625 0.3416666666666667 0.65875 0.35333333333333333 0.65875 0.41 0.655 0.41333333333333333 0.645 0.415 0.545 0.41833333333333333 0.53375 0.4166666666666667 0.53 0.4083333333333333 0.5275 0.31166666666666665 0.52375 0.2916666666666667 0.52625 0.255 0.53 0.25 0.53875 0.24833333333333332 0.57375 0.24833333333333332 0.5975 0.245
2 0.25 0.42833333333333334 0.24625 0.33666666666666667 0.24375 0.3333333333333333 0.24375 0.265 0.24625 0.26 0.25375 0.25666666666666665 0.28875 0.255 0.37375 0.25666666666666665 0.37625 0.26666666666666666 0.38 0.3416666666666667 0.38125 0.42 0.38 0.42333333333333334 0.3725 0.425 0.345 0.425 0.325 0.42833333333333334 0.25125 0.42833333333333334
2 0.6575 0.42833333333333334 0.66125 0.43833333333333335 0.66125 0.4583333333333333 0.665 0.48833333333333334 0.66375 0.5283333333333333 0.6675 0.5866666666666667 0.66625 0.595 0.6625 0.5983333333333334 0.64875 0.6 0.58875 0.6 0.56125 0.6033333333333334 0.5425 0.6033333333333334 0.5375 0.5966666666666667 0.535 0.5033333333333333 0.53125 0.445 0.53375 0.435 0.54125 0.43166666666666664 0.5675 0.43 0.65625 0.42833333333333334
2 0.37875 0.44 0.3825 0.445 0.38125 0.4483333333333333 0.38375 0.4666666666666667 0.3825 0.48333333333333334 0.385 0.5 0.3875 0.6066666666666667 0.38 0.6116666666666667 0.265 0.6183333333333333 0.25625 0.6166666666666667 0.25375 0.6083333333333333 0.25375 0.565 0.25125 0.545 0.2525 0.5083333333333333 0.25 0.48833333333333334 0.25125 0.445 0.2675 0.44166666666666665 0.30875 0.44 0.3775 0.44
2 0.3725 0.625 0.38375 0.6266666666666667 0.3875 0.6366666666666667 0.39125 0.705 0.39125 0.7466666666666667 0.39375 0.7716666666666666 0.3925 0.7983333333333333 0.3675 0.8033333333333333 0.30875 0.8066666666666666 0.2625 0.8066666666666666 0.26 0.8016666666666666 0.255 0.64 0.25875 0.6316666666666667 0.265 0.63 0.28 0.6316666666666667 0.37125 0.625
2 0.57625 0.615 0.5925 0.6166666666666667 0.60625 0.6133333333333333 0.665 0.6133333333333333 0.6675 0.6183333333333333 0.67 0.6783333333333333 0.6725 0.6933333333333334 0.67125 0.7216666666666667 0.675 0.7833333333333333 0.66625 0.7883333333333333 0.595 0.7916666666666666 0.55 0.7916666666666666 0.54625 0.79 0.545 0.785 0.53875 0.625 0.545 0.6183333333333333 0.56375 0.6183333333333333 0.575 0.615
4 0.73125 0.2966666666666667 0.73625 0.3 0.74375 0.31166666666666665 0.7475 0.325 0.7475 0.34 0.7425 0.35333333333333333 0.735 0.36333333333333334 0.725 0.36666666666666664 0.7125 0.36666666666666664 0.69875 0.355 0.69375 0.3416666666666667 0.6925 0.32166666666666666 0.695 0.31166666666666665 0.70125 0.3016666666666667 0.71875 0.29333333333333333 0.73 0.2966666666666667
4 0.6075 0.27166666666666667 0.615 0.27666666666666667 0.62375 0.28833333333333333 0.6275 0.29833333333333334 0.62875 0.31166666666666665 0.62625 0.3233333333333333 0.62 0.33666666666666667 0.615 0.3416666666666667 0.60625 0.345 0.59625 0.345 0.58625 0.3383333333333333 0.58 0.33166666666666667 0.57375 0.315 0.57375 0.29833333333333334 0.57875 0.285 0.59 0.2733333333333333 0.60625 0.27166666666666667
4 0.72625 0.12333333333333334 0.73125 0.12833333333333333 0.73875 0.145 0.73875 0.16333333333333333 0.735 0.17666666666666667 0.7275 0.18666666666666668 0.71625 0.19166666666666668 0.7025 0.18833333333333332 0.68875 0.17666666666666667 0.685 0.16333333333333333 0.685 0.14 0.69375 0.125 0.705 0.11833333333333333 0.71625 0.11833333333333333 0.725 0.12333333333333334
4 0.73 0.4683333333333333 0.74375 0.4766666666666667 0.75125 0.48833333333333334 0.755 0.5 0.755 0.5116666666666667 0.74875 0.5283333333333333 0.74 0.5383333333333333 0.73 0.5416666666666666 0.72125 0.5416666666666666 0.71125 0.5366666666666666 0.70125 0.5216666666666666 0.69875 0.505 0.70125 0.48833333333333334 0.70875 0.475 0.71625 0.47 0.72875 0.4683333333333333
3 0.6575 0.235 0.66 0.24 0.66125 0.26 0.66375 0.3466666666666667 0.6625 0.355 0.66625 0.395 0.6675 0.4533333333333333 0.67 0.4666666666666667 0.6675 0.5283333333333333 0.67375 0.5783333333333334 0.67375 0.5916666666666667 0.67 0.5966666666666667 0.67 0.6116666666666667 0.67375 0.615 0.675 0.625 0.67625 0.6816666666666666 0.67875 0.6966666666666667 0.68125 0.7483333333333333 0.68 0.7916666666666666 0.6775 0.795 0.63875 0.7983333333333333 0.295 0.8133333333333334 0.27625 0.8166666666666667 0.25625 0.8166666666666667 0.25375 0.8133333333333334 0.25375 0.775 0.25 0.72 0.2525 0.7066666666666667 0.25 0.6983333333333334 0.25 0.6516666666666666 0.24625 0.5816666666666667 0.2475 0.5316666666666666 0.25125 0.5283333333333333 0.24875 0.53 0.24875 0.535 0.25125 0.54 0.2525 0.5533333333333333 0.25375 0.6083333333333333 0.2575 0.6183333333333333 0.33125 0.6166666666666667 0.385 0.6116666666666667 0.3875 0.6083333333333333 0.3875 0.5466666666666666 0.3825 0.44166666666666665 0.375 0.43666666666666665 0.25375 0.44166666666666665 0.25125 0.445 0.25 0.46166666666666667 0.25125 0.5233333333333333 0.2475 0.525 0.2425 0.4666666666666667 0.24375 0.445 0.24125 0.4216666666666667 0.2375 0.25 0.24125 0.24666666666666667 0.27375 0.245 0.34875 0.245 0.65625 0.235