0 0.25125 0.6366666666666667 0.265 0.6466666666666666 0.2725 0.6666666666666666 0.2725 0.6833333333333333 0.2675 0.695 0.25875 0.7033333333333334 0.25125 0.7066666666666667 0.2375 0.7066666666666667 0.23 0.7033333333333334 0.2225 0.6933333333333334 0.21875 0.6733333333333333 0.22 0.6583333333333333 0.22875 0.6433333333333333 0.24125 0.6366666666666667 0.25 0.6366666666666667
0 0.365 0.4716666666666667 0.37625 0.47833333333333333 0.38375 0.49 0.385 0.5166666666666667 0.38125 0.5283333333333333 0.375 0.5366666666666666 0.3625 0.5416666666666666 0.35 0.5383333333333333 0.34 0.5283333333333333 0.33625 0.5166666666666667 0.335 0.5016666666666667 0.3375 0.49 0.345 0.47833333333333333 0.355 0.4716666666666667 0.36375 0.4716666666666667
0 0.24375 0.30666666666666664 0.25375 0.31333333333333335 0.25875 0.32 0.26125 0.33 0.26125 0.345 0.2575 0.36333333333333334 0.25375 0.36833333333333335 0.24375 0.37333333333333335 0.22875 0.37333333333333335 0.22125 0.37 0.215 0.3616666666666667 0.21125 0.34833333333333333 0.21125 0.3333333333333333 0.21625 0.31833333333333336 0.225 0.30833333333333335 0.2425 0.30666666666666664
0 0.2425 0.145 0.2525 0.15 0.2575 0.15666666666666668 0.26125 0.16833333333333333 0.2575 0.2 0.25375 0.205 0.24375 0.21 0.2275 0.21 0.22125 0.20666666666666667 0.21375 0.195 0.21 0.18333333333333332 0.21 0.17 0.2125 0.16 0.21875 0.15 0.23125 0.14333333333333334 0.24125 0.145
0 0.24875 0.47 0.2575 0.475 0.2625 0.4816666666666667 0.26875 0.5 0.26875 0.5133333333333333 0.26625 0.5216666666666666 0.25875 0.5333333333333333 0.25125 0.5383333333333333 0.23375 0.5383333333333333 0.2275 0.535 0.22125 0.5283333333333333 0.215 0.5133333333333333 0.215 0.495 0.21875 0.485 0.22625 0.475 0.23375 0.47 0.2475 0.47
1 0.74625 0.12666666666666668 0.75125 0.13166666666666665 0.7575 0.14833333333333334 0.75625 0.16666666666666666 0.745 0.18833333333333332 0.75 0.2 0.75 0.285 0.76 0.3016666666666667 0.76375 0.31333333333333335 0.76375 0.3283333333333333 0.76 0.34 0.7525 0.35333333333333333 0.7525 0.35833333333333334 0.755 0.38333333333333336 0.755 0.4533333333333333 0.765 0.4683333333333333 0.7675 0.48 0.765 0.5016666666666667 0.75625 0.515 0.76 0.56 0.76 0.6333333333333333 0.76375 0.6716666666666666 0.7625 0.6966666666666667 0.765 0.715 0.765 0.7583333333333333 0.7675 0.7883333333333333 0.76625 0.8433333333333334 0.76125 0.8466666666666667 0.72625 0.8483333333333334 0.43125 0.8566666666666667 0.31 0.8633333333333333 0.23625 0.8633333333333333 0.23375 0.8616666666666667 0.2325 0.855 0.23125 0.705 0.22125 0.6883333333333334 0.21875 0.67 0.2225 0.6533333333333333 0.23 0.6416666666666667 0.2275 0.5433333333333333 0.22875 0.5366666666666666 0.22 0.525 0.215 0.51 0.21625 0.49333333333333335 0.2275 0.465 0.225 0.41 0.22625 0.375 0.2175 0.365 0.2125 0.35 0.2125 0.33 0.22375 0.30666666666666664 0.22375 0.21 0.21625 0.19833333333333333 0.21125 0.18333333333333332 0.21125 0.17 0.21625 0.15666666666666668 0.22625 0.14666666666666667 0.2475 0.14833333333333334 0.26125 0.16333333333333333 0.48375 0.155 0.56625 0.14833333333333334 0.6175 0.14833333333333334 0.63875 0.145 0.705 0.14166666666666666 0.7125 0.13 0.7225 0.12166666666666667 0.73875 0.12166666666666667 0.745 0.12666666666666668
2 0.52875 0.245 0.5425 0.24666666666666667 0.545 0.25 0.54625 0.26 0.55 0.3516666666666667 0.55 0.39666666666666667 0.5475 0.4033333333333333 0.4775 0.4083333333333333 0.4325 0.4083333333333333 0.42875 0.4033333333333333 0.425 0.3 0.42625 0.255 0.42875 0.25166666666666665 0.435 0.25 0.5275 0.24666666666666667
2 0.5475 0.41833333333333333 0.55125 0.42333333333333334 0.55125 0.45666666666666667 0.55375 0.4683333333333333 0.55375 0.575 0.54625 0.58 0.45875 0.5833333333333334 0.43625 0.5833333333333334 0.4325 0.5816666666666667 0.43125 0.5766666666666667 0.43125 0.525 0.42875 0.475 0.42875 0.435 0.43125 0.4266666666666667 0.44 0.4216666666666667 0.45625 0.42 0.54625 0.41833333333333333
2 0.6525 0.23833333333333334 0.6725 0.23833333333333334 0.67625 0.24 0.67875 0.245 0.67875 0.275 0.6825 0.32166666666666666 0.68 0.3466666666666667 0.6825 0.365 0.6825 0.3933333333333333 0.68 0.3983333333333333 0.67625 0.4 0.63875 0.4 0.6075 0.4033333333333333 0.56375 0.4033333333333333 0.56 0.4 0.55625 0.31833333333333336 0.55625 0.25 0.56125 0.245 0.58 0.24166666666666667 0.59125 0.24333333333333335 0.65125 0.23833333333333334
2 0.4125 0.25166666666666665 0.415 0.255 0.41625 0.26666666666666666 0.41625 0.30333333333333334 0.41875 0.335 0.41875 0.4066666666666667 0.41375 0.41 0.3275 0.41333333333333333 0.3075 0.4166666666666667 0.3 0.415 0.2975 0.4083333333333333 0.295 0.31833333333333336 0.2925 0.30333333333333334 0.2925 0.26 0.29625 0.255 0.31625 0.25333333333333335 0.41125 0.25166666666666665
2 0.68125 0.415 0.68375 0.42333333333333334 0.685 0.4533333333333333 0.6875 0.5516666666666666 0.68625 0.5716666666666667 0.68125 0.575 0.58125 0.5783333333333334 0.56875 0.5783333333333334 0.56375 0.5716666666666667 0.56 0.43166666666666664 0.5625 0.41833333333333333 0.6175 0.41333333333333333 0.68 0.415
2 0.3525 0.42333333333333334 0.4175 0.425 0.42125 0.45666666666666667 0.42375 0.58 0.41875 0.585 0.39375 0.5866666666666667 0.30375 0.5883333333333334 0.30125 0.585 0.2975 0.5066666666666667 0.2975 0.43166666666666664 0.3025 0.4266666666666667 0.35125 0.425
2 0.4175 0.5966666666666667 0.42125 0.5983333333333334 0.42375 0.6033333333333334 0.42625 0.7566666666666667 0.4125 0.7616666666666667 0.3625 0.765 0.30875 0.765 0.305 0.7616666666666667 0.3025 0.7366666666666667 0.3025 0.6716666666666666 0.3 0.6566666666666666 0.30125 0.605 0.305 0.6 0.32125 0.6016666666666667 0.41625 0.5966666666666667
2 0.5375 0.5916666666666667 0.5525 0.5916666666666667 0.555 0.5966666666666667 0.55875 0.6966666666666667 0.55875 0.75 0.555 0.755 0.5425 0.7566666666666667 0.48125 0.76 0.445 0.76 0.4375 0.755 0.435 0.7366666666666667 0.43375 0.695 0.43375 0.6 0.43875 0.5966666666666667 0.47375 0.5933333333333334 0.485 0.595 0.53625 0.5916666666666667
2 0.6425 0.5866666666666667 0.68625 0.5883333333333334 0.69125 0.6633333333333333 0.69 0.685 0.6925 0.7066666666666667 0.6925 0.75 0.6825 0.7533333333333333 0.62625 0.755 0.57 0.7533333333333333 0.5675 0.74 0.56875 0.7266666666666667 0.56625 0.6966666666666667 0.565 0.5966666666666667 0.57 0.5916666666666667 0.5825 0.59 0.61375 0.59 0.64125 0.5866666666666667
4 0.74375 0.285 0.7525 0.28833333333333333 0.75875 0.2966666666666667 0.765 0.315 0.765 0.3283333333333333 0.755 0.34833333333333333 0.7375 0.355 0.72375 0.35 0.71625 0.34 0.7125 0.33 0.71125 0.31666666666666665 0.7125 0.30833333333333335 0.72 0.29333333333333333 0.72875 0.2866666666666667 0.7425 0.285
4 0.63625 0.2683333333333333 0.645 0.2783333333333333 0.65 0.29 0.65 0.31 0.64625 0.32 0.63875 0.33 0.6275 0.335 0.615 0.33166666666666667 0.6075 0.325 0.59875 0.30833333333333335 0.59875 0.29333333333333333 0.6025 0.28 0.61 0.27 0.62125 0.265 0.63 0.265 0.635 0.2683333333333333
4 0.74125 0.12 0.75125 0.12833333333333333 0.75875 0.145 0.75875 0.16 0.755 0.17166666666666666 0.74875 0.18166666666666667 0.74125 0.18666666666666668 0.7275 0.18666666666666668 0.715 0.18 0.70875 0.17166666666666666 0.705 0.155 0.7075 0.13666666666666666 0.715 0.125 0.72375 0.12 0.74 0.12
4 0.75875 0.45666666666666667 0.7675 0.47333333333333333 0.76875 0.49166666666666664 0.765 0.5033333333333333 0.75625 0.515 0.745 0.52 0.73 0.5166666666666667 0.72 0.505 0.71625 0.49333333333333335 0.7175 0.4716666666666667 0.72 0.4633333333333333 0.7325 0.45166666666666666 0.75125 0.45166666666666666 0.7575 0.45666666666666667
3 0.61875 0.7633333333333333 0.5975 0.7616666666666667 0.55 0.7666666666666667 0.53875 0.765 0.5075 0.7683333333333333 0.48875 0.7666666666666667 0.34125 0.7733333333333333 0.29875 0.7716666666666666 0.295 0.6716666666666666 0.29875 0.6666666666666666 0.3 0.66 0.295 0.6466666666666666 0.295 0.585 0.2925 0.53 0.29375 0.5083333333333333 0.28875 0.365 0.29 0.33166666666666667 0.2875 0.2966666666666667 0.28875 0.24833333333333332 0.31 0.245 0.35625 0.245 0.3825 0.24166666666666667 0.47 0.24 0.495 0.23666666666666666 0.5475 0.23666666666666666 0.6025 0.23166666666666666 0.6825 0.23 0.68625 0.30666666666666664 0.685 0.33166666666666667 0.6875 0.345 0.69 0.45666666666666667 0.6925 0.49 0.69125 0.5283333333333333 0.695 0.5583333333333333 0.69375 0.605 0.69625 0.6283333333333333 0.69875 0.7516666666666667 0.69625 0.7583333333333333 0.69125 0.76 0.62 0.7616666666666667