0 0.265 0.27 0.2725 0.2783333333333333 0.27625 0.28833333333333333 0.27625 0.3016666666666667 0.27375 0.31 0.2675 0.31833333333333336 0.2575 0.3233333333333333 0.2475 0.32166666666666666 0.2375 0.31166666666666665 0.23375 0.3016666666666667 0.23375 0.2866666666666667 0.23875 0.275 0.24625 0.2683333333333333 0.25625 0.26666666666666666 0.26375 0.27
0 0.36125 0.405 0.3675 0.4083333333333333 0.3775 0.425 0.3775 0.44166666666666665 0.375 0.4483333333333333 0.36875 0.45666666666666667 0.3625 0.46 0.35125 0.46 0.34375 0.455 0.33875 0.445 0.33625 0.43333333333333335 0.3375 0.42 0.34375 0.41 0.35125 0.405 0.36 0.405
0 0.275 0.4066666666666667 0.28 0.4166666666666667 0.28125 0.43666666666666665 0.28 0.445 0.2675 0.45666666666666667 0.25625 0.45666666666666667 0.245 0.45166666666666666 0.23875 0.43833333333333335 0.23875 0.4216666666666667 0.2425 0.41 0.25125 0.40166666666666667 0.2675 0.40166666666666667 0.27375 0.4066666666666667
0 0.2725 0.5366666666666666 0.2825 0.5466666666666666 0.28625 0.5566666666666666 0.28625 0.5733333333333334 0.28 0.585 0.265 0.5916666666666667 0.2525 0.5883333333333334 0.245 0.5816666666666667 0.2425 0.575 0.2425 0.5566666666666666 0.245 0.5483333333333333 0.25125 0.54 0.25875 0.535 0.27125 0.5366666666666666
0 0.25125 0.13166666666666665 0.26625 0.13666666666666666 0.27375 0.15 0.275 0.165 0.26875 0.18166666666666667 0.26125 0.18666666666666668 0.24625 0.18666666666666668 0.23875 0.18166666666666667 0.2325 0.17166666666666666 0.2325 0.14666666666666667 0.24375 0.13333333333333333 0.25 0.13333333333333333
1 0.66125 0.12833333333333333 0.6675 0.13166666666666665 0.675 0.145 0.675 0.165 0.6675 0.18166666666666667 0.67 0.185 0.67 0.2633333333333333 0.675 0.27166666666666667 0.6775 0.285 0.6775 0.3 0.6725 0.31 0.67375 0.32 0.67125 0.39666666666666667 0.68 0.415 0.67875 0.43166666666666664 0.67125 0.445 0.675 0.45 0.67625 0.49 0.67625 0.7016666666666667 0.66875 0.705 0.30625 0.7166666666666667 0.25375 0.7166666666666667 0.25125 0.715 0.25 0.71 0.2475 0.595 0.2425 0.5716666666666667 0.2425 0.5583333333333333 0.24625 0.545 0.245 0.4533333333333333 0.24125 0.445 0.23875 0.42833333333333334 0.2425 0.41 0.24125 0.32 0.235 0.305 0.23375 0.29333333333333333 0.235 0.285 0.24 0.2733333333333333 0.23625 0.185 0.2375 0.18166666666666667 0.2325 0.16666666666666666 0.23375 0.14666666666666667 0.2425 0.13666666666666666 0.25125 0.13333333333333333 0.265 0.13666666666666666 0.2725 0.145 0.35125 0.145 0.40625 0.14166666666666666 0.43875 0.14333333333333334 0.54625 0.14 0.57 0.14166666666666666 0.63125 0.13833333333333334 0.63625 0.14 0.6475 0.13 0.66 0.12833333333333333
2 0.57125 0.215 0.5825 0.21833333333333332 0.60875 0.21833333333333332 0.61125 0.22166666666666668 0.61375 0.25333333333333335 0.61375 0.2916666666666667 0.61625 0.2966666666666667 0.6125 0.34833333333333333 0.575 0.3516666666666667 0.5175 0.3516666666666667 0.515 0.34833333333333333 0.51375 0.3383333333333333 0.515 0.22333333333333333 0.51875 0.22 0.55375 0.22 0.57 0.215
2 0.46375 0.5708333333333333 0.1025 0.135
2 0.30875 0.22 0.34125 0.22333333333333333 0.39875 0.22333333333333333 0.40125 0.28 0.40125 0.35 0.39875 0.35333333333333333 0.385 0.355 0.32625 0.3566666666666667 0.305 0.3566666666666667 0.3025 0.355 0.30125 0.35 0.2975 0.29333333333333333 0.2975 0.22666666666666666 0.3 0.22166666666666668 0.3075 0.22
2 0.60125 0.36 0.61125 0.3616666666666667 0.61375 0.365 0.615 0.40166666666666667 0.6175 0.41833333333333333 0.61625 0.48833333333333334 0.6025 0.49166666666666664 0.52 0.49166666666666664 0.51625 0.4083333333333333 0.5175 0.365 0.52125 0.3616666666666667 0.52875 0.36333333333333334 0.6 0.36
2 0.39625 0.36333333333333334 0.40125 0.365 0.4025 0.375 0.4025 0.415 0.405 0.44166666666666665 0.40375 0.49333333333333335 0.39625 0.49666666666666665 0.34375 0.49833333333333335 0.30625 0.49833333333333335 0.305 0.495 0.30125 0.43333333333333335 0.3025 0.36666666666666664 0.345 0.36333333333333334 0.395 0.36333333333333334
2 0.415 0.22166666666666668 0.4175 0.22333333333333333 0.46875 0.22 0.50125 0.22166666666666668 0.505 0.225 0.50875 0.34833333333333333 0.505 0.3516666666666667 0.41 0.3516666666666667 0.40625 0.22833333333333333 0.40875 0.22333333333333333 0.41375 0.22333333333333333
2 0.4025 0.5066666666666667 0.405 0.5133333333333333 0.40625 0.5416666666666666 0.4075 0.6316666666666667 0.4025 0.6366666666666667 0.35625 0.64 0.30875 0.6383333333333333 0.30875 0.62 0.30625 0.6083333333333333 0.30625 0.5116666666666667 0.31 0.5083333333333333 0.33625 0.5066666666666667 0.40125 0.5066666666666667
2 0.615 0.5016666666666667 0.6175 0.5133333333333333 0.61875 0.5416666666666666 0.6175 0.5483333333333333 0.62 0.6266666666666667 0.615 0.6316666666666667 0.58875 0.6333333333333333 0.525 0.6333333333333333 0.5225 0.63 0.51875 0.5383333333333333 0.52 0.5066666666666667 0.5225 0.5033333333333333 0.535 0.5016666666666667 0.61375 0.5016666666666667
2 0.4775 0.3616666666666667 0.505 0.3616666666666667 0.50875 0.365 0.51125 0.4866666666666667 0.50875 0.49166666666666664 0.5025 0.49333333333333335 0.48375 0.49166666666666664 0.4525 0.495 0.4175 0.495 0.41375 0.49166666666666664 0.41 0.43166666666666664 0.41 0.36833333333333335 0.4125 0.365 0.44625 0.365 0.47625 0.3616666666666667
3 0.29375 0.215 0.61625 0.21166666666666667 0.62 0.285 0.61625 0.29 0.61625 0.3016666666666667 0.61875 0.305 0.62 0.32 0.62 0.42333333333333334 0.6225 0.44 0.62125 0.49333333333333335 0.625 0.5733333333333334 0.625 0.6266666666666667 0.62125 0.6366666666666667 0.5675 0.64 0.51875 0.6383333333333333 0.49 0.6416666666666667 0.34875 0.6466666666666666 0.305 0.645 0.3025 0.635 0.30125 0.605 0.30125 0.5333333333333333 0.2975 0.4583333333333333 0.2975 0.435 0.3 0.42833333333333334 0.2975 0.41833333333333333 0.29625 0.3516666666666667 0.29375 0.32166666666666666 0.29375 0.21666666666666667
4 0.66375 0.26166666666666666 0.675 0.27 0.67875 0.2816666666666667 0.67875 0.29833333333333334 0.67125 0.31166666666666665 0.66125 0.31666666666666665 0.65125 0.31666666666666665 0.6425 0.30833333333333335 0.63875 0.29833333333333334 0.63875 0.2783333333333333 0.65 0.2633333333333333 0.6625 0.26166666666666666
4 0.57375 0.24333333333333335 0.58625 0.255 0.59 0.26666666666666666 0.59 0.2783333333333333 0.5875 0.2866666666666667 0.5825 0.29333333333333333 0.57125 0.3 0.56 0.2966666666666667 0.5525 0.28833333333333333 0.54875 0.27666666666666667 0.54875 0.2633333333333333 0.55625 0.24833333333333332 0.56625 0.24333333333333335 0.5725 0.24333333333333335
4 0.64 0.175 0.635 0.16166666666666665 0.635 0.14666666666666667 0.6425 0.13166666666666665 0.65125 0.12666666666666668 0.66625 0.12833333333333333 0.6725 0.13666666666666666 0.6775 0.15 0.675 0.17 0.67 0.17833333333333334 0.66125 0.18333333333333332 0.64875 0.18166666666666667 0.64125 0.175
4 0.6725 0.3983333333333333 0.68 0.4116666666666667 0.68125 0.425 0.67875 0.435 0.67125 0.445 0.665 0.4483333333333333 0.655 0.4483333333333333 0.64625 0.44333333333333336 0.64125 0.43333333333333335 0.64 0.4166666666666667 0.64375 0.4033333333333333 0.64875 0.39666666666666667 0.66625 0.395 0.67125 0.3983333333333333