0 0.265 0.27 0.2725 0.2783333333333333 0.27625 0.28833333333333333 0.27625 0.3016666666666667 0.27375 0.31 0.2675 0.31833333333333336 0.25875 0.3233333333333333 0.2475 0.32166666666666666 0.2375 0.31166666666666665 0.23375 0.3016666666666667 0.23375 0.2866666666666667 0.23875 0.275 0.24625 0.2683333333333333 0.25625 0.26666666666666666 0.26375 0.27
0 0.36125 0.405 0.3675 0.4083333333333333 0.375 0.41833333333333333 0.3775 0.425 0.3775 0.44166666666666665 0.37 0.455 0.35875 0.46166666666666667 0.35125 0.46 0.34125 0.45166666666666666 0.3375 0.44 0.33625 0.4266666666666667 0.3375 0.42 0.34375 0.41 0.35125 0.405 0.36 0.405
0 0.275 0.4066666666666667 0.28 0.4166666666666667 0.28125 0.435 0.27875 0.44666666666666666 0.2675 0.45666666666666667 0.25625 0.45666666666666667 0.245 0.45166666666666666 0.23875 0.43833333333333335 0.23875 0.4216666666666667 0.2425 0.41 0.25125 0.40166666666666667 0.2675 0.40166666666666667 0.27375 0.4066666666666667
0 0.2725 0.5366666666666666 0.2825 0.5466666666666666 0.28625 0.5566666666666666 0.28625 0.5733333333333334 0.28 0.585 0.265 0.5916666666666667 0.2525 0.5883333333333334 0.245 0.5816666666666667 0.2425 0.5733333333333334 0.2425 0.5566666666666666 0.245 0.5483333333333333 0.25125 0.54 0.25875 0.535 0.27125 0.5366666666666666
0 0.26 0.13333333333333333 0.26625 0.13666666666666666 0.275 0.15333333333333332 0.275 0.16666666666666666 0.2725 0.175 0.2675 0.18333333333333332 0.2625 0.18666666666666668 0.2425 0.185 0.2375 0.18 0.23125 0.165 0.2325 0.14833333333333334 0.24 0.13666666666666666 0.245 0.13333333333333333 0.25875 0.13333333333333333
1 0.6675 0.13166666666666665 0.67375 0.14166666666666666 0.67625 0.15333333333333332 0.6725 0.17333333333333334 0.6675 0.18166666666666667 0.67 0.185 0.67 0.26166666666666666 0.675 0.27166666666666667 0.6775 0.285 0.6775 0.3 0.6725 0.31 0.67375 0.335 0.67125 0.39666666666666667 0.68 0.415 0.67875 0.43166666666666664 0.67125 0.445 0.675 0.45 0.67625 0.47 0.67625 0.7016666666666667 0.67 0.705 0.30625 0.7166666666666667 0.25375 0.7166666666666667 0.25125 0.715 0.25 0.71 0.2475 0.5966666666666667 0.24625 0.5833333333333334 0.2425 0.5716666666666667 0.2425 0.5566666666666666 0.24625 0.5433333333333333 0.245 0.4533333333333333 0.24125 0.445 0.23875 0.42833333333333334 0.2425 0.41 0.2425 0.36833333333333335 0.24125 0.32 0.235 0.305 0.235 0.285 0.24 0.2733333333333333 0.24 0.2633333333333333 0.2375 0.22333333333333333 0.2375 0.18166666666666667 0.2325 0.16666666666666666 0.23375 0.14666666666666667 0.2425 0.13666666666666666 0.25125 0.13333333333333333 0.265 0.13666666666666666 0.2725 0.145 0.32 0.145 0.39375 0.14166666666666666 0.42625 0.14333333333333334 0.545 0.14 0.565 0.14166666666666666 0.63125 0.13833333333333334 0.63625 0.14 0.65 0.12833333333333333 0.66125 0.12833333333333333 0.66625 0.13166666666666665
2 0.57125 0.215 0.58375 0.21833333333333332 0.60875 0.21833333333333332 0.61125 0.22166666666666668 0.61375 0.28 0.6175 0.30333333333333334 0.61375 0.31666666666666665 0.6125 0.34833333333333333 0.575 0.3516666666666667 0.5175 0.3516666666666667 0.515 0.34833333333333333 0.51375 0.32666666666666666 0.515 0.2866666666666667 0.5125 0.265 0.515 0.22333333333333333 0.51875 0.22 0.55625 0.22 0.57 0.215
2 0.3325 0.22166666666666668 0.39875 0.22333333333333333 0.40125 0.28 0.40125 0.35 0.3975 0.35333333333333333 0.385 0.355 0.3275 0.3566666666666667 0.305 0.3566666666666667 0.3025 0.355 0.30125 0.35 0.2975 0.29333333333333333 0.2975 0.22666666666666666 0.30125 0.22 0.33125 0.22166666666666668
2 0.52625 0.3616666666666667 0.52875 0.36333333333333334 0.6025 0.36 0.61125 0.3616666666666667 0.61375 0.365 0.6175 0.41833333333333333 0.61625 0.48833333333333334 0.60375 0.49166666666666664 0.51875 0.49 0.51625 0.37166666666666665 0.5175 0.36333333333333334 0.525 0.3616666666666667
2 0.33625 0.36333333333333334 0.4 0.36333333333333334 0.4025 0.375 0.4025 0.4116666666666667 0.405 0.44 0.40375 0.49333333333333335 0.3925 0.49666666666666665 0.34375 0.49833333333333335 0.30625 0.49833333333333335 0.30375 0.49166666666666664 0.3025 0.47333333333333333 0.3025 0.36666666666666664 0.335 0.36333333333333334
2 0.47 0.22 0.50125 0.22166666666666668 0.505 0.225 0.50875 0.34833333333333333 0.505 0.3516666666666667 0.44875 0.35333333333333333 0.41 0.3516666666666667 0.40875 0.305 0.40625 0.2833333333333333 0.40625 0.22666666666666666 0.40875 0.22333333333333333 0.41875 0.22166666666666668 0.46875 0.22
2 0.4025 0.5066666666666667 0.405 0.5133333333333333 0.4075 0.57 0.4075 0.6333333333333333 0.40375 0.6366666666666667 0.355 0.64 0.30875 0.6383333333333333 0.305 0.5633333333333334 0.30625 0.5116666666666667 0.31 0.5083333333333333 0.33625 0.5066666666666667 0.40125 0.5066666666666667
2 0.51125 0.505 0.51375 0.58 0.51375 0.6266666666666667 0.51125 0.635 0.4525 0.6366666666666667 0.41875 0.6366666666666667 0.41625 0.6333333333333333 0.4125 0.525 0.41375 0.5083333333333333 0.42125 0.505 0.445 0.5033333333333333 0.51 0.505
2 0.57 0.5683333333333334 0.1025 0.13333333333333333
2 0.41 0.43833333333333335 0.41 0.36833333333333335 0.4125 0.365 0.44625 0.365 0.47 0.3616666666666667 0.5075 0.36333333333333334 0.51 0.38166666666666665 0.51125 0.42833333333333334 0.51125 0.48333333333333334 0.50875 0.49166666666666664 0.415 0.49333333333333335 0.4125 0.4866666666666667 0.41125 0.44
4 0.66375 0.26166666666666666 0.675 0.27 0.67875 0.2833333333333333 0.67875 0.29833333333333334 0.67125 0.31166666666666665 0.66125 0.31666666666666665 0.65125 0.31666666666666665 0.6425 0.30833333333333335 0.63875 0.2966666666666667 0.63875 0.2783333333333333 0.64625 0.26666666666666666 0.65625 0.26166666666666666 0.6625 0.26166666666666666
4 0.57375 0.24333333333333335 0.58625 0.255 0.59 0.26666666666666666 0.59 0.2783333333333333 0.5875 0.2866666666666667 0.5825 0.29333333333333333 0.5725 0.3 0.5675 0.3 0.55625 0.29333333333333333 0.5525 0.28833333333333333 0.54875 0.27666666666666667 0.54875 0.2633333333333333 0.55375 0.25166666666666665 0.56125 0.245 0.5725 0.24333333333333335
4 0.66125 0.12666666666666668 0.6675 0.13 0.6725 0.13666666666666666 0.6775 0.15333333333333332 0.6725 0.175 0.66 0.18333333333333332 0.65375 0.18333333333333332 0.64375 0.17833333333333334 0.64 0.175 0.635 0.16166666666666665 0.635 0.14666666666666667 0.63875 0.13666666666666666 0.6475 0.12833333333333333 0.66 0.12666666666666668
4 0.6725 0.3983333333333333 0.68 0.4116666666666667 0.68125 0.42333333333333334 0.67875 0.435 0.67125 0.445 0.665 0.4483333333333333 0.655 0.4483333333333333 0.64625 0.44333333333333336 0.64125 0.43333333333333335 0.64 0.4166666666666667 0.64375 0.4033333333333333 0.64875 0.39666666666666667 0.66625 0.395 0.67125 0.3983333333333333
3 0.53 0.21166666666666667 0.61625 0.21166666666666667 0.6175 0.215 0.62125 0.37166666666666665 0.62 0.42333333333333334 0.6225 0.44 0.6225 0.5433333333333333 0.625 0.5733333333333334 0.62375 0.6333333333333333 0.62125 0.6366666666666667 0.60625 0.6383333333333333 0.51875 0.6383333333333333 0.4 0.645 0.30375 0.645 0.30125 0.6083333333333333 0.30125 0.5333333333333333 0.29875 0.49666666666666665 0.3 0.49166666666666664 0.29625 0.435 0.3 0.43166666666666664 0.3 0.42833333333333334 0.2975 0.42 0.29625 0.395 0.2925 0.21833333333333332 0.295 0.215 0.52875 0.21166666666666667