0 0.24625 0.37833333333333335 0.255 0.39 0.25625 0.4 0.2525 0.4116666666666667 0.24875 0.4166666666666667 0.24 0.4216666666666667 0.235 0.4216666666666667 0.2225 0.4116666666666667 0.22 0.4033333333333333 0.22 0.39166666666666666 0.22125 0.38666666666666666 0.23 0.37666666666666665 0.24 0.375 0.245 0.37833333333333335
0 0.245 0.275 0.25 0.285 0.25125 0.29833333333333334 0.2425 0.31166666666666665 0.23625 0.315 0.22875 0.315 0.22 0.30833333333333335 0.21625 0.29833333333333334 0.21625 0.2816666666666667 0.22 0.275 0.22625 0.27 0.2375 0.27 0.24375 0.275
0 0.2525 0.48333333333333334 0.26 0.49 0.2625 0.51 0.26 0.52 0.25625 0.525 0.25125 0.5266666666666666 0.2425 0.5266666666666666 0.2325 0.5216666666666666 0.22625 0.5083333333333333 0.2275 0.495 0.2325 0.4866666666666667 0.24125 0.4816666666666667 0.25125 0.48333333333333334
0 0.25625 0.59 0.26 0.5916666666666667 0.2675 0.6016666666666667 0.26875 0.6216666666666667 0.26375 0.6316666666666667 0.255 0.6366666666666667 0.24125 0.6333333333333333 0.23625 0.6266666666666667 0.23375 0.6183333333333333 0.2375 0.5983333333333334 0.24375 0.5916666666666667 0.255 0.59
0 0.3275 0.48 0.33375 0.48333333333333334 0.34 0.49666666666666665 0.3375 0.5166666666666667 0.32875 0.5233333333333333 0.31625 0.5216666666666666 0.30875 0.5133333333333333 0.30625 0.505 0.3075 0.49333333333333335 0.31375 0.4816666666666667 0.32625 0.48
1 0.55625 0.245 0.5675 0.25833333333333336 0.56875 0.2633333333333333 0.5675 0.2833333333333333 0.57 0.295 0.5725 0.3516666666666667 0.57625 0.3616666666666667 0.575 0.39666666666666667 0.57875 0.4266666666666667 0.5775 0.45666666666666667 0.5825 0.4683333333333333 0.58125 0.49 0.58625 0.5366666666666666 0.58625 0.565 0.58875 0.5766666666666667 0.59125 0.645 0.595 0.6716666666666666 0.595 0.705 0.59125 0.7083333333333334 0.575 0.7116666666666667 0.525 0.715 0.4525 0.725 0.39875 0.7283333333333334 0.34375 0.7366666666666667 0.30875 0.7383333333333333 0.25875 0.745 0.2475 0.745 0.24375 0.74 0.23875 0.6316666666666667 0.235 0.6233333333333333 0.23375 0.6116666666666667 0.23625 0.59 0.2325 0.55 0.2325 0.5233333333333333 0.2275 0.5116666666666667 0.2275 0.49666666666666665 0.23 0.49 0.2275 0.4166666666666667 0.22125 0.4033333333333333 0.22375 0.37 0.22125 0.35333333333333333 0.22125 0.315 0.21625 0.29 0.21875 0.28 0.2275 0.27166666666666667 0.2375 0.27166666666666667 0.24625 0.27666666666666667 0.33125 0.2733333333333333 0.34125 0.27 0.5375 0.255 0.54375 0.24666666666666667 0.555 0.245
2 0.5225 0.31833333333333336 0.525 0.325 0.52625 0.355 0.52875 0.36333333333333334 0.52875 0.42 0.505 0.425 0.4775 0.425 0.46375 0.42833333333333334 0.4525 0.4266666666666667 0.45 0.4216666666666667 0.445 0.32666666666666666 0.45625 0.32166666666666666 0.4975 0.32 0.51375 0.31666666666666665 0.52125 0.31833333333333336
2 0.43625 0.43833333333333335 0.4425 0.44 0.445 0.44333333333333336 0.45125 0.5416666666666666 0.3925 0.55 0.3725 0.55 0.36875 0.5166666666666667 0.36875 0.49 0.36625 0.4766666666666667 0.36625 0.44666666666666666 0.435 0.43833333333333335
2 0.365 0.435 0.35875 0.335 0.365 0.33 0.41875 0.325 0.435 0.325 0.43875 0.3333333333333333 0.44375 0.41 0.4425 0.42833333333333334 0.405 0.43166666666666664 0.39375 0.435 0.36625 0.435
2 0.51875 0.43 0.52875 0.43166666666666664 0.53125 0.43833333333333335 0.535 0.4866666666666667 0.5375 0.49666666666666665 0.5375 0.5316666666666666 0.5325 0.5366666666666666 0.46875 0.5416666666666666 0.45875 0.5416666666666666 0.4575 0.5383333333333333 0.455 0.475 0.4525 0.4666666666666667 0.4525 0.44166666666666665 0.46 0.43666666666666665 0.5175 0.43166666666666664
2 0.3475 0.3333333333333333 0.35125 0.33666666666666667 0.3525 0.3416666666666667 0.3575 0.435 0.35125 0.43833333333333335 0.28625 0.445 0.27875 0.445 0.27625 0.44166666666666665 0.2775 0.43833333333333335 0.275 0.4266666666666667 0.275 0.41333333333333333 0.2725 0.405 0.27125 0.34 0.275 0.33666666666666667 0.34625 0.3333333333333333
2 0.355 0.445 0.35875 0.4483333333333333 0.35875 0.4666666666666667 0.3625 0.4866666666666667 0.36375 0.5483333333333333 0.36125 0.5516666666666666 0.35375 0.5533333333333333 0.295 0.56 0.28625 0.56 0.2825 0.555 0.28125 0.5066666666666667 0.27875 0.49 0.27875 0.455 0.28375 0.45166666666666666 0.30375 0.45166666666666666 0.35375 0.445
2 0.36375 0.5616666666666666 0.36625 0.5666666666666667 0.3675 0.6116666666666667 0.3725 0.665 0.3675 0.67 0.3275 0.6733333333333333 0.315 0.6766666666666666 0.29125 0.6766666666666666 0.28875 0.6716666666666666 0.2875 0.63 0.285 0.6133333333333333 0.285 0.57 0.3575 0.56 0.3625 0.5616666666666666
2 0.53875 0.5466666666666666 0.54125 0.595 0.54375 0.61 0.5425 0.6516666666666666 0.4925 0.6566666666666666 0.4675 0.6566666666666666 0.465 0.6533333333333333 0.45875 0.5633333333333334 0.46 0.5533333333333333 0.47 0.55 0.5175 0.545 0.5375 0.5466666666666666
2 0.45125 0.5533333333333333 0.45625 0.595 0.45625 0.6233333333333333 0.45875 0.6466666666666666 0.4575 0.6566666666666666 0.4475 0.6616666666666666 0.40125 0.6666666666666666 0.3775 0.665 0.3725 0.5616666666666666 0.3975 0.5566666666666666 0.45 0.5533333333333333
4 0.49125 0.3383333333333333 0.5025 0.34833333333333333 0.505 0.36 0.5025 0.37333333333333335 0.4975 0.38 0.49125 0.38333333333333336 0.47875 0.38 0.475 0.375 0.47125 0.36333333333333334 0.475 0.3466666666666667 0.48125 0.34 0.49 0.3383333333333333
4 0.56 0.245 0.56875 0.25666666666666665 0.57 0.27 0.5675 0.2783333333333333 0.55875 0.2866666666666667 0.54875 0.2866666666666667 0.54125 0.2816666666666667 0.53625 0.27166666666666667 0.53625 0.25833333333333336 0.54125 0.24666666666666667 0.54625 0.24333333333333335 0.55875 0.245
4 0.5775 0.45666666666666667 0.5825 0.465 0.58375 0.47833333333333333 0.58125 0.48833333333333334 0.57125 0.49666666666666665 0.56125 0.49666666666666665 0.5525 0.4866666666666667 0.55 0.47833333333333333 0.55 0.4666666666666667 0.555 0.4583333333333333 0.5625 0.4533333333333333 0.57125 0.4533333333333333 0.57625 0.45666666666666667
4 0.56375 0.34833333333333333 0.5725 0.35333333333333333 0.5775 0.36333333333333334 0.57625 0.38333333333333336 0.565 0.39166666666666666 0.55125 0.39 0.545 0.38166666666666665 0.54375 0.37666666666666665 0.54375 0.365 0.5475 0.355 0.5525 0.35 0.5625 0.34833333333333333
3 0.52375 0.31166666666666665 0.52875 0.31666666666666665 0.53 0.3416666666666667 0.5325 0.3516666666666667 0.53 0.35833333333333334 0.53 0.37 0.5325 0.37666666666666665 0.53625 0.41 0.53625 0.44 0.53875 0.4583333333333333 0.5375 0.4633333333333333 0.54 0.47 0.53875 0.48333333333333334 0.54125 0.49833333333333335 0.5425 0.54 0.55 0.6316666666666667 0.54875 0.6516666666666666 0.54625 0.655 0.5175 0.66 0.475 0.6616666666666666 0.43875 0.6683333333333333 0.35 0.675 0.3425 0.6783333333333333 0.3175 0.6783333333333333 0.30125 0.6816666666666666 0.2875 0.6816666666666666 0.285 0.6733333333333333 0.285 0.6466666666666666 0.28125 0.6266666666666667 0.2825 0.6066666666666667 0.275 0.505 0.275 0.4766666666666667 0.2725 0.455 0.27375 0.4533333333333333 0.27 0.43 0.27 0.4066666666666667 0.2725 0.4033333333333333 0.2675 0.37666666666666665 0.26625 0.335 0.26875 0.33166666666666667 0.34375 0.3283333333333333 0.3725 0.3233333333333333 0.435 0.32 0.445 0.31666666666666665 0.4775 0.31333333333333335 0.5225 0.31166666666666665