0 0.315 0.6066666666666667 0.325 0.615 0.32875 0.6216666666666667 0.33125 0.64 0.32625 0.6566666666666666 0.3125 0.6683333333333333 0.29875 0.6683333333333333 0.28875 0.6633333333333333 0.2825 0.6516666666666666 0.28 0.6366666666666667 0.2825 0.6216666666666667 0.29 0.61 0.3025 0.6033333333333334 0.30875 0.6033333333333334 0.31375 0.6066666666666667
0 0.4175 0.4483333333333333 0.42875 0.4583333333333333 0.4325 0.4683333333333333 0.43375 0.48 0.4325 0.49 0.4275 0.5016666666666667 0.4125 0.5133333333333333 0.4025 0.5116666666666667 0.39 0.5 0.38625 0.48833333333333334 0.38625 0.47 0.3925 0.45666666666666667 0.3975 0.45166666666666666 0.4025 0.4483333333333333 0.41625 0.4483333333333333
0 0.3 0.14333333333333334 0.31 0.15833333333333333 0.31125 0.16833333333333333 0.30875 0.17166666666666666 0.30375 0.19333333333333333 0.29875 0.2 0.2925 0.20166666666666666 0.275 0.2 0.27125 0.19666666666666666 0.2625 0.17833333333333334 0.26125 0.16166666666666665 0.2675 0.14666666666666667 0.275 0.14 0.28625 0.13666666666666666 0.29625 0.14 0.29875 0.14333333333333334
0 0.3175 0.455 0.32375 0.4766666666666667 0.3225 0.49333333333333335 0.3125 0.5083333333333333 0.30875 0.5116666666666667 0.3 0.5133333333333333 0.29 0.5116666666666667 0.28 0.5033333333333333 0.27375 0.48833333333333334 0.275 0.4666666666666667 0.2825 0.4533333333333333 0.29 0.4483333333333333 0.30625 0.4483333333333333 0.31625 0.455
0 0.30125 0.2966666666666667 0.3125 0.31 0.31375 0.3383333333333333 0.305 0.35333333333333333 0.2925 0.36 0.28 0.3566666666666667 0.27125 0.34833333333333333 0.26625 0.3333333333333333 0.26625 0.31666666666666665 0.2725 0.3016666666666667 0.28125 0.295 0.295 0.29333333333333333 0.3 0.2966666666666667
1 0.7625 0.10166666666666667 0.77375 0.10833333333333334 0.78375 0.125 0.7825 0.145 0.7725 0.16666666666666666 0.77625 0.17666666666666667 0.77875 0.25333333333333335 0.77625 0.26166666666666666 0.78625 0.2733333333333333 0.79125 0.28833333333333333 0.79 0.305 0.78 0.325 0.78 0.3466666666666667 0.7825 0.375 0.78125 0.42 0.78875 0.42833333333333334 0.79625 0.44666666666666666 0.79625 0.4583333333333333 0.79 0.47333333333333333 0.785 0.48 0.7875 0.49833333333333335 0.78875 0.5783333333333334 0.79125 0.6016666666666667 0.79125 0.6416666666666667 0.79625 0.7333333333333333 0.79625 0.7883333333333333 0.78875 0.7916666666666666 0.77125 0.7933333333333333 0.68125 0.795 0.6625 0.7983333333333333 0.5475 0.8016666666666666 0.3075 0.815 0.29875 0.8133333333333334 0.29625 0.8066666666666666 0.2925 0.7316666666666667 0.2925 0.6916666666666667 0.28875 0.6633333333333333 0.285 0.6583333333333333 0.28125 0.6433333333333333 0.28125 0.6266666666666667 0.28875 0.6116666666666667 0.2875 0.5583333333333333 0.28375 0.5083333333333333 0.2775 0.5 0.27375 0.4866666666666667 0.27375 0.4716666666666667 0.27625 0.46166666666666667 0.28 0.4583333333333333 0.2825 0.45166666666666666 0.2825 0.44 0.28 0.4083333333333333 0.28 0.36666666666666664 0.27875 0.35833333333333334 0.2675 0.335 0.2675 0.31666666666666665 0.275 0.29833333333333334 0.27625 0.2833333333333333 0.27375 0.25333333333333335 0.275 0.205 0.265 0.185 0.2625 0.17 0.2625 0.16333333333333333 0.26625 0.15166666666666667 0.2725 0.14333333333333334 0.27875 0.14 0.29625 0.14166666666666666 0.31 0.15666666666666668 0.31625 0.15333333333333332 0.33 0.15166666666666667 0.435 0.14666666666666667 0.47 0.14166666666666666 0.5425 0.13833333333333334 0.55875 0.135 0.58375 0.135 0.7 0.12333333333333334 0.73375 0.12333333333333334 0.74375 0.10833333333333334 0.76125 0.10166666666666667
2 0.4725 0.38333333333333336 0.47 0.37166666666666665 0.46625 0.295 0.46625 0.23833333333333334 0.46875 0.235 0.48125 0.23166666666666666 0.51125 0.23166666666666666 0.55375 0.22666666666666666 0.5775 0.22666666666666666 0.58 0.23166666666666666 0.58375 0.31 0.5825 0.31833333333333336 0.585 0.335 0.585 0.37333333333333335 0.58125 0.37833333333333335 0.5675 0.38 0.49625 0.385 0.47375 0.38333333333333336
2 0.58125 0.39 0.58625 0.395 0.5875 0.405 0.5925 0.5166666666666667 0.59125 0.5416666666666666 0.57875 0.545 0.54125 0.545 0.49 0.55 0.48 0.5483333333333333 0.4775 0.545 0.47625 0.5366666666666666 0.47375 0.48833333333333334 0.475 0.47333333333333333 0.4725 0.4533333333333333 0.47375 0.40166666666666667 0.48 0.3983333333333333 0.49375 0.3983333333333333 0.50625 0.395 0.53625 0.395 0.545 0.39166666666666666 0.58 0.39
2 0.7025 0.21666666666666667 0.70625 0.22166666666666668 0.7075 0.2683333333333333 0.71 0.2816666666666667 0.71125 0.36833333333333335 0.70125 0.37166666666666665 0.6125 0.37666666666666665 0.59875 0.37666666666666665 0.595 0.37166666666666665 0.59 0.2633333333333333 0.59125 0.22833333333333333 0.595 0.225 0.60625 0.22333333333333333 0.70125 0.21666666666666667
2 0.4525 0.235 0.45625 0.24 0.46125 0.38166666666666665 0.45375 0.38666666666666666 0.3675 0.3933333333333333 0.35125 0.3933333333333333 0.34625 0.38 0.3475 0.36666666666666664 0.345 0.33666666666666667 0.34125 0.33166666666666667 0.345 0.3283333333333333 0.34125 0.2783333333333333 0.3425 0.245 0.34625 0.24166666666666667 0.37375 0.23833333333333334 0.45125 0.235
2 0.59625 0.435 0.59625 0.39666666666666667 0.59875 0.39 0.66125 0.385 0.71 0.385 0.7125 0.3883333333333333 0.71375 0.4 0.7125 0.4066666666666667 0.715 0.43 0.715 0.45666666666666667 0.7175 0.4683333333333333 0.7175 0.5316666666666666 0.71375 0.5366666666666666 0.6325 0.54 0.6125 0.5433333333333333 0.60375 0.5416666666666666 0.60125 0.5383333333333333 0.6 0.5216666666666666 0.5975 0.43666666666666665
2 0.46375 0.5633333333333334 0.46875 0.57 0.47 0.585 0.47 0.6266666666666667 0.47375 0.67 0.47375 0.7133333333333334 0.46375 0.7166666666666667 0.3875 0.7216666666666667 0.365 0.7216666666666667 0.36 0.715 0.36 0.695 0.3575 0.6816666666666666 0.3575 0.6466666666666666 0.355 0.625 0.355 0.5716666666666667 0.36 0.5683333333333334 0.40125 0.5683333333333334 0.42 0.565 0.4625 0.5633333333333334
2 0.355 0.5566666666666666 0.35125 0.51 0.35125 0.4633333333333333 0.34875 0.4266666666666667 0.35 0.4066666666666667 0.36375 0.4033333333333333 0.3975 0.4033333333333333 0.41125 0.4 0.46125 0.40166666666666667 0.46375 0.4216666666666667 0.46875 0.545 0.46625 0.55 0.45875 0.5516666666666666 0.35625 0.5566666666666666
2 0.49125 0.56 0.495 0.5616666666666666 0.5175 0.5583333333333333 0.5925 0.5566666666666666 0.5975 0.6416666666666667 0.59875 0.705 0.59625 0.7083333333333334 0.5875 0.71 0.48625 0.715 0.48375 0.71 0.48 0.6533333333333333 0.47875 0.5683333333333334 0.48 0.5633333333333334 0.4825 0.5616666666666666 0.49 0.5616666666666666
2 0.60875 0.7066666666666667 0.60625 0.6816666666666666 0.6025 0.56 0.605 0.5566666666666666 0.61625 0.5533333333333333 0.705 0.5483333333333333 0.71625 0.5483333333333333 0.71875 0.5516666666666666 0.725 0.7 0.72 0.705 0.65625 0.7083333333333334 0.61 0.7066666666666667
4 0.766875 0.295 0.05125 0.06666666666666667
4 0.75875 0.1 0.7725 0.105 0.77875 0.11166666666666666 0.78375 0.12166666666666667 0.785 0.13833333333333334 0.78 0.155 0.77375 0.16333333333333333 0.7675 0.16666666666666666 0.75375 0.16666666666666666 0.73875 0.15666666666666668 0.73375 0.14 0.735 0.12166666666666667 0.7425 0.10833333333333334 0.75125 0.10166666666666667 0.7575 0.10166666666666667
4 0.66125 0.245 0.67125 0.25 0.67875 0.26 0.6825 0.2816666666666667 0.68 0.29333333333333333 0.67625 0.3 0.67 0.30666666666666664 0.66 0.31166666666666665 0.65 0.31 0.6425 0.305 0.6325 0.2866666666666667 0.6325 0.2683333333333333 0.63875 0.25333333333333335 0.64625 0.24666666666666667 0.66 0.245
4 0.77375 0.41833333333333333 0.785 0.42333333333333334 0.7925 0.43333333333333335 0.79625 0.44166666666666665 0.7975 0.455 0.79375 0.4683333333333333 0.7875 0.47833333333333333 0.7725 0.485 0.765 0.485 0.75375 0.4766666666666667 0.7475 0.4666666666666667 0.745 0.45666666666666667 0.74625 0.44166666666666665 0.75 0.43 0.7625 0.42 0.7725 0.41833333333333333
3 0.335 0.23333333333333334 0.71 0.20666666666666667 0.7125 0.21 0.715 0.24833333333333332 0.72 0.42 0.72375 0.4633333333333333 0.7225 0.4816666666666667 0.725 0.5166666666666667 0.725 0.555 0.73125 0.685 0.73125 0.7083333333333334 0.7275 0.7116666666666667 0.35625 0.73 0.3525 0.695 0.35125 0.645 0.34875 0.6316666666666667 0.34875 0.5583333333333333 0.34625 0.5366666666666666 0.345 0.45666666666666667 0.3425 0.435 0.34125 0.38 0.33875 0.365 0.34 0.33166666666666667 0.3375 0.32666666666666666 0.33625 0.31 0.335 0.235