0 0.3625 0.5616666666666666 0.36625 0.565 0.36875 0.5716666666666667 0.36875 0.5866666666666667 0.36625 0.5916666666666667 0.3575 0.5983333333333334 0.35125 0.5983333333333334 0.34125 0.5916666666666667 0.34 0.57 0.34375 0.5633333333333334 0.34875 0.56 0.36125 0.5616666666666666
0 0.4225 0.4666666666666667 0.4325 0.4766666666666667 0.43375 0.49 0.43125 0.49666666666666665 0.425 0.505 0.42125 0.5066666666666667 0.41125 0.5033333333333333 0.405 0.49 0.405 0.48 0.4075 0.47333333333333333 0.415 0.4666666666666667 0.42125 0.4666666666666667
0 0.3525 0.28 0.36 0.2866666666666667 0.36375 0.3 0.36 0.315 0.3525 0.32 0.34375 0.32 0.33875 0.31666666666666665 0.33375 0.30666666666666664 0.3325 0.29833333333333334 0.335 0.28833333333333333 0.33875 0.2833333333333333 0.35125 0.28
0 0.355 0.465 0.36125 0.4683333333333333 0.3675 0.47833333333333333 0.36625 0.49333333333333335 0.355 0.505 0.3475 0.505 0.3425 0.5016666666666667 0.3375 0.49166666666666664 0.33875 0.47333333333333333 0.345 0.4666666666666667 0.35375 0.465
0 0.3525 0.37333333333333335 0.35625 0.375 0.36375 0.3883333333333333 0.36375 0.3983333333333333 0.36125 0.405 0.3525 0.41333333333333333 0.345 0.41333333333333333 0.34 0.41 0.33375 0.3983333333333333 0.335 0.38166666666666665 0.34125 0.375 0.35125 0.37333333333333335
1 0.61125 0.2783333333333333 0.6125 0.28 0.625 0.27166666666666667 0.62875 0.27166666666666667 0.63625 0.275 0.64125 0.285 0.64 0.32 0.6425 0.3416666666666667 0.6425 0.37166666666666665 0.645 0.37833333333333335 0.645 0.39166666666666666 0.6425 0.4 0.645 0.41833333333333333 0.64375 0.46 0.6475 0.47 0.64625 0.5033333333333333 0.65 0.6116666666666667 0.65 0.6816666666666666 0.63875 0.685 0.47125 0.6883333333333334 0.37375 0.6933333333333334 0.34875 0.6933333333333334 0.345 0.6916666666666667 0.3425 0.6866666666666666 0.34 0.5016666666666667 0.3375 0.49166666666666664 0.33875 0.44 0.3375 0.41 0.33375 0.39666666666666667 0.33625 0.38 0.33375 0.29333333333333333 0.33625 0.28833333333333333 0.34625 0.2816666666666667 0.35125 0.2816666666666667 0.36375 0.28833333333333333 0.61 0.2783333333333333
2 0.59875 0.3333333333333333 0.60125 0.345 0.60125 0.37 0.60375 0.37666666666666665 0.6025 0.42333333333333334 0.6 0.4266666666666667 0.57875 0.42833333333333334 0.5325 0.42833333333333334 0.53 0.3383333333333333 0.53375 0.335 0.5975 0.3333333333333333
2 0.45875 0.5416666666666666 0.4875 0.5383333333333333 0.52625 0.5383333333333333 0.52875 0.5416666666666666 0.53 0.55 0.53125 0.5883333333333334 0.53125 0.6266666666666667 0.52875 0.6316666666666667 0.505 0.635 0.46375 0.635 0.46 0.6316666666666667 0.45875 0.615 0.45875 0.5433333333333333
2 0.52625 0.43833333333333335 0.52875 0.525 0.525 0.53 0.49125 0.5316666666666666 0.4575 0.53 0.4575 0.48333333333333334 0.455 0.44166666666666665 0.46875 0.43833333333333335 0.525 0.43833333333333335
2 0.40625 0.34 0.44375 0.34 0.4475 0.345 0.45 0.375 0.45 0.43 0.4325 0.43333333333333335 0.38125 0.43333333333333335 0.37875 0.43 0.37625 0.39166666666666666 0.37625 0.3433333333333333 0.38 0.34 0.405 0.34
2 0.56125 0.435 0.565 0.43666666666666665 0.6 0.43333333333333335 0.6025 0.43666666666666665 0.60375 0.465 0.60625 0.47333333333333333 0.605 0.525 0.60125 0.5283333333333333 0.545 0.53 0.53875 0.53 0.535 0.5266666666666666 0.53125 0.44333333333333336 0.5325 0.43833333333333335 0.53625 0.43666666666666665 0.56 0.435
2 0.44375 0.54 0.4525 0.5416666666666666 0.455 0.6233333333333333 0.45375 0.6316666666666667 0.44875 0.635 0.40875 0.635 0.3875 0.6383333333333333 0.385 0.6366666666666667 0.3825 0.62 0.3825 0.545 0.38625 0.5416666666666666 0.4425 0.54
2 0.5725 0.5841666666666666 0.075 0.09833333333333333
2 0.52125 0.33666666666666667 0.52375 0.3383333333333333 0.525 0.345 0.525 0.42833333333333334 0.47875 0.43166666666666664 0.45625 0.43 0.45375 0.34833333333333333 0.455 0.3416666666666667 0.48625 0.33666666666666667 0.52 0.33666666666666667
2 0.44875 0.44 0.45125 0.445 0.45 0.4633333333333333 0.4525 0.53 0.4425 0.5333333333333333 0.4125 0.535 0.3825 0.535 0.38125 0.5033333333333333 0.37875 0.49666666666666665 0.38 0.44333333333333336 0.40625 0.44 0.4475 0.44
4 0.629375 0.29083333333333333 0.03125 0.041666666666666664
4 0.63625 0.365 0.64125 0.36833333333333335 0.645 0.375 0.64625 0.3883333333333333 0.64375 0.39666666666666667 0.6325 0.4033333333333333 0.62625 0.4033333333333333 0.62 0.3983333333333333 0.61625 0.38666666666666666 0.61625 0.37833333333333335 0.6225 0.36666666666666664 0.63 0.36333333333333334 0.635 0.365
4 0.5675 0.3516666666666667 0.57375 0.35333333333333333 0.58125 0.36333333333333334 0.5825 0.37166666666666665 0.58 0.38333333333333336 0.5725 0.39 0.56125 0.39 0.555 0.38333333333333336 0.5525 0.37666666666666665 0.5525 0.36666666666666664 0.55875 0.355 0.56625 0.35333333333333333
4 0.63625 0.45666666666666667 0.64375 0.46166666666666667 0.6475 0.47 0.64625 0.48833333333333334 0.6375 0.495 0.625 0.49333333333333335 0.62 0.485 0.62 0.465 0.62625 0.4583333333333333 0.635 0.45666666666666667
3 0.60125 0.3283333333333333 0.60375 0.33166666666666667 0.60625 0.37333333333333335 0.605 0.39 0.6075 0.48 0.61 0.5066666666666667 0.60875 0.54 0.61125 0.63 0.60875 0.6333333333333333 0.60125 0.635 0.57375 0.6366666666666667 0.48375 0.6366666666666667 0.39625 0.6416666666666667 0.385 0.6416666666666667 0.38125 0.64 0.38 0.635 0.38 0.6083333333333333 0.3775 0.585 0.37875 0.5333333333333333 0.37625 0.505 0.38 0.49833333333333335 0.38125 0.5016666666666667 0.38125 0.5216666666666666 0.38375 0.5333333333333333 0.40125 0.535 0.41875 0.5316666666666666 0.44875 0.5316666666666666 0.45125 0.5283333333333333 0.45125 0.4533333333333333 0.45 0.44333333333333336 0.4475 0.44 0.38375 0.44166666666666665 0.38125 0.445 0.3825 0.48 0.38 0.485 0.37625 0.48 0.37625 0.435 0.37375 0.42 0.37375 0.3933333333333333 0.37625 0.3883333333333333 0.37375 0.38 0.375 0.33666666666666667 0.6 0.3283333333333333