0 0.2575 0.5833333333333334 0.27 0.59 0.2775 0.6033333333333334 0.27625 0.625 0.2725 0.6316666666666667 0.2625 0.6383333333333333 0.24375 0.6366666666666667 0.24 0.6333333333333333 0.235 0.6183333333333333 0.235 0.6016666666666667 0.24 0.5916666666666667 0.24625 0.5866666666666667 0.25625 0.5833333333333334
0 0.35625 0.45 0.36125 0.455 0.36625 0.4666666666666667 0.36625 0.4816666666666667 0.3625 0.49333333333333335 0.35625 0.5016666666666667 0.3525 0.5033333333333333 0.34 0.5016666666666667 0.33 0.495 0.32625 0.48333333333333334 0.32625 0.465 0.33125 0.455 0.34 0.4483333333333333 0.355 0.45
0 0.24125 0.31333333333333335 0.255 0.32166666666666666 0.26125 0.335 0.26 0.355 0.2575 0.3616666666666667 0.25 0.37 0.245 0.37166666666666665 0.23625 0.37166666666666665 0.23 0.36833333333333335 0.22375 0.3616666666666667 0.22 0.35333333333333333 0.22 0.33 0.2225 0.3233333333333333 0.2325 0.315 0.24 0.31333333333333335
0 0.24375 0.18166666666666667 0.24875 0.185 0.255 0.195 0.25625 0.21166666666666667 0.25125 0.22666666666666666 0.2425 0.23333333333333334 0.23625 0.235 0.23 0.235 0.22125 0.23 0.215 0.22166666666666668 0.2125 0.20333333333333334 0.21375 0.195 0.22 0.18333333333333332 0.22875 0.17833333333333334 0.2375 0.17833333333333334 0.2425 0.18166666666666667
0 0.25625 0.4483333333333333 0.26875 0.46166666666666667 0.27125 0.475 0.26875 0.49166666666666664 0.26125 0.5016666666666667 0.25375 0.505 0.235 0.5 0.2275 0.48833333333333334 0.22625 0.47 0.22875 0.46166666666666667 0.235 0.4533333333333333 0.24375 0.4483333333333333 0.255 0.4483333333333333
1 0.64 0.15666666666666668 0.6475 0.16166666666666665 0.655 0.175 0.65375 0.19166666666666668 0.645 0.21 0.64875 0.21666666666666667 0.65 0.23833333333333334 0.64875 0.28833333333333333 0.65625 0.2966666666666667 0.66125 0.31 0.66125 0.325 0.6575 0.335 0.655 0.3516666666666667 0.655 0.37333333333333335 0.65625 0.4216666666666667 0.66625 0.44 0.66625 0.4533333333333333 0.65875 0.47 0.65875 0.475 0.66125 0.49 0.6625 0.5633333333333334 0.66875 0.67 0.66875 0.7266666666666667 0.66625 0.73 0.635 0.7316666666666667 0.62375 0.735 0.6 0.735 0.54875 0.7416666666666667 0.4875 0.745 0.42125 0.7533333333333333 0.315 0.76 0.30375 0.7633333333333333 0.2675 0.7666666666666667 0.24875 0.7666666666666667 0.24625 0.7633333333333333 0.245 0.755 0.245 0.725 0.2425 0.7016666666666667 0.24375 0.6933333333333334 0.24 0.6333333333333333 0.235 0.6166666666666667 0.2375 0.5766666666666667 0.2325 0.5066666666666667 0.23375 0.5016666666666667 0.22875 0.49 0.22625 0.4766666666666667 0.23125 0.45666666666666667 0.23125 0.445 0.22875 0.4266666666666667 0.22625 0.36666666666666664 0.22 0.34833333333333333 0.22 0.3333333333333333 0.22375 0.31333333333333335 0.22125 0.30333333333333334 0.22125 0.27166666666666667 0.21875 0.24666666666666667 0.22 0.23333333333333334 0.21625 0.225 0.21375 0.21166666666666667 0.215 0.19666666666666666 0.22 0.185 0.23 0.18 0.2375 0.18 0.255 0.19 0.445 0.17666666666666667 0.51 0.175 0.60875 0.16666666666666666 0.615 0.16833333333333333 0.6275 0.15666666666666668 0.63875 0.15666666666666668
2 0.58875 0.24666666666666667 0.5925 0.25 0.59375 0.25833333333333336 0.595 0.30833333333333335 0.5975 0.32166666666666666 0.5975 0.375 0.57875 0.38 0.52375 0.38333333333333336 0.50125 0.38166666666666665 0.49625 0.30833333333333335 0.49625 0.255 0.5025 0.25166666666666665 0.51875 0.25 0.5575 0.25 0.5875 0.24666666666666667
2 0.5975 0.39 0.60375 0.4483333333333333 0.60375 0.5166666666666667 0.5925 0.52 0.55875 0.52 0.5225 0.525 0.51125 0.525 0.5075 0.5166666666666667 0.5025 0.43333333333333335 0.50375 0.3983333333333333 0.50625 0.395 0.525 0.39166666666666666 0.5725 0.3883333333333333 0.59625 0.39
2 0.495 0.5366666666666666 0.5 0.54 0.5025 0.5533333333333333 0.50625 0.6666666666666666 0.50125 0.67 0.43875 0.675 0.41125 0.675 0.40875 0.6716666666666666 0.40625 0.6033333333333334 0.40375 0.5916666666666667 0.40375 0.545 0.435 0.54 0.49375 0.5366666666666666
2 0.49125 0.395 0.495 0.4033333333333333 0.495 0.43166666666666664 0.5 0.5083333333333333 0.49875 0.525 0.48375 0.5283333333333333 0.43875 0.53 0.42125 0.5333333333333333 0.40375 0.5333333333333333 0.40125 0.53 0.39625 0.4066666666666667 0.40125 0.40166666666666667 0.41125 0.4 0.4425 0.4 0.49 0.395
2 0.30375 0.2633333333333333 0.38 0.2633333333333333 0.38375 0.2916666666666667 0.38625 0.39 0.3825 0.3933333333333333 0.3 0.4 0.29 0.4 0.2875 0.395 0.28625 0.36833333333333335 0.28375 0.3616666666666667 0.28125 0.26666666666666666 0.3025 0.2633333333333333
2 0.345 0.4033333333333333 0.3875 0.405 0.395 0.5216666666666666 0.39375 0.5333333333333333 0.30375 0.5433333333333333 0.295 0.5416666666666666 0.29125 0.49333333333333335 0.29125 0.4633333333333333 0.28875 0.45166666666666666 0.28875 0.41333333333333333 0.29125 0.4083333333333333 0.34375 0.405
2 0.295 0.5566666666666666 0.3 0.5516666666666666 0.32125 0.5516666666666666 0.365 0.545 0.39375 0.545 0.3975 0.5783333333333334 0.4 0.6766666666666666 0.3575 0.6833333333333333 0.3025 0.6833333333333333 0.2975 0.625 0.29625 0.5583333333333333
2 0.48375 0.255 0.48625 0.25666666666666665 0.4875 0.26166666666666666 0.4925 0.38166666666666665 0.4775 0.38666666666666666 0.4525 0.38666666666666666 0.42875 0.39 0.3975 0.39 0.395 0.38666666666666666 0.39375 0.3433333333333333 0.38875 0.285 0.39 0.2633333333333333 0.40125 0.25833333333333336 0.44 0.25666666666666665 0.45875 0.25333333333333335 0.4825 0.255
2 0.60375 0.53 0.60625 0.5333333333333333 0.60625 0.56 0.61 0.6 0.61 0.6583333333333333 0.6025 0.6616666666666666 0.5775 0.6616666666666666 0.5675 0.665 0.51625 0.6683333333333333 0.51375 0.665 0.51125 0.6233333333333333 0.50875 0.5566666666666666 0.51 0.5366666666666666 0.525 0.5333333333333333 0.6025 0.53
4 0.64625 0.28833333333333333 0.6575 0.2966666666666667 0.66125 0.30833333333333335 0.66125 0.32666666666666666 0.65625 0.33666666666666667 0.64375 0.3433333333333333 0.6325 0.3416666666666667 0.62375 0.33166666666666667 0.62125 0.3233333333333333 0.62125 0.30833333333333335 0.62375 0.3 0.62875 0.29333333333333333 0.63875 0.28833333333333333 0.645 0.28833333333333333
4 0.56 0.27666666666666667 0.56625 0.2816666666666667 0.57125 0.2916666666666667 0.5725 0.31166666666666665 0.57 0.31833333333333336 0.55875 0.33 0.54375 0.3283333333333333 0.53875 0.3233333333333333 0.5325 0.31 0.5325 0.29333333333333333 0.5375 0.2816666666666667 0.54625 0.275 0.55875 0.27666666666666667
4 0.64375 0.15666666666666668 0.65375 0.16833333333333333 0.65625 0.17666666666666667 0.65625 0.18666666666666668 0.6525 0.2 0.6475 0.20666666666666667 0.64125 0.21 0.63 0.21 0.6225 0.205 0.61625 0.195 0.61375 0.17833333333333334 0.6175 0.165 0.6225 0.15833333333333333 0.6275 0.155 0.6425 0.15666666666666668
4 0.64875 0.42 0.6575 0.42333333333333334 0.665 0.43333333333333335 0.6675 0.45166666666666666 0.65875 0.47 0.6475 0.475 0.635 0.4716666666666667 0.63 0.4666666666666667 0.62625 0.455 0.62625 0.43833333333333335 0.63 0.42833333333333334 0.635 0.42333333333333334 0.6475 0.42
3 0.595 0.24 0.59875 0.245 0.60125 0.30666666666666664 0.6 0.3333333333333333 0.6025 0.33666666666666667 0.605 0.36833333333333335 0.6125 0.59 0.61625 0.6366666666666667 0.615 0.6633333333333333 0.6075 0.6666666666666666 0.5875 0.6666666666666666 0.57625 0.67 0.5675 0.6683333333333333 0.55125 0.6716666666666666 0.49125 0.675 0.48 0.6783333333333333 0.4475 0.6783333333333333 0.43125 0.6816666666666666 0.40625 0.6816666666666666 0.39625 0.685 0.32875 0.6883333333333334 0.31 0.6916666666666667 0.3 0.6916666666666667 0.2975 0.6883333333333334 0.29625 0.6766666666666666 0.2925 0.62 0.29375 0.6066666666666667 0.29125 0.595 0.29125 0.5483333333333333 0.2875 0.515 0.2875 0.47333333333333333 0.285 0.46 0.28375 0.4166666666666667 0.2775 0.3383333333333333 0.2775 0.305 0.275 0.275 0.27625 0.26 0.5125 0.24333333333333335 0.55625 0.24333333333333335 0.59375 0.24