0 0.2925 0.58 0.2975 0.585 0.3 0.6083333333333333 0.295 0.6183333333333333 0.28875 0.6216666666666667 0.275 0.62 0.27 0.615 0.26875 0.59 0.2725 0.5833333333333334 0.2775 0.58 0.29125 0.58
0 0.3675 0.48333333333333334 0.37625 0.49333333333333335 0.3775 0.51 0.37 0.5216666666666666 0.36375 0.525 0.3575 0.525 0.3475 0.515 0.34625 0.49833333333333335 0.35125 0.4866666666666667 0.355 0.48333333333333334 0.36625 0.48333333333333334
0 0.28125 0.27166666666666667 0.2925 0.26666666666666666 0.3 0.2683333333333333 0.3075 0.27666666666666667 0.31 0.285 0.31 0.29833333333333334 0.305 0.30666666666666664 0.29875 0.31166666666666665 0.28625 0.31166666666666665 0.27875 0.3 0.27625 0.28833333333333333 0.2775 0.2783333333333333 0.28125 0.2733333333333333
0 0.2975 0.4766666666666667 0.30375 0.4866666666666667 0.30375 0.5016666666666667 0.30125 0.5083333333333333 0.2925 0.5166666666666667 0.28125 0.5166666666666667 0.275 0.5133333333333333 0.27125 0.505 0.27 0.49 0.27125 0.48333333333333334 0.27875 0.475 0.29125 0.47333333333333333 0.29625 0.4766666666666667
0 0.29125 0.37 0.2975 0.37333333333333335 0.3075 0.39 0.30125 0.4083333333333333 0.29375 0.41333333333333333 0.28375 0.41333333333333333 0.27625 0.4083333333333333 0.2725 0.4 0.2725 0.385 0.275 0.37833333333333335 0.2825 0.37166666666666665 0.29 0.37
1 0.30375 0.2733333333333333 0.31875 0.28 0.4575 0.2866666666666667 0.5525 0.295 0.58875 0.2966666666666667 0.5975 0.29 0.60625 0.29 0.61375 0.2966666666666667 0.6175 0.30666666666666664 0.61375 0.325 0.6125 0.38 0.6125 0.3933333333333333 0.61625 0.415 0.61125 0.43 0.6125 0.4633333333333333 0.61 0.49833333333333335 0.61375 0.5083333333333333 0.61375 0.5166666666666667 0.61 0.5283333333333333 0.60875 0.665 0.60625 0.735 0.60375 0.7416666666666667 0.41375 0.735 0.3225 0.7283333333333334 0.27625 0.7283333333333334 0.2675 0.725 0.26625 0.6916666666666667 0.26875 0.5933333333333334 0.27125 0.58 0.27 0.56 0.2725 0.5316666666666666 0.27125 0.48333333333333334 0.27375 0.4766666666666667 0.27375 0.445 0.27625 0.41833333333333333 0.2725 0.3983333333333333 0.27375 0.38333333333333336 0.2775 0.37333333333333335 0.2775 0.285 0.28125 0.275 0.285 0.27166666666666667 0.29375 0.2683333333333333 0.3025 0.2733333333333333
2 0.52875 0.35 0.56 0.3516666666666667 0.56625 0.35333333333333333 0.56875 0.35833333333333334 0.57 0.4083333333333333 0.5675 0.4483333333333333 0.565 0.455 0.50875 0.4533333333333333 0.49125 0.45166666666666666 0.48875 0.4483333333333333 0.49125 0.3516666666666667 0.5275 0.35
2 0.49 0.46 0.525 0.46 0.55 0.4633333333333333 0.55375 0.46166666666666667 0.56125 0.4633333333333333 0.56625 0.47 0.565 0.5583333333333333 0.5625 0.5666666666666667 0.49 0.5633333333333334 0.48625 0.56 0.48875 0.49 0.4875 0.4766666666666667 0.49 0.46166666666666667
2 0.53 0.5716666666666667 0.55875 0.5733333333333334 0.56375 0.5783333333333334 0.56375 0.66 0.5625 0.675 0.56125 0.6783333333333333 0.5575 0.68 0.49125 0.6766666666666666 0.48375 0.6716666666666666 0.48625 0.5733333333333334 0.52875 0.5716666666666667
2 0.40375 0.5666666666666667 0.4375 0.5666666666666667 0.45625 0.57 0.46125 0.5683333333333334 0.47875 0.57 0.48125 0.5733333333333334 0.4775 0.6716666666666666 0.47375 0.675 0.42125 0.6733333333333333 0.4025 0.6716666666666666 0.4 0.6683333333333333 0.4 0.62 0.40375 0.5683333333333334
2 0.405 0.45666666666666667 0.42125 0.455 0.47875 0.4583333333333333 0.4825 0.46166666666666667 0.48125 0.5583333333333333 0.48 0.5616666666666666 0.475 0.5633333333333334 0.455 0.56 0.40625 0.5583333333333333 0.4025 0.555 0.4025 0.4766666666666667 0.405 0.4583333333333333
2 0.325 0.3383333333333333 0.39625 0.3433333333333333 0.40125 0.3466666666666667 0.40125 0.4116666666666667 0.39875 0.445 0.39 0.44666666666666666 0.3325 0.44333333333333336 0.3225 0.44166666666666665 0.32125 0.385 0.325 0.34
2 0.3175 0.565 0.39 0.565 0.395 0.5666666666666667 0.39625 0.57 0.39375 0.6683333333333333 0.385 0.6716666666666666 0.31625 0.6666666666666666 0.315 0.6316666666666667 0.3175 0.5666666666666667
2 0.45125 0.345 0.48125 0.34833333333333333 0.485 0.3516666666666667 0.48375 0.44666666666666666 0.48125 0.45 0.41625 0.4483333333333333 0.40625 0.445 0.4075 0.34833333333333333 0.41375 0.345 0.45 0.345
2 0.39625 0.4533333333333333 0.39875 0.45666666666666667 0.39875 0.51 0.39625 0.5566666666666666 0.3325 0.555 0.31875 0.5533333333333333 0.3175 0.55 0.32 0.465 0.32125 0.4533333333333333 0.32375 0.45 0.395 0.4533333333333333
4 0.60875 0.29 0.61375 0.29333333333333333 0.61625 0.29833333333333334 0.61875 0.31333333333333335 0.61625 0.32166666666666666 0.61125 0.3283333333333333 0.605 0.33166666666666667 0.5925 0.32666666666666666 0.5875 0.32 0.585 0.30666666666666664 0.59125 0.2916666666666667 0.5975 0.28833333333333333 0.6075 0.29
4 0.605 0.39 0.6125 0.395 0.61625 0.405 0.61625 0.42 0.6075 0.43166666666666664 0.59375 0.43166666666666664 0.5875 0.425 0.585 0.41833333333333333 0.58625 0.4 0.59375 0.39166666666666666 0.60375 0.39
4 0.54 0.37333333333333335 0.5475 0.385 0.5475 0.4 0.545 0.4066666666666667 0.5375 0.41333333333333333 0.5275 0.41333333333333333 0.5225 0.41 0.51625 0.3983333333333333 0.51625 0.385 0.51875 0.37833333333333335 0.52625 0.37166666666666665 0.53875 0.37333333333333335
4 0.60875 0.49666666666666665 0.61375 0.505 0.61375 0.52 0.6125 0.525 0.605 0.5333333333333333 0.58875 0.5316666666666666 0.5825 0.52 0.5825 0.505 0.585 0.49833333333333335 0.59 0.49333333333333335 0.60125 0.49166666666666664 0.6075 0.49666666666666665
3 0.32625 0.33166666666666667 0.33875 0.335 0.365 0.33666666666666667 0.3725 0.34 0.42 0.3383333333333333 0.44875 0.3416666666666667 0.48 0.3416666666666667 0.49375 0.345 0.55375 0.3466666666666667 0.5675 0.34833333333333333 0.5725 0.3516666666666667 0.56875 0.5316666666666666 0.57 0.54 0.5675 0.5566666666666666 0.5675 0.6483333333333333 0.56625 0.68 0.56375 0.685 0.4625 0.6783333333333333 0.415 0.6783333333333333 0.405 0.675 0.3825 0.6766666666666666 0.31125 0.67 0.31125 0.615 0.31375 0.5983333333333334 0.3125 0.5766666666666667 0.31375 0.56 0.31625 0.5533333333333333 0.31375 0.5416666666666666 0.31625 0.495 0.31625 0.405 0.32 0.33666666666666667 0.32125 0.3333333333333333 0.325 0.33166666666666667