0 0.25375 0.6183333333333333 0.26375 0.6216666666666667 0.2725 0.63 0.27875 0.6466666666666666 0.27875 0.6566666666666666 0.275 0.67 0.265 0.685 0.255 0.69 0.24375 0.6916666666666667 0.23125 0.69 0.22625 0.685 0.22 0.6683333333333333 0.22 0.645 0.2325 0.625 0.24125 0.62 0.2525 0.6183333333333333
0 0.3925 0.45666666666666667 0.4 0.465 0.40375 0.475 0.405 0.49333333333333335 0.3975 0.5066666666666667 0.385 0.5166666666666667 0.37 0.5166666666666667 0.3575 0.5083333333333333 0.3525 0.49833333333333335 0.35125 0.475 0.36 0.46166666666666667 0.3675 0.45666666666666667 0.39125 0.45666666666666667
0 0.2725 0.3333333333333333 0.27875 0.3433333333333333 0.28 0.355 0.275 0.36833333333333335 0.26875 0.37666666666666665 0.26125 0.38166666666666665 0.24125 0.38166666666666665 0.235 0.37833333333333335 0.22875 0.365 0.22875 0.3516666666666667 0.23125 0.3433333333333333 0.2375 0.335 0.24625 0.3283333333333333 0.26125 0.32666666666666666 0.27125 0.3333333333333333
0 0.26625 0.205 0.275 0.20833333333333334 0.28125 0.215 0.28375 0.22166666666666668 0.28375 0.23333333333333334 0.275 0.25 0.25875 0.25333333333333335 0.2425 0.25166666666666665 0.23625 0.23666666666666666 0.23625 0.225 0.24 0.215 0.245 0.21 0.25625 0.205 0.265 0.205
0 0.2675 0.465 0.27875 0.48 0.28 0.5 0.2725 0.515 0.255 0.5266666666666666 0.24375 0.5266666666666666 0.23125 0.5216666666666666 0.225 0.5066666666666667 0.225 0.48833333333333334 0.22875 0.47833333333333333 0.24 0.4666666666666667 0.26625 0.465
1 0.7375 0.17 0.74875 0.18333333333333332 0.74875 0.19833333333333333 0.73875 0.24166666666666667 0.73875 0.25166666666666665 0.74375 0.2633333333333333 0.74625 0.2783333333333333 0.74875 0.2833333333333333 0.76125 0.28833333333333333 0.77625 0.305 0.77625 0.32166666666666666 0.77375 0.33166666666666667 0.76875 0.34 0.765 0.3566666666666667 0.765 0.385 0.76875 0.39166666666666666 0.7725 0.4166666666666667 0.775 0.42 0.79125 0.4266666666666667 0.8 0.43833333333333335 0.8025 0.44666666666666666 0.8025 0.465 0.7925 0.48333333333333334 0.7875 0.5066666666666667 0.7925 0.5166666666666667 0.7975 0.5366666666666666 0.81625 0.645 0.82 0.655 0.83 0.7133333333333334 0.8325 0.7183333333333334 0.84 0.7633333333333333 0.855 0.8333333333333334 0.85875 0.8583333333333333 0.8575 0.87 0.84125 0.875 0.8175 0.875 0.80125 0.8783333333333333 0.78 0.8783333333333333 0.76875 0.8816666666666667 0.72375 0.8833333333333333 0.6975 0.8883333333333333 0.62375 0.8916666666666667 0.615 0.895 0.585 0.895 0.5425 0.9016666666666666 0.51125 0.9016666666666666 0.5 0.905 0.4625 0.9066666666666666 0.4525 0.91 0.33125 0.92 0.235 0.9316666666666666 0.2275 0.93 0.2225 0.925 0.2225 0.855 0.2275 0.795 0.22875 0.7433333333333333 0.23375 0.7033333333333334 0.23125 0.6933333333333334 0.22375 0.68 0.22 0.6516666666666666 0.22375 0.6383333333333333 0.2325 0.6266666666666667 0.2325 0.57 0.235 0.5483333333333333 0.23375 0.5333333333333333 0.22625 0.5083333333333333 0.225 0.495 0.22875 0.4816666666666667 0.23875 0.4666666666666667 0.23875 0.43 0.24125 0.415 0.24125 0.3983333333333333 0.24 0.39 0.2325 0.375 0.23 0.365 0.23 0.3516666666666667 0.23375 0.34 0.24375 0.32666666666666666 0.2425 0.31333333333333335 0.245 0.275 0.24375 0.26 0.2375 0.23833333333333334 0.2375 0.22666666666666666 0.24 0.22 0.245 0.21333333333333335 0.255 0.20833333333333334 0.27 0.20833333333333334 0.2775 0.21333333333333335 0.2825 0.22166666666666668 0.28625 0.24833333333333332 0.29 0.26 0.29375 0.265 0.5575 0.24333333333333335 0.6225 0.235 0.6675 0.23333333333333334 0.67875 0.23 0.6925 0.23 0.69625 0.225 0.7025 0.20333333333333334 0.70125 0.18833333333333332 0.705 0.17666666666666667 0.71 0.17 0.7225 0.16666666666666666 0.73625 0.17
2 0.44125 0.6216666666666667 0.44375 0.6266666666666667 0.445 0.6383333333333333 0.44875 0.6933333333333334 0.44875 0.7183333333333334 0.4525 0.765 0.45125 0.785 0.43 0.7916666666666666 0.3175 0.8016666666666666 0.3125 0.8 0.31 0.795 0.30875 0.7083333333333334 0.31125 0.6866666666666666 0.31 0.675 0.3125 0.6566666666666666 0.3125 0.6366666666666667 0.315 0.6333333333333333 0.33625 0.63 0.39375 0.6266666666666667 0.435 0.62 0.44 0.6216666666666667
2 0.51625 0.5275 0.1375 0.15833333333333333
2 0.66625 0.29833333333333334 0.68125 0.29833333333333334 0.685 0.31 0.69 0.3566666666666667 0.70125 0.4166666666666667 0.7 0.425 0.69625 0.4266666666666667 0.65 0.42833333333333334 0.5925 0.435 0.58 0.43333333333333335 0.5775 0.4266666666666667 0.5725 0.37 0.56625 0.32666666666666666 0.56625 0.31166666666666665 0.56875 0.30833333333333335 0.6025 0.30333333333333334 0.60875 0.305 0.6025 0.35833333333333334 0.605 0.37333333333333335 0.6075 0.38 0.6225 0.39666666666666667 0.635 0.3983333333333333 0.64125 0.3933333333333333 0.65 0.38 0.65 0.37333333333333335 0.655 0.36333333333333334 0.65875 0.33166666666666667 0.66125 0.32666666666666666 0.66625 0.3
2 0.42625 0.32 0.43 0.325 0.43125 0.34 0.43625 0.445 0.42875 0.45 0.40625 0.45 0.3975 0.4533333333333333 0.37125 0.45166666666666666 0.36625 0.455 0.335 0.4583333333333333 0.31375 0.4583333333333333 0.31125 0.45166666666666666 0.31125 0.3333333333333333 0.3175 0.3283333333333333 0.425 0.32
2 0.69875 0.43666666666666665 0.705 0.44333333333333336 0.7075 0.455 0.71125 0.4866666666666667 0.72 0.53 0.72 0.5416666666666666 0.725 0.5633333333333334 0.725 0.58 0.7125 0.5833333333333334 0.635 0.5883333333333334 0.62 0.5916666666666667 0.5975 0.5916666666666667 0.595 0.5866666666666667 0.58625 0.5 0.58375 0.49166666666666664 0.5825 0.45 0.58625 0.44666666666666666 0.5975 0.445 0.62125 0.445 0.635 0.44166666666666665 0.6975 0.43666666666666665
2 0.4325 0.46 0.43625 0.465 0.43875 0.48833333333333334 0.44125 0.5466666666666666 0.44 0.5533333333333333 0.44375 0.5866666666666667 0.4425 0.605 0.43375 0.6083333333333333 0.31875 0.6183333333333333 0.31375 0.6183333333333333 0.31 0.6116666666666667 0.31125 0.5 0.31375 0.47333333333333333 0.3375 0.4683333333333333 0.3525 0.47 0.35 0.47333333333333333 0.35 0.49333333333333335 0.36125 0.555 0.3725 0.5733333333333334 0.38 0.5783333333333334 0.3875 0.5783333333333334 0.40125 0.5683333333333334 0.40625 0.5616666666666666 0.41125 0.5466666666666666 0.40875 0.5033333333333333 0.4025 0.4633333333333333 0.43125 0.46
2 0.54125 0.6116666666666667 0.5425 0.6133333333333333 0.56625 0.6083333333333333 0.585 0.6083333333333333 0.5875 0.6116666666666667 0.59125 0.635 0.5925 0.6683333333333333 0.6 0.72 0.60375 0.7716666666666666 0.58375 0.7766666666666666 0.52875 0.78 0.4975 0.785 0.46625 0.785 0.46375 0.7816666666666666 0.46125 0.765 0.4625 0.7466666666666667 0.45875 0.7183333333333334 0.45875 0.6916666666666667 0.45625 0.6683333333333333 0.45625 0.625 0.46 0.6183333333333333 0.4875 0.6166666666666667 0.49875 0.6133333333333333 0.54 0.6116666666666667
2 0.7275 0.5966666666666667 0.73375 0.6183333333333333 0.73875 0.6533333333333333 0.74375 0.6733333333333333 0.745 0.6883333333333334 0.75125 0.7166666666666667 0.7525 0.7366666666666667 0.75625 0.75 0.75625 0.76 0.75125 0.7633333333333333 0.72375 0.7633333333333333 0.65125 0.7716666666666666 0.61875 0.7716666666666666 0.615 0.765 0.61 0.7316666666666667 0.6075 0.6933333333333334 0.6025 0.6633333333333333 0.6025 0.6483333333333333 0.59875 0.6233333333333333 0.6 0.61 0.605 0.605 0.6125 0.6033333333333334 0.61875 0.605 0.65 0.6 0.72625 0.5966666666666667
2 0.5525 0.31 0.55625 0.31333333333333335 0.55625 0.325 0.56375 0.375 0.5675 0.43333333333333335 0.5575 0.43833333333333335 0.51375 0.44 0.46125 0.44666666666666666 0.44875 0.44666666666666666 0.445 0.43833333333333335 0.4425 0.37 0.44 0.34833333333333333 0.44125 0.32 0.49625 0.31166666666666665 0.55125 0.31
4 0.76125 0.28833333333333333 0.77375 0.3016666666666667 0.77625 0.30833333333333335 0.77625 0.3233333333333333 0.77125 0.3333333333333333 0.7525 0.34 0.74125 0.3383333333333333 0.73375 0.3333333333333333 0.72625 0.32166666666666666 0.72375 0.30666666666666664 0.7275 0.2966666666666667 0.73875 0.2866666666666667 0.755 0.285 0.76 0.28833333333333333
4 0.74125 0.17166666666666666 0.74875 0.18 0.75125 0.18666666666666668 0.75125 0.195 0.7475 0.20666666666666667 0.73625 0.21333333333333335 0.7225 0.21333333333333335 0.71 0.20833333333333334 0.705 0.20333333333333334 0.7025 0.19666666666666666 0.70125 0.18166666666666667 0.70625 0.17166666666666666 0.71875 0.165 0.73 0.165 0.74 0.17166666666666666
4 0.64 0.27166666666666667 0.65625 0.2816666666666667 0.6625 0.29333333333333333 0.6625 0.30833333333333335 0.65875 0.32 0.64375 0.32666666666666666 0.63625 0.32666666666666666 0.625 0.32166666666666666 0.615 0.31 0.61125 0.3 0.6125 0.28833333333333333 0.6175 0.2783333333333333 0.63 0.27166666666666667 0.63875 0.27166666666666667
4 0.78 0.42 0.79375 0.42833333333333334 0.79875 0.435 0.80375 0.4483333333333333 0.80375 0.45666666666666667 0.7975 0.47333333333333333 0.79125 0.47833333333333333 0.78125 0.48 0.7725 0.48 0.7625 0.475 0.75 0.46 0.7475 0.45166666666666666 0.7475 0.44 0.75125 0.43 0.765 0.42 0.77875 0.42
3 0.68625 0.29 0.6925 0.315 0.69375 0.33166666666666667 0.69625 0.3383333333333333 0.6975 0.355 0.70125 0.36833333333333335 0.705 0.40166666666666667 0.71125 0.43166666666666664 0.71125 0.44166666666666665 0.71625 0.46 0.7325 0.57 0.7425 0.6183333333333333 0.7475 0.6633333333333333 0.755 0.6966666666666667 0.76 0.7366666666666667 0.76375 0.75 0.765 0.7683333333333333 0.7575 0.7716666666666666 0.725 0.7733333333333333 0.71125 0.7766666666666666 0.67625 0.7766666666666666 0.60625 0.785 0.52375 0.79 0.4975 0.795 0.42625 0.7983333333333333 0.4 0.8033333333333333 0.37875 0.8016666666666666 0.34125 0.805 0.31125 0.81 0.30375 0.81 0.3025 0.715 0.3025 0.62 0.305 0.5366666666666666 0.30375 0.4 0.30625 0.3233333333333333 0.3225 0.32 0.3425 0.32 0.3525 0.31666666666666665 0.35875 0.31833333333333336 0.3925 0.31333333333333335 0.4175 0.31333333333333335 0.49 0.305 0.6075 0.2966666666666667 0.60875 0.3 0.60375 0.30333333333333334 0.57125 0.30833333333333335 0.5675 0.31 0.565 0.315 0.5725 0.385 0.575 0.3933333333333333 0.5775 0.43 0.58125 0.435 0.62875 0.43333333333333335 0.64 0.43 0.695 0.4266666666666667 0.7 0.4216666666666667 0.7 0.4083333333333333 0.695 0.38666666666666666 0.69375 0.36833333333333335 0.69125 0.3616666666666667 0.69125 0.3516666666666667 0.6875 0.3383333333333333 0.68375 0.30833333333333335 0.68 0.3016666666666667 0.6725 0.29833333333333334 0.6675 0.3 0.66375 0.29333333333333333 0.66625 0.29 0.685 0.29