0 0.7686666666666667 0.489 0.782 0.4945 0.788 0.5 0.792 0.516 0.7893333333333333 0.5225 0.784 0.527 0.7646666666666667 0.5315 0.754 0.5305 0.7373333333333333 0.522 0.7326666666666667 0.515 0.7306666666666667 0.5055 0.734 0.4985 0.7446666666666667 0.4905 0.754 0.488 0.768 0.489
0 0.738 0.2275 0.754 0.231 0.762 0.238 0.764 0.2435 0.7633333333333333 0.2515 0.7586666666666667 0.256 0.738 0.261 0.7233333333333334 0.259 0.71 0.248 0.71 0.2415 0.714 0.2345 0.7246666666666667 0.229 0.7373333333333333 0.2275
0 0.75 0.308 0.762 0.3115 0.7686666666666667 0.317 0.7713333333333333 0.3285 0.7613333333333333 0.341 0.7446666666666667 0.344 0.736 0.3435 0.726 0.3395 0.718 0.332 0.716 0.3245 0.7193333333333334 0.3165 0.7273333333333334 0.31 0.7493333333333333 0.308
0 0.7606666666666667 0.395 0.7766666666666666 0.4035 0.7806666666666666 0.4105 0.78 0.422 0.774 0.429 0.7653333333333333 0.434 0.738 0.4305 0.7293333333333333 0.425 0.724 0.415 0.726 0.4055 0.7353333333333333 0.397 0.7453333333333333 0.3945 0.76 0.395
0 0.7773333333333333 0.5945 0.7826666666666666 0.5955 0.7966666666666666 0.6045 0.8026666666666666 0.616 0.802 0.626 0.7973333333333333 0.633 0.7906666666666666 0.6375 0.778 0.641 0.7626666666666667 0.6405 0.756 0.638 0.7426666666666667 0.627 0.7386666666666667 0.6175 0.7406666666666667 0.606 0.748 0.5985 0.758 0.5945 0.7766666666666666 0.5945
1 0.35933333333333334 0.2525 0.36533333333333334 0.255 0.402 0.254 0.42 0.2555 0.4846666666666667 0.253 0.5986666666666667 0.255 0.6906666666666667 0.254 0.6953333333333334 0.255 0.7013333333333334 0.265 0.6946666666666667 0.2795 0.6986666666666667 0.282 0.6986666666666667 0.286 0.702 0.2895 0.7133333333333334 0.2945 0.716 0.2935 0.7146666666666667 0.2895 0.7166666666666667 0.289 0.7213333333333334 0.294 0.7233333333333334 0.2885 0.726 0.288 0.7306666666666667 0.2885 0.7273333333333334 0.293 0.7333333333333333 0.2935 0.742 0.283 0.7406666666666667 0.2805 0.7373333333333333 0.2815 0.7353333333333333 0.2795 0.7366666666666667 0.2745 0.7426666666666667 0.278 0.748 0.2775 0.758 0.2675 0.7613333333333333 0.2685 0.76 0.279 0.756 0.285 0.7606666666666667 0.289 0.762 0.3005 0.768 0.3005 0.7646666666666667 0.2965 0.7686666666666667 0.29 0.7686666666666667 0.3045 0.772 0.3075 0.772 0.312 0.768 0.31 0.7706666666666667 0.3265 0.7666666666666667 0.3385 0.7706666666666667 0.3425 0.7753333333333333 0.3435 0.7766666666666666 0.349 0.7753333333333333 0.3615 0.772 0.36 0.7726666666666666 0.3555 0.7686666666666667 0.351 0.7646666666666667 0.363 0.768 0.379 0.7746666666666666 0.379 0.7686666666666667 0.3835 0.776 0.3855 0.7786666666666666 0.384 0.7793333333333333 0.3855 0.7813333333333333 0.4215 0.786 0.4305 0.786 0.453 0.7893333333333333 0.4565 0.7893333333333333 0.493 0.784 0.4945 0.7926666666666666 0.497 0.7926666666666666 0.5 0.7893333333333333 0.501 0.7913333333333333 0.515 0.7886666666666666 0.5225 0.7926666666666666 0.5205 0.7966666666666666 0.5255 0.7966666666666666 0.547 0.8 0.5625 0.796 0.5605 0.7953333333333333 0.568 0.7966666666666666 0.5695 0.8 0.5665 0.8006666666666666 0.574 0.7993333333333333 0.5755 0.796 0.5725 0.7946666666666666 0.579 0.7966666666666666 0.581 0.8033333333333333 0.5815 0.8033333333333333 0.6025 0.7986666666666666 0.6065 0.7946666666666666 0.6155 0.7966666666666666 0.621 0.7986666666666666 0.615 0.8013333333333333 0.6175 0.8 0.6245 0.794 0.633 0.7953333333333333 0.638 0.8 0.638 0.8 0.6415 0.7966666666666666 0.641 0.7926666666666666 0.644 0.7926666666666666 0.6505 0.7886666666666666 0.654 0.7826666666666666 0.6565 0.762 0.654 0.758 0.6565 0.7506666666666667 0.655 0.7426666666666667 0.657 0.7113333333333334 0.6535 0.65 0.6535 0.64 0.6555 0.6346666666666667 0.653 0.594 0.653 0.5853333333333334 0.651 0.5526666666666666 0.6535 0.5333333333333333 0.6505 0.5166666666666667 0.6505 0.512 0.6525 0.504 0.6505 0.49733333333333335 0.6525 0.492 0.6505 0.4186666666666667 0.65 0.40066666666666667 0.6545 0.39466666666666667 0.651 0.39 0.652 0.384 0.65 0.324 0.6495 0.31666666666666665 0.6505 0.31466666666666665 0.6545 0.31066666666666665 0.6545 0.31066666666666665 0.65 0.2966666666666667 0.6505 0.2966666666666667 0.6545 0.2926666666666667 0.6585 0.2793333333333333 0.6575 0.2793333333333333 0.652 0.276 0.654 0.262 0.6535 0.25266666666666665 0.647 0.24733333333333332 0.647 0.24466666666666667 0.649 0.23866666666666667 0.647 0.234 0.649 0.22666666666666666 0.6475 0.21933333333333332 0.6505 0.21 0.649 0.20533333333333334 0.6575 0.19333333333333333 0.6575 0.18933333333333333 0.655 0.18 0.654 0.17666666666666667 0.651 0.176 0.6405 0.182 0.6315 0.196 0.6295 0.19866666666666666 0.6355 0.206 0.639 0.22133333333333333 0.639 0.238 0.6305 0.24466666666666667 0.623 0.246 0.6175 0.24533333333333332 0.6085 0.234 0.5975 0.21666666666666667 0.594 0.20733333333333334 0.588 0.196 0.5845 0.18866666666666668 0.5835 0.182 0.586 0.17533333333333334 0.582 0.178 0.5775 0.182 0.541 0.18466666666666667 0.538 0.18466666666666667 0.526 0.19 0.523 0.186 0.5175 0.18933333333333333 0.5175 0.19466666666666665 0.5125 0.19133333333333333 0.5055 0.19133333333333333 0.4945 0.20066666666666666 0.4935 0.20266666666666666 0.4895 0.20466666666666666 0.491 0.202 0.4945 0.20466666666666666 0.4965 0.20466666666666666 0.511 0.20666666666666667 0.5135 0.21066666666666667 0.512 0.21333333333333335 0.5145 0.21333333333333335 0.518 0.20866666666666667 0.519 0.22 0.529 0.22733333333333333 0.533 0.23066666666666666 0.531 0.23933333333333334 0.531 0.24266666666666667 0.5265 0.24 0.523 0.24266666666666667 0.519 0.242 0.5115 0.23866666666666667 0.5085 0.24333333333333335 0.505 0.23733333333333334 0.5015 0.238 0.498 0.222 0.487 0.20666666666666667 0.484 0.19266666666666668 0.485 0.202 0.4355 0.206 0.4335 0.21 0.4365 0.21333333333333335 0.4355 0.19866666666666666 0.4185 0.202 0.4085 0.19933333333333333 0.4045 0.212 0.3905 0.21 0.3855 0.21333333333333335 0.3705 0.21733333333333332 0.3695 0.21866666666666668 0.366 0.224 0.366 0.22533333333333333 0.3555 0.23066666666666666 0.3545 0.234 0.3505 0.23666666666666666 0.351 0.23866666666666667 0.355 0.24333333333333335 0.3525 0.24133333333333334 0.35 0.238 0.35 0.236 0.3405 0.23066666666666666 0.3375 0.23 0.334 0.226 0.3325 0.224 0.3355 0.222 0.335 0.22333333333333333 0.328 0.216 0.3245 0.218 0.3215 0.21666666666666667 0.3175 0.21933333333333332 0.317 0.224 0.307 0.22666666666666666 0.307 0.23 0.302 0.23533333333333334 0.3 0.23933333333333334 0.2865 0.244 0.2815 0.252 0.2905 0.262 0.294 0.2833333333333333 0.29 0.29 0.286 0.294 0.28 0.294 0.273 0.288 0.263 0.28933333333333333 0.254 0.294 0.255 0.2966666666666667 0.2585 0.304 0.2585 0.32266666666666666 0.2555 0.35533333333333333 0.255 0.3586666666666667 0.253
2 0.49133333333333334 0.3025 0.5473333333333333 0.303 0.552 0.306 0.5513333333333333 0.381 0.55 0.384 0.5433333333333333 0.385 0.43133333333333335 0.384 0.42866666666666664 0.382 0.43266666666666664 0.304 0.43533333333333335 0.3025 0.49066666666666664 0.3025
2 0.484 0.39 0.5433333333333333 0.391 0.5506666666666666 0.3935 0.55 0.477 0.5473333333333333 0.479 0.504 0.48 0.4246666666666667 0.4785 0.4206666666666667 0.475 0.428 0.3905 0.48333333333333334 0.39
2 0.6 0.3025 0.68 0.304 0.6826666666666666 0.3095 0.6873333333333334 0.352 0.688 0.3805 0.684 0.3855 0.5666666666666667 0.385 0.562 0.3835 0.5613333333333334 0.307 0.5646666666666667 0.3035 0.5686666666666667 0.303 0.5993333333333334 0.3025
2 0.3253333333333333 0.301 0.4186666666666667 0.3015 0.42333333333333334 0.3045 0.41933333333333334 0.3705 0.4166666666666667 0.382 0.35 0.384 0.3 0.3825 0.2946666666666667 0.379 0.30266666666666664 0.307 0.30666666666666664 0.3015 0.32466666666666666 0.301
2 0.6133333333333333 0.3905 0.6193333333333333 0.392 0.6853333333333333 0.3925 0.688 0.3985 0.692 0.4435 0.6913333333333334 0.479 0.6873333333333334 0.4815 0.5833333333333334 0.481 0.5633333333333334 0.48 0.5613333333333334 0.4785 0.5613333333333334 0.394 0.564 0.3915 0.6126666666666667 0.3905
2 0.33266666666666667 0.389 0.4146666666666667 0.39 0.4166666666666667 0.3925 0.412 0.475 0.4093333333333333 0.478 0.384 0.4785 0.2846666666666667 0.478 0.282 0.4765 0.2813333333333333 0.467 0.29133333333333333 0.3935 0.2986666666666667 0.389 0.332 0.389
2 0.32466666666666666 0.484 0.408 0.485 0.41133333333333333 0.4875 0.404 0.579 0.40066666666666667 0.583 0.3506666666666667 0.584 0.2713333333333333 0.582 0.2673333333333333 0.5785 0.27066666666666667 0.5365 0.28 0.487 0.2853333333333333 0.4835 0.324 0.484
2 0.43266666666666664 0.4855 0.55 0.488 0.55 0.5795 0.546 0.5845 0.5346666666666666 0.5855 0.4266666666666667 0.5845 0.414 0.582 0.42 0.4875 0.42333333333333334 0.4855 0.432 0.4855
2 0.6546666666666666 0.487 0.6886666666666666 0.489 0.6926666666666667 0.4905 0.6946666666666667 0.4945 0.7 0.5825 0.6986666666666667 0.5855 0.6933333333333334 0.5875 0.5686666666666667 0.586 0.5626666666666666 0.585 0.56 0.582 0.5606666666666666 0.4895 0.564 0.4875 0.654 0.487
4 0.22733333333333333 0.3895 0.238 0.392 0.246 0.3975 0.24933333333333332 0.4035 0.24933333333333332 0.411 0.24066666666666667 0.4225 0.218 0.429 0.21 0.429 0.20133333333333334 0.4245 0.196 0.4185 0.194 0.407 0.19866666666666666 0.3995 0.20733333333333334 0.3935 0.21533333333333332 0.3905 0.22666666666666666 0.3895
4 0.25533333333333336 0.2275 0.2653333333333333 0.2295 0.272 0.234 0.2753333333333333 0.2405 0.2733333333333333 0.2475 0.2653333333333333 0.255 0.25866666666666666 0.2575 0.238 0.2595 0.232 0.2575 0.226 0.252 0.224 0.2475 0.226 0.2375 0.24 0.2285 0.25466666666666665 0.2275
4 0.21666666666666667 0.484 0.226 0.4875 0.23333333333333334 0.494 0.234 0.507 0.23133333333333334 0.513 0.22266666666666668 0.52 0.20133333333333334 0.526 0.18333333333333332 0.5195 0.17733333333333334 0.512 0.17733333333333334 0.501 0.182 0.494 0.19266666666666668 0.486 0.20266666666666666 0.4835 0.216 0.484
4 0.19266666666666668 0.5845 0.20733333333333334 0.5885 0.212 0.592 0.218 0.6065 0.21466666666666667 0.617 0.20866666666666667 0.6235 0.196 0.6305 0.18533333333333332 0.632 0.174 0.631 0.164 0.625 0.15933333333333333 0.617 0.158 0.606 0.16133333333333333 0.598 0.172 0.5895 0.192 0.5845
4 0.24133333333333334 0.3045 0.252 0.307 0.26 0.312 0.2633333333333333 0.317 0.2633333333333333 0.324 0.25933333333333336 0.331 0.25133333333333335 0.3365 0.234 0.34 0.22333333333333333 0.3395 0.21666666666666667 0.336 0.21133333333333335 0.331 0.21 0.3235 0.21333333333333335 0.316 0.22 0.31 0.22733333333333333 0.3065 0.24066666666666667 0.3045
3 0.3486666666666667 0.297 0.40066666666666667 0.3 0.44866666666666666 0.298 0.468 0.2995 0.4806666666666667 0.297 0.5113333333333333 0.3 0.6706666666666666 0.299 0.6833333333333333 0.2995 0.688 0.3015 0.692 0.3325 0.7066666666666667 0.5795 0.7066666666666667 0.5915 0.7026666666666667 0.593 0.6226666666666667 0.593 0.48533333333333334 0.5895 0.29 0.589 0.268 0.588 0.2613333333333333 0.5855 0.2653333333333333 0.534 0.2986666666666667 0.3015 0.3006666666666667 0.299 0.308 0.298 0.348 0.297