0 0.265 0.6466666666666666 0.25125 0.6433333333333333 0.24375 0.6366666666666667 0.24 0.6233333333333333 0.24 0.61 0.24375 0.5966666666666667 0.25375 0.5866666666666667 0.2725 0.585 0.27625 0.5866666666666667 0.285 0.6 0.2875 0.6083333333333333 0.2875 0.625 0.28375 0.635 0.27375 0.645 0.26625 0.645
0 0.255 0.295 0.265 0.3 0.2725 0.31 0.275 0.315 0.275 0.3333333333333333 0.2675 0.35 0.2525 0.355 0.2425 0.35333333333333333 0.23375 0.345 0.23 0.3333333333333333 0.23 0.31333333333333335 0.23375 0.305 0.23875 0.3 0.25375 0.295
0 0.37375 0.44166666666666665 0.38 0.4483333333333333 0.385 0.46 0.385 0.4766666666666667 0.37625 0.49333333333333335 0.3675 0.49833333333333335 0.35875 0.49833333333333335 0.35125 0.495 0.34375 0.485 0.34125 0.4766666666666667 0.34125 0.46166666666666667 0.345 0.45 0.355 0.44 0.3675 0.43833333333333335 0.3725 0.44166666666666665
0 0.265 0.43833333333333335 0.2775 0.4483333333333333 0.28 0.455 0.28125 0.4716666666666667 0.28 0.485 0.2775 0.49 0.27375 0.495 0.265 0.5 0.255 0.5 0.24375 0.495 0.24 0.49 0.235 0.47333333333333333 0.2375 0.4533333333333333 0.2425 0.445 0.2525 0.43833333333333335 0.26375 0.43833333333333335
0 0.2625 0.15833333333333333 0.27125 0.17 0.27375 0.18666666666666668 0.26625 0.205 0.25875 0.21166666666666667 0.24125 0.21166666666666667 0.23625 0.20833333333333334 0.22875 0.19666666666666666 0.22625 0.17666666666666667 0.22875 0.16666666666666666 0.23375 0.16 0.24375 0.15333333333333332 0.255 0.15333333333333332 0.26125 0.15833333333333333
1 0.69 0.135 0.69875 0.14666666666666667 0.70125 0.16333333333333333 0.6925 0.18833333333333332 0.69625 0.21 0.69625 0.275 0.70625 0.28833333333333333 0.70875 0.3 0.7075 0.31666666666666665 0.6975 0.33166666666666667 0.70125 0.3516666666666667 0.7 0.36 0.7025 0.37666666666666665 0.7025 0.4116666666666667 0.7 0.415 0.71125 0.42833333333333334 0.715 0.445 0.71 0.465 0.70375 0.47333333333333333 0.7075 0.4766666666666667 0.70625 0.48 0.70875 0.505 0.70875 0.545 0.71625 0.675 0.71875 0.76 0.71625 0.7633333333333333 0.705 0.765 0.5625 0.7716666666666666 0.46375 0.78 0.4275 0.78 0.27875 0.7916666666666666 0.25375 0.79 0.25 0.7716666666666666 0.2475 0.65 0.24625 0.64 0.24125 0.6266666666666667 0.24125 0.6066666666666667 0.245 0.5933333333333334 0.2425 0.495 0.23625 0.47833333333333333 0.23625 0.4583333333333333 0.24125 0.44666666666666666 0.23875 0.37833333333333335 0.24 0.3566666666666667 0.23375 0.345 0.23125 0.335 0.23125 0.31333333333333335 0.23625 0.3 0.235 0.21 0.22875 0.195 0.2275 0.17666666666666667 0.2325 0.16333333333333333 0.24125 0.15666666666666668 0.25375 0.155 0.26375 0.16166666666666665 0.2725 0.17333333333333334 0.30125 0.17333333333333334 0.325 0.17 0.52625 0.16166666666666665 0.63875 0.15333333333333332 0.65375 0.15666666666666668 0.6575 0.155 0.66375 0.14 0.67125 0.13333333333333333 0.68125 0.13166666666666665 0.68875 0.135
2 0.63 0.23666666666666666 0.63375 0.24 0.63625 0.2683333333333333 0.63875 0.37333333333333335 0.63125 0.37666666666666665 0.5875 0.37666666666666665 0.565 0.38 0.535 0.38 0.53375 0.37666666666666665 0.52875 0.24666666666666667 0.53125 0.24333333333333335 0.545 0.24 0.56375 0.24166666666666667 0.62875 0.23666666666666666
2 0.4825 0.6208333333333333 0.1125 0.14833333333333334
2 0.525 0.395 0.52625 0.42833333333333334 0.52875 0.44333333333333336 0.53125 0.53 0.52875 0.5333333333333333 0.5225 0.535 0.465 0.5383333333333333 0.4275 0.5383333333333333 0.425 0.5333333333333333 0.42 0.44666666666666666 0.42125 0.4033333333333333 0.42375 0.4 0.43375 0.3983333333333333 0.51125 0.3933333333333333 0.52375 0.395
2 0.2975 0.275 0.29875 0.25666666666666665 0.305 0.25166666666666665 0.40375 0.25166666666666665 0.4075 0.2733333333333333 0.41125 0.36666666666666664 0.41125 0.38333333333333336 0.40375 0.3883333333333333 0.35375 0.39 0.31 0.395 0.305 0.3933333333333333 0.3025 0.37833333333333335 0.3025 0.33666666666666667 0.29875 0.31666666666666665 0.29875 0.27666666666666667
2 0.6375 0.3883333333333333 0.64125 0.3983333333333333 0.64125 0.4166666666666667 0.64375 0.43 0.64625 0.5233333333333333 0.63875 0.5283333333333333 0.56625 0.5316666666666666 0.5425 0.5316666666666666 0.54 0.5283333333333333 0.535 0.39666666666666667 0.54 0.39166666666666666 0.5525 0.39 0.63625 0.3883333333333333
2 0.4075 0.4 0.41125 0.4033333333333333 0.4125 0.41 0.41375 0.4866666666666667 0.41625 0.5183333333333333 0.415 0.54 0.32625 0.5466666666666666 0.30875 0.545 0.30375 0.42833333333333334 0.305 0.4066666666666667 0.31625 0.4033333333333333 0.40625 0.4
2 0.41 0.5516666666666666 0.41625 0.5566666666666666 0.4175 0.57 0.42125 0.6916666666666667 0.41875 0.695 0.4075 0.6966666666666667 0.33875 0.7016666666666667 0.31625 0.7016666666666667 0.3125 0.6933333333333334 0.31 0.5583333333333333 0.40875 0.5516666666666666
2 0.645 0.54 0.6475 0.5433333333333333 0.65 0.5816666666666667 0.65375 0.6783333333333333 0.65 0.6816666666666666 0.58 0.6866666666666666 0.54875 0.6866666666666666 0.54625 0.6833333333333333 0.54125 0.5783333333333334 0.5425 0.5466666666666666 0.5725 0.5416666666666666 0.5775 0.5433333333333333 0.6025 0.54 0.64375 0.54
2 0.5175 0.24333333333333335 0.52 0.25 0.52375 0.30333333333333334 0.52375 0.37833333333333335 0.52 0.38166666666666665 0.51125 0.38333333333333336 0.4725 0.38333333333333336 0.4525 0.38666666666666666 0.425 0.38666666666666666 0.42125 0.385 0.42 0.38166666666666665 0.4175 0.31666666666666665 0.415 0.3016666666666667 0.41625 0.25166666666666665 0.435 0.24666666666666667 0.51625 0.24333333333333335
4 0.69 0.13333333333333333 0.69625 0.13833333333333334 0.70125 0.14833333333333334 0.7025 0.16833333333333333 0.69875 0.17833333333333334 0.6925 0.18666666666666668 0.68625 0.19 0.67875 0.19 0.665 0.18333333333333332 0.66 0.175 0.6575 0.15333333333333332 0.6625 0.14 0.67125 0.13166666666666665 0.68875 0.13333333333333333
4 0.70125 0.2783333333333333 0.70875 0.29333333333333333 0.71 0.31 0.705 0.3233333333333333 0.69375 0.33166666666666667 0.68125 0.33166666666666667 0.675 0.3283333333333333 0.6675 0.31833333333333336 0.665 0.31 0.665 0.29333333333333333 0.67375 0.2783333333333333 0.6825 0.2733333333333333 0.6975 0.275 0.7 0.2783333333333333
4 0.62 0.615 0.6275 0.625 0.63125 0.645 0.62375 0.665 0.61375 0.6716666666666666 0.60125 0.6716666666666666 0.595 0.6683333333333333 0.59 0.6616666666666666 0.585 0.6483333333333333 0.585 0.6316666666666667 0.59 0.62 0.6 0.6116666666666667 0.6075 0.61 0.61875 0.615
4 0.69625 0.415 0.70625 0.42 0.715 0.43666666666666665 0.715 0.4533333333333333 0.7125 0.46166666666666667 0.7075 0.47 0.69625 0.475 0.6875 0.475 0.6775 0.4683333333333333 0.6725 0.46 0.67 0.445 0.67125 0.43333333333333335 0.67875 0.42 0.68875 0.415 0.695 0.415
3 0.61375 0.22833333333333333 0.6375 0.22833333333333333 0.64 0.23166666666666666 0.6475 0.42333333333333334 0.65125 0.4666666666666667 0.6525 0.55 0.6575 0.615 0.65625 0.6266666666666667 0.65875 0.655 0.65875 0.6866666666666666 0.62625 0.6916666666666667 0.58625 0.6916666666666667 0.525 0.6983333333333334 0.48625 0.6983333333333334 0.3325 0.7083333333333334 0.30875 0.7066666666666667 0.305 0.655 0.3025 0.5166666666666667 0.3 0.485 0.30125 0.46 0.29625 0.38 0.2975 0.37333333333333335 0.295 0.3416666666666667 0.29625 0.31666666666666665 0.29375 0.2916666666666667 0.29375 0.24833333333333332 0.29625 0.245 0.32125 0.24333333333333335 0.36375 0.24333333333333335 0.6125 0.22833333333333333