0 0.44625 0.275 0.4575 0.2816666666666667 0.46375 0.29833333333333334 0.46375 0.31 0.46125 0.32 0.45375 0.33 0.44625 0.3333333333333333 0.43375 0.33166666666666667 0.42875 0.3283333333333333 0.4225 0.32 0.41875 0.30666666666666664 0.42 0.29333333333333333 0.42625 0.2816666666666667 0.43625 0.275 0.445 0.275
0 0.35125 0.44333333333333336 0.36 0.4483333333333333 0.36875 0.465 0.36875 0.47833333333333333 0.36625 0.48833333333333334 0.35375 0.5016666666666667 0.3425 0.5016666666666667 0.33375 0.49666666666666665 0.3275 0.4866666666666667 0.325 0.47 0.3275 0.4583333333333333 0.335 0.4483333333333333 0.33875 0.445 0.35 0.44333333333333336
0 0.2425 0.30333333333333334 0.24875 0.30666666666666664 0.2575 0.31666666666666665 0.26 0.33 0.25875 0.3466666666666667 0.25125 0.3566666666666667 0.24375 0.36 0.22875 0.36 0.2225 0.3566666666666667 0.215 0.3383333333333333 0.215 0.3233333333333333 0.22 0.31 0.23 0.30333333333333334 0.24125 0.30333333333333334
0 0.24375 0.165 0.25375 0.17666666666666667 0.25625 0.185 0.25625 0.19666666666666666 0.2525 0.21 0.24875 0.215 0.23625 0.22 0.2225 0.21833333333333332 0.21875 0.215 0.21125 0.19666666666666666 0.21125 0.18166666666666667 0.21625 0.17 0.2225 0.16333333333333333 0.2375 0.16166666666666665 0.2425 0.165
0 0.25125 0.44333333333333336 0.2575 0.44666666666666666 0.26375 0.455 0.2675 0.4683333333333333 0.2675 0.48333333333333334 0.2575 0.5 0.2475 0.505 0.22875 0.49666666666666665 0.2225 0.485 0.22 0.47 0.22375 0.45666666666666667 0.23 0.4483333333333333 0.23875 0.44333333333333336 0.25 0.44333333333333336
1 0.665 0.15 0.6725 0.16166666666666665 0.675 0.17166666666666666 0.6725 0.18666666666666668 0.66375 0.20166666666666666 0.66875 0.24333333333333335 0.6675 0.2816666666666667 0.67625 0.295 0.68 0.305 0.68 0.32166666666666666 0.67 0.3416666666666667 0.67375 0.34833333333333333 0.6725 0.42 0.68125 0.43166666666666664 0.68625 0.445 0.685 0.4583333333333333 0.67625 0.475 0.68 0.53 0.68 0.5833333333333334 0.68375 0.6416666666666667 0.685 0.7083333333333334 0.6875 0.73 0.68625 0.7466666666666667 0.6825 0.75 0.6725 0.7516666666666667 0.53875 0.76 0.5225 0.7633333333333333 0.4925 0.7633333333333333 0.475 0.7666666666666667 0.445 0.7666666666666667 0.42875 0.77 0.315 0.7766666666666666 0.2525 0.7833333333333333 0.24 0.7816666666666666 0.23625 0.765 0.235 0.6983333333333334 0.23125 0.6483333333333333 0.23125 0.5983333333333334 0.22875 0.5766666666666667 0.22875 0.5333333333333333 0.22625 0.5016666666666667 0.2275 0.49833333333333335 0.22125 0.48 0.22125 0.4633333333333333 0.225 0.4533333333333333 0.2225 0.37 0.22125 0.3566666666666667 0.215 0.3333333333333333 0.21625 0.31666666666666665 0.22 0.30833333333333335 0.22 0.29 0.21625 0.245 0.2175 0.22166666666666668 0.21125 0.19333333333333333 0.21125 0.185 0.21875 0.16833333333333333 0.225 0.16333333333333333 0.2375 0.16333333333333333 0.25625 0.17833333333333334 0.395 0.17333333333333334 0.42875 0.17 0.4825 0.17 0.50875 0.16666666666666666 0.6325 0.16166666666666665 0.64125 0.15 0.6475 0.14666666666666667 0.66125 0.14666666666666667 0.66375 0.15
2 0.60125 0.245 0.60875 0.25 0.61 0.25833333333333336 0.60875 0.2733333333333333 0.6125 0.31666666666666665 0.6125 0.37666666666666665 0.6075 0.38 0.53 0.38333333333333336 0.515 0.38333333333333336 0.51125 0.37666666666666665 0.51 0.32666666666666666 0.5075 0.30666666666666664 0.50875 0.25166666666666665 0.52375 0.24833333333333332 0.5675 0.24833333333333332 0.6 0.245
2 0.50875 0.545 0.51375 0.6216666666666667 0.515 0.6766666666666666 0.51 0.6816666666666666 0.46625 0.6833333333333333 0.42625 0.6883333333333334 0.41625 0.6883333333333334 0.41125 0.6816666666666666 0.40625 0.585 0.4075 0.5533333333333333 0.41375 0.5483333333333333 0.43875 0.5483333333333333 0.45 0.545 0.5075 0.545
2 0.45375 0.3983333333333333 0.5025 0.3983333333333333 0.50625 0.44 0.50875 0.53 0.49875 0.5333333333333333 0.4475 0.535 0.425 0.5383333333333333 0.4075 0.5366666666666666 0.405 0.5316666666666666 0.40125 0.4083333333333333 0.4025 0.4033333333333333 0.405 0.40166666666666667 0.4525 0.3983333333333333
2 0.38625 0.25666666666666665 0.39125 0.3883333333333333 0.375 0.39166666666666666 0.305 0.39666666666666667 0.28875 0.39666666666666667 0.28625 0.3883333333333333 0.28125 0.30666666666666664 0.28125 0.26166666666666666 0.28375 0.25833333333333336 0.29375 0.25666666666666665 0.325 0.255 0.385 0.25666666666666665
2 0.61125 0.39 0.61375 0.395 0.61625 0.445 0.61875 0.45666666666666667 0.6175 0.525 0.54375 0.53 0.5175 0.5283333333333333 0.51375 0.47833333333333333 0.51375 0.3983333333333333 0.51625 0.395 0.55 0.395 0.58375 0.39 0.61 0.39
2 0.3375 0.49833333333333335 0.34375 0.5016666666666667 0.3525 0.5016666666666667 0.35875 0.49833333333333335 0.3675 0.485 0.3675 0.4633333333333333 0.36375 0.455 0.3525 0.44333333333333336 0.3425 0.44333333333333336 0.33625 0.44666666666666666 0.32625 0.4633333333333333 0.3275 0.485 0.33625 0.49833333333333335
2 0.29875 0.695 0.295 0.655 0.295 0.6 0.2925 0.5683333333333334 0.29375 0.5583333333333333 0.30875 0.555 0.36125 0.5533333333333333 0.38125 0.55 0.3925 0.55 0.39625 0.5516666666666666 0.39875 0.5566666666666666 0.39875 0.61 0.4025 0.685 0.4 0.6883333333333334 0.36375 0.6933333333333334 0.3075 0.6966666666666667 0.3 0.695
2 0.6175 0.5366666666666666 0.62125 0.5466666666666666 0.625 0.6716666666666666 0.6175 0.675 0.5925 0.675 0.57125 0.68 0.5275 0.68 0.52375 0.6766666666666666 0.52 0.63 0.5175 0.5466666666666666 0.5225 0.5416666666666666 0.53625 0.54 0.61625 0.5366666666666666
2 0.4925 0.25 0.4975 0.25333333333333335 0.49875 0.2633333333333333 0.50375 0.375 0.5025 0.38333333333333336 0.4125 0.39 0.40375 0.39 0.4 0.38333333333333336 0.395 0.27 0.39625 0.25666666666666665 0.4 0.25333333333333335 0.4125 0.25166666666666665 0.49125 0.25
4 0.66 0.145 0.67125 0.155 0.67625 0.175 0.67 0.195 0.66 0.20333333333333334 0.6525 0.20333333333333334 0.64 0.19666666666666666 0.635 0.19 0.6325 0.17833333333333334 0.6325 0.16333333333333333 0.64 0.15 0.6475 0.145 0.65875 0.145
4 0.66875 0.285 0.675 0.29 0.67875 0.2966666666666667 0.6825 0.315 0.67625 0.3333333333333333 0.66375 0.3416666666666667 0.65375 0.3416666666666667 0.645 0.335 0.64 0.32166666666666666 0.64 0.3 0.65125 0.285 0.6675 0.285
4 0.595 0.6133333333333333 0.6 0.6183333333333333 0.60375 0.6283333333333333 0.605 0.6433333333333333 0.6025 0.6533333333333333 0.595 0.6633333333333333 0.58625 0.6683333333333333 0.57125 0.665 0.56625 0.6583333333333333 0.5625 0.6483333333333333 0.56125 0.6333333333333333 0.56625 0.6183333333333333 0.575 0.61 0.5825 0.6083333333333333 0.59375 0.6133333333333333
4 0.66625 0.42 0.6775 0.425 0.685 0.43666666666666665 0.6875 0.44666666666666666 0.68625 0.4583333333333333 0.68125 0.47 0.67 0.47833333333333333 0.6575 0.47833333333333333 0.6525 0.475 0.64375 0.4583333333333333 0.64375 0.44 0.64625 0.43166666666666664 0.65375 0.42333333333333334 0.665 0.42
3 0.5725 0.23666666666666666 0.57375 0.23833333333333334 0.60875 0.235 0.6125 0.23666666666666666 0.61375 0.24 0.6175 0.31 0.61625 0.335 0.61875 0.3516666666666667 0.62125 0.435 0.62375 0.4483333333333333 0.6225 0.46166666666666667 0.63125 0.6683333333333333 0.63 0.6783333333333333 0.605 0.6833333333333333 0.52375 0.6866666666666666 0.48375 0.6916666666666667 0.405 0.695 0.39375 0.6983333333333334 0.38625 0.6966666666666667 0.3575 0.7 0.3225 0.7 0.3025 0.7033333333333334 0.295 0.7033333333333334 0.2925 0.7 0.29125 0.685 0.28375 0.4766666666666667 0.28875 0.475 0.29125 0.5033333333333333 0.29125 0.5383333333333333 0.29625 0.5466666666666666 0.39375 0.54 0.39875 0.535 0.395 0.47833333333333333 0.39625 0.4716666666666667 0.39375 0.4116666666666667 0.39125 0.40166666666666667 0.3825 0.4 0.335 0.40166666666666667 0.32375 0.405 0.29 0.4066666666666667 0.2875 0.41 0.28875 0.4533333333333333 0.28625 0.46166666666666667 0.28125 0.43166666666666664 0.28125 0.39666666666666667 0.2775 0.3433333333333333 0.27875 0.32166666666666666 0.275 0.25166666666666665 0.2775 0.24833333333333332 0.345 0.24833333333333332 0.365 0.245 0.45875 0.24333333333333335 0.57125 0.23666666666666666