0 0.58625 0.32666666666666666 0.5925 0.34 0.5925 0.3566666666666667 0.58875 0.365 0.58125 0.37166666666666665 0.56375 0.37 0.5575 0.35833333333333334 0.55625 0.3433333333333333 0.56125 0.33 0.5675 0.325 0.58 0.3233333333333333 0.585 0.32666666666666666
0 0.4125 0.25333333333333335 0.42 0.25833333333333336 0.42375 0.2783333333333333 0.42 0.29333333333333333 0.41125 0.3 0.3975 0.2966666666666667 0.39125 0.28833333333333333 0.38875 0.28 0.39 0.265 0.39625 0.255 0.41125 0.25333333333333335
0 0.43 0.47333333333333333 0.44 0.48333333333333334 0.4425 0.49 0.4425 0.5016666666666667 0.43875 0.5133333333333333 0.425 0.52 0.41375 0.5166666666666667 0.4075 0.5083333333333333 0.40625 0.49 0.4125 0.4766666666666667 0.4175 0.47333333333333333 0.42875 0.47333333333333333
0 0.4225 0.365 0.43125 0.37666666666666665 0.4325 0.38666666666666666 0.42875 0.4 0.425 0.405 0.415 0.41 0.4 0.4033333333333333 0.39625 0.3933333333333333 0.39625 0.38 0.39875 0.37166666666666665 0.405 0.365 0.42125 0.365
0 0.6925 0.445 0.6975 0.4483333333333333 0.7025 0.45666666666666667 0.70375 0.47333333333333333 0.70125 0.4816666666666667 0.69625 0.48833333333333334 0.69 0.49166666666666664 0.68 0.49166666666666664 0.67375 0.48833333333333334 0.66875 0.48 0.6675 0.4666666666666667 0.67125 0.4533333333333333 0.675 0.4483333333333333 0.68 0.445 0.69125 0.445
1 0.7525 0.20166666666666666 0.75875 0.20666666666666667 0.76375 0.21833333333333332 0.7625 0.23333333333333334 0.7575 0.24666666666666667 0.76375 0.2733333333333333 0.76625 0.31333333333333335 0.77375 0.325 0.77625 0.3333333333333333 0.77625 0.34 0.77 0.35333333333333333 0.77 0.35833333333333334 0.77625 0.40166666666666667 0.77625 0.4266666666666667 0.785 0.44333333333333336 0.785 0.45666666666666667 0.78 0.47 0.7825 0.475 0.78125 0.48 0.78375 0.4866666666666667 0.7875 0.54 0.79125 0.56 0.7925 0.5983333333333334 0.80125 0.68 0.8 0.7016666666666667 0.76375 0.705 0.74 0.71 0.6775 0.715 0.61 0.725 0.595 0.725 0.44625 0.745 0.43125 0.745 0.4275 0.7366666666666667 0.41125 0.52 0.40625 0.5033333333333333 0.40625 0.4633333333333333 0.4025 0.44 0.4025 0.4166666666666667 0.39625 0.38666666666666666 0.39875 0.36 0.3925 0.31833333333333336 0.3925 0.2916666666666667 0.39 0.285 0.39 0.2683333333333333 0.3925 0.26166666666666666 0.4 0.255 0.4125 0.255 0.42 0.26 0.45125 0.25833333333333336 0.46875 0.25333333333333335 0.54625 0.24333333333333335 0.58625 0.235 0.6 0.235 0.71125 0.215 0.72625 0.215 0.73875 0.20166666666666666 0.75125 0.20166666666666666
2 0.72125 0.405 0.72375 0.4116666666666667 0.72625 0.44166666666666665 0.72875 0.45 0.7325 0.515 0.7275 0.5183333333333333 0.7 0.52 0.66625 0.5266666666666666 0.64625 0.525 0.63875 0.45 0.6375 0.41833333333333333 0.64 0.415 0.64625 0.41333333333333333 0.68125 0.41 0.7125 0.4033333333333333 0.72 0.405
2 0.61625 0.2966666666666667 0.62 0.3 0.62 0.31833333333333336 0.6275 0.3883333333333333 0.6275 0.405 0.6225 0.41 0.58375 0.41333333333333333 0.56375 0.41833333333333333 0.545 0.41833333333333333 0.5425 0.41333333333333333 0.5425 0.39666666666666667 0.53875 0.37333333333333335 0.535 0.32166666666666666 0.53625 0.31166666666666665 0.54 0.30833333333333335 0.56 0.30333333333333334 0.615 0.2966666666666667
2 0.63875 0.54 0.64125 0.5433333333333333 0.645 0.5883333333333334 0.64875 0.605 0.64875 0.6333333333333333 0.65125 0.6383333333333333 0.65 0.65 0.64125 0.6533333333333333 0.61625 0.655 0.5825 0.6616666666666666 0.5675 0.6616666666666666 0.56375 0.6533333333333333 0.55875 0.5783333333333334 0.55625 0.57 0.5575 0.55 0.57375 0.545 0.59125 0.545 0.6 0.5416666666666666 0.6375 0.54
2 0.5925 0.48 0.095 0.12333333333333334
2 0.71 0.2833333333333333 0.71375 0.2966666666666667 0.71625 0.32 0.72125 0.38333333333333336 0.72 0.3933333333333333 0.71375 0.39666666666666667 0.69875 0.39666666666666667 0.64 0.4066666666666667 0.635 0.4033333333333333 0.63375 0.39666666666666667 0.63125 0.3516666666666667 0.62875 0.3433333333333333 0.62875 0.3283333333333333 0.62625 0.315 0.62625 0.2966666666666667 0.64125 0.2916666666666667 0.67625 0.28833333333333333 0.69875 0.2816666666666667 0.70875 0.2833333333333333
2 0.52625 0.31166666666666665 0.52875 0.32 0.53375 0.385 0.53625 0.395 0.53625 0.41833333333333333 0.53375 0.4216666666666667 0.52625 0.42333333333333334 0.48125 0.42833333333333334 0.46125 0.43333333333333335 0.4525 0.43166666666666664 0.45125 0.4066666666666667 0.4475 0.39 0.4475 0.3566666666666667 0.44625 0.3383333333333333 0.44375 0.335 0.445 0.3233333333333333 0.47375 0.31666666666666665 0.525 0.31166666666666665
2 0.5475 0.5516666666666666 0.55 0.5566666666666666 0.5575 0.6366666666666667 0.5575 0.6616666666666666 0.5525 0.665 0.515 0.6683333333333333 0.48375 0.675 0.47625 0.675 0.4725 0.67 0.4725 0.6483333333333333 0.47 0.6383333333333333 0.465 0.5716666666666667 0.46625 0.56 0.51 0.5566666666666666 0.53 0.5516666666666666 0.54625 0.5516666666666666
2 0.73375 0.5283333333333333 0.73625 0.5383333333333333 0.745 0.6366666666666667 0.74125 0.64 0.72625 0.6433333333333333 0.6725 0.65 0.66 0.65 0.65625 0.6433333333333333 0.6525 0.5883333333333334 0.65 0.5783333333333334 0.65 0.56 0.6475 0.5433333333333333 0.64875 0.5383333333333333 0.65375 0.535 0.69375 0.5283333333333333 0.7325 0.5283333333333333
2 0.53625 0.43 0.53875 0.43166666666666664 0.5475 0.5383333333333333 0.545 0.5416666666666666 0.48 0.5516666666666666 0.46375 0.55 0.4575 0.495 0.4575 0.4716666666666667 0.455 0.46 0.45625 0.44166666666666665 0.51125 0.43166666666666664 0.535 0.43
4 0.76625 0.31333333333333335 0.775 0.325 0.77625 0.345 0.77 0.355 0.76125 0.36 0.7525 0.36 0.74625 0.3566666666666667 0.74 0.345 0.73875 0.33166666666666667 0.74125 0.3233333333333333 0.7475 0.315 0.7575 0.31166666666666665 0.765 0.31333333333333335
4 0.715 0.5883333333333334 0.72 0.5933333333333334 0.7225 0.6 0.72375 0.6166666666666667 0.72 0.6266666666666667 0.71125 0.6333333333333333 0.69875 0.6333333333333333 0.69375 0.63 0.68875 0.62 0.6875 0.6033333333333334 0.69125 0.5933333333333334 0.69875 0.5866666666666667 0.71375 0.5883333333333334
4 0.75 0.19833333333333333 0.7575 0.20166666666666666 0.765 0.215 0.765 0.22833333333333333 0.76125 0.23833333333333334 0.755 0.245 0.74125 0.245 0.73375 0.24 0.7275 0.22666666666666666 0.7275 0.21666666666666667 0.73 0.20833333333333334 0.73875 0.2 0.74875 0.19833333333333333
4 0.768125 0.45 0.03875 0.05
3 0.47 0.6783333333333333 0.46375 0.6233333333333333 0.45875 0.545 0.455 0.5233333333333333 0.455 0.49166666666666664 0.45125 0.47333333333333333 0.45 0.44333333333333336 0.445 0.4166666666666667 0.445 0.38 0.44125 0.36 0.44 0.32 0.4425 0.31666666666666665 0.45 0.315 0.5 0.31 0.54625 0.3 0.6875 0.2816666666666667 0.695 0.2783333333333333 0.71375 0.2783333333333333 0.71625 0.2816666666666667 0.7175 0.29 0.7275 0.4066666666666667 0.735 0.465 0.735 0.48833333333333334 0.7375 0.495 0.73875 0.5316666666666666 0.74125 0.54 0.745 0.5983333333333334 0.74875 0.6216666666666667 0.74875 0.6433333333333333 0.7175 0.65 0.69375 0.65 0.6675 0.6566666666666666 0.6475 0.6566666666666666 0.62375 0.6616666666666666 0.605 0.6616666666666666 0.54 0.6716666666666666 0.525 0.6716666666666666 0.515 0.675 0.47125 0.6783333333333333