0 0.23625 0.265 0.245 0.28 0.24625 0.29 0.2425 0.30666666666666664 0.23 0.31833333333333336 0.21125 0.31833333333333336 0.2025 0.315 0.19375 0.29833333333333334 0.19375 0.28 0.19875 0.26666666666666666 0.20875 0.26 0.2225 0.25833333333333336 0.2325 0.26166666666666666 0.235 0.265
0 0.44 0.21666666666666667 0.44625 0.22 0.4525 0.23166666666666666 0.4525 0.26166666666666666 0.44125 0.275 0.4275 0.2783333333333333 0.41625 0.27666666666666667 0.4075 0.2683333333333333 0.4025 0.255 0.4025 0.23833333333333334 0.41 0.225 0.41875 0.21833333333333332 0.43875 0.21666666666666667
0 0.5725 0.37666666666666665 0.57625 0.37833333333333335 0.58125 0.3883333333333333 0.58125 0.42 0.57625 0.43 0.56375 0.43666666666666665 0.55125 0.43666666666666665 0.5425 0.42833333333333334 0.53875 0.415 0.53875 0.40166666666666667 0.54125 0.39166666666666666 0.54875 0.38166666666666665 0.56125 0.375 0.57125 0.37666666666666665
0 0.23875 0.4033333333333333 0.2475 0.4083333333333333 0.25625 0.41833333333333333 0.26 0.43666666666666665 0.2575 0.4483333333333333 0.25 0.4583333333333333 0.2375 0.465 0.22625 0.465 0.2125 0.46 0.2075 0.45166666666666666 0.205 0.44166666666666665 0.205 0.4266666666666667 0.20875 0.415 0.2125 0.41 0.22375 0.4033333333333333 0.2375 0.4033333333333333
0 0.21625 0.11166666666666666 0.2325 0.11833333333333333 0.2375 0.125 0.23875 0.14333333333333334 0.23875 0.15333333333333332 0.235 0.16333333333333333 0.23 0.16833333333333333 0.2175 0.17333333333333334 0.20625 0.17166666666666666 0.19125 0.16166666666666665 0.185 0.14333333333333334 0.18625 0.13 0.19 0.12166666666666667 0.20125 0.11333333333333333 0.215 0.11166666666666666
1 0.655 0.07 0.6625 0.07833333333333334 0.665 0.09166666666666666 0.6675 0.095 0.66125 0.115 0.655 0.12666666666666668 0.66125 0.13833333333333334 0.65875 0.16166666666666665 0.6625 0.17166666666666666 0.6625 0.18833333333333332 0.6675 0.19333333333333333 0.6675 0.20333333333333334 0.66375 0.20833333333333334 0.67 0.21666666666666667 0.675 0.23833333333333334 0.675 0.25 0.66625 0.26666666666666666 0.66 0.2733333333333333 0.66375 0.2916666666666667 0.66625 0.295 0.66625 0.30666666666666664 0.66875 0.31166666666666665 0.67 0.3283333333333333 0.6725 0.33166666666666667 0.67125 0.3516666666666667 0.67625 0.3616666666666667 0.68 0.38166666666666665 0.68 0.3933333333333333 0.67 0.415 0.67625 0.44 0.6775 0.515 0.68125 0.5466666666666666 0.68125 0.5816666666666667 0.68375 0.595 0.6875 0.6883333333333334 0.6825 0.6933333333333334 0.6475 0.6966666666666667 0.62625 0.7016666666666667 0.61 0.7016666666666667 0.57375 0.7083333333333334 0.4875 0.7166666666666667 0.415 0.7283333333333334 0.37 0.7316666666666667 0.3525 0.7366666666666667 0.3175 0.7383333333333333 0.24875 0.75 0.23625 0.75 0.2325 0.7433333333333333 0.23125 0.7333333333333333 0.23 0.6933333333333334 0.22375 0.63 0.22125 0.575 0.2175 0.5466666666666666 0.21875 0.5433333333333333 0.21625 0.5266666666666666 0.21625 0.505 0.21375 0.49166666666666664 0.21375 0.46166666666666667 0.20625 0.445 0.20625 0.42333333333333334 0.21 0.41 0.205 0.365 0.20375 0.33 0.20125 0.31333333333333335 0.195 0.29833333333333334 0.195 0.28 0.20125 0.26166666666666666 0.19875 0.24833333333333332 0.19875 0.22333333333333333 0.19375 0.205 0.1925 0.16166666666666665 0.1875 0.14833333333333334 0.1875 0.135 0.19125 0.125 0.2025 0.115 0.22125 0.115 0.2375 0.125 0.275 0.12333333333333334 0.33 0.11833333333333333 0.3425 0.115 0.37875 0.11333333333333333 0.39125 0.11 0.4125 0.11 0.42375 0.10666666666666667 0.445 0.10666666666666667 0.48375 0.1 0.50625 0.1 0.5175 0.09666666666666666 0.5625 0.09333333333333334 0.57625 0.09 0.6225 0.08833333333333333 0.63375 0.07333333333333333 0.64 0.07 0.65375 0.07
2 0.495 0.195 0.49625 0.19 0.5 0.18666666666666668 0.51875 0.18166666666666667 0.595 0.17666666666666667 0.5975 0.18833333333333332 0.5975 0.22333333333333333 0.6 0.23833333333333334 0.60125 0.28833333333333333 0.605 0.31 0.6025 0.31333333333333335 0.5925 0.31666666666666665 0.53375 0.3233333333333333 0.50125 0.3233333333333333 0.49625 0.2966666666666667 0.49875 0.245 0.49625 0.23333333333333334 0.4975 0.22166666666666668 0.495 0.215 0.4975 0.21 0.49625 0.19666666666666666
2 0.6025 0.32666666666666666 0.60625 0.33166666666666667 0.60625 0.37 0.61125 0.40166666666666667 0.61 0.41833333333333333 0.61375 0.45666666666666667 0.6125 0.4633333333333333 0.60875 0.4666666666666667 0.5875 0.47 0.5675 0.47 0.515 0.47833333333333333 0.51125 0.4766666666666667 0.50875 0.4716666666666667 0.50625 0.435 0.50375 0.42833333333333334 0.505 0.4033333333333333 0.50125 0.38333333333333336 0.5025 0.3416666666666667 0.5125 0.33666666666666667 0.5225 0.33666666666666667 0.53125 0.3333333333333333 0.60125 0.32666666666666666
2 0.49125 0.3433333333333333 0.4925 0.36333333333333334 0.495 0.37166666666666665 0.495 0.4 0.4975 0.4166666666666667 0.5 0.4766666666666667 0.4975 0.48 0.4875 0.4816666666666667 0.415 0.49 0.39625 0.49 0.39375 0.4816666666666667 0.3925 0.4216666666666667 0.38625 0.39166666666666666 0.38625 0.36666666666666664 0.38875 0.3616666666666667 0.3875 0.35833333333333334 0.395 0.35 0.41 0.3466666666666667 0.47 0.3416666666666667 0.49 0.3433333333333333
2 0.35375 0.2 0.36625 0.20166666666666666 0.36875 0.21 0.3775 0.33666666666666667 0.3675 0.3416666666666667 0.29375 0.3516666666666667 0.275 0.3516666666666667 0.27125 0.34833333333333333 0.27 0.3433333333333333 0.26375 0.3 0.26375 0.27 0.26 0.23333333333333334 0.26125 0.215 0.2675 0.20833333333333334 0.32125 0.205 0.3525 0.2
2 0.2775 0.48333333333333334 0.27875 0.4766666666666667 0.27625 0.4633333333333333 0.27625 0.435 0.27375 0.425 0.2725 0.4033333333333333 0.27375 0.37 0.27625 0.3616666666666667 0.3275 0.35833333333333334 0.35 0.35333333333333333 0.37625 0.35333333333333333 0.38 0.4 0.3825 0.4083333333333333 0.38625 0.49166666666666664 0.38 0.495 0.36125 0.495 0.325 0.5016666666666667 0.28625 0.505 0.28125 0.5016666666666667 0.27875 0.495 0.27875 0.485
2 0.38625 0.505 0.38875 0.5133333333333333 0.39 0.5466666666666666 0.3925 0.5616666666666666 0.39625 0.6433333333333333 0.38875 0.6483333333333333 0.36625 0.6483333333333333 0.3475 0.6533333333333333 0.31 0.6566666666666666 0.295 0.6616666666666666 0.2925 0.6616666666666666 0.29 0.6566666666666666 0.29125 0.6466666666666666 0.28875 0.6383333333333333 0.28875 0.615 0.28625 0.605 0.2875 0.5883333333333334 0.285 0.585 0.28625 0.5633333333333334 0.28375 0.5383333333333333 0.285 0.5183333333333333 0.29125 0.515 0.3475 0.51 0.38 0.5033333333333333 0.385 0.505
2 0.40375 0.6183333333333333 0.405 0.61 0.40125 0.5983333333333334 0.4025 0.58 0.3975 0.515 0.39875 0.5066666666666667 0.40125 0.5033333333333333 0.45375 0.495 0.5 0.49166666666666664 0.5025 0.49666666666666665 0.50375 0.535 0.50875 0.5766666666666667 0.50875 0.6316666666666667 0.49625 0.635 0.4575 0.6366666666666667 0.40625 0.6433333333333333 0.40375 0.6383333333333333 0.405 0.62
2 0.38 0.2783333333333333 0.38 0.205 0.3875 0.19833333333333333 0.40125 0.195 0.41875 0.195 0.44125 0.19 0.47 0.18833333333333332 0.47875 0.18833333333333332 0.4825 0.195 0.48875 0.30333333333333334 0.49125 0.31666666666666665 0.49125 0.3233333333333333 0.48875 0.32666666666666666 0.45625 0.3333333333333333 0.38875 0.3383333333333333 0.38625 0.33666666666666667 0.385 0.3283333333333333 0.385 0.28833333333333333 0.38125 0.2783333333333333
2 0.6125 0.4766666666666667 0.615 0.4816666666666667 0.61625 0.49666666666666665 0.615 0.505 0.62125 0.57 0.62 0.575 0.62375 0.6083333333333333 0.6225 0.615 0.6125 0.62 0.5325 0.6266666666666667 0.52375 0.6316666666666667 0.52125 0.6316666666666667 0.51875 0.6266666666666667 0.51875 0.6116666666666667 0.51375 0.5766666666666667 0.515 0.5533333333333333 0.51125 0.525 0.51125 0.49333333333333335 0.51375 0.49 0.52 0.48833333333333334 0.55625 0.485 0.565 0.4816666666666667 0.58625 0.4816666666666667 0.61125 0.4766666666666667
4 0.58625 0.555 0.59625 0.5616666666666666 0.59875 0.5666666666666667 0.6 0.5983333333333334 0.5925 0.61 0.585 0.6133333333333333 0.57375 0.6133333333333333 0.56625 0.61 0.56125 0.6033333333333334 0.5575 0.5883333333333334 0.55875 0.5733333333333334 0.5675 0.5583333333333333 0.57375 0.555 0.585 0.555
4 0.65875 0.06833333333333333 0.6675 0.07666666666666666 0.67 0.09666666666666666 0.665 0.115 0.6575 0.12333333333333334 0.64875 0.12666666666666668 0.63625 0.125 0.62375 0.11166666666666666 0.62125 0.10333333333333333 0.62125 0.08666666666666667 0.62625 0.07666666666666666 0.63625 0.06833333333333333 0.6575 0.06833333333333333
4 0.66875 0.21333333333333335 0.6775 0.23 0.6775 0.25 0.66875 0.265 0.65625 0.27166666666666667 0.64375 0.27166666666666667 0.635 0.26166666666666666 0.63 0.24833333333333332 0.63 0.23333333333333334 0.6325 0.22666666666666666 0.64375 0.215 0.655 0.21166666666666667 0.6675 0.21333333333333335
4 0.6675 0.35333333333333333 0.675 0.355 0.68125 0.37166666666666665 0.6825 0.39 0.67625 0.4066666666666667 0.6675 0.41333333333333333 0.6475 0.415 0.64 0.4083333333333333 0.6375 0.4 0.63625 0.385 0.64 0.36833333333333335 0.64875 0.35833333333333334 0.66625 0.355
3 0.6025 0.16666666666666666 0.605 0.16833333333333333 0.60625 0.195 0.60625 0.23 0.60375 0.25166666666666665 0.60625 0.25833333333333336 0.60625 0.27666666666666667 0.61 0.3 0.60875 0.31 0.6125 0.32666666666666666 0.61 0.3416666666666667 0.615 0.37166666666666665 0.61625 0.425 0.62 0.44166666666666665 0.62 0.45166666666666666 0.6175 0.45666666666666667 0.62 0.4666666666666667 0.62125 0.5116666666666667 0.625 0.535 0.62375 0.5416666666666666 0.62625 0.5466666666666666 0.625 0.5616666666666666 0.6275 0.5716666666666667 0.62625 0.585 0.62875 0.62 0.62375 0.625 0.6175 0.6266666666666667 0.56625 0.6316666666666667 0.54375 0.6366666666666667 0.5175 0.6366666666666667 0.45875 0.6483333333333333 0.43375 0.6483333333333333 0.4225 0.6516666666666666 0.38625 0.6533333333333333 0.38125 0.6566666666666666 0.30875 0.665 0.2875 0.6633333333333333 0.28875 0.65 0.285 0.6466666666666666 0.285 0.6316666666666667 0.28125 0.615 0.2825 0.605 0.28125 0.5933333333333334 0.27875 0.5883333333333334 0.28125 0.5766666666666667 0.2775 0.5566666666666666 0.27375 0.49333333333333335 0.275 0.485 0.27125 0.47 0.27 0.435 0.275 0.435 0.2775 0.45166666666666666 0.28 0.45666666666666667 0.2775 0.4633333333333333 0.2775 0.4866666666666667 0.28 0.49 0.28125 0.5 0.285 0.5033333333333333 0.30875 0.5033333333333333 0.38375 0.49166666666666664 0.38625 0.48833333333333334 0.3875 0.47833333333333333 0.385 0.4666666666666667 0.385 0.435 0.3825 0.4266666666666667 0.3825 0.41 0.37875 0.39 0.37875 0.3566666666666667 0.37375 0.3516666666666667 0.36375 0.3516666666666667 0.33375 0.3566666666666667 0.31625 0.3566666666666667 0.30625 0.3616666666666667 0.27625 0.365 0.2725 0.37666666666666665 0.275 0.4116666666666667 0.27125 0.4116666666666667 0.26875 0.41 0.26625 0.39166666666666666 0.2675 0.36833333333333335 0.2625 0.3416666666666667 0.26 0.30333333333333334 0.2625 0.3016666666666667 0.26625 0.31 0.2675 0.3283333333333333 0.2725 0.3383333333333333 0.2725 0.3466666666666667 0.275 0.35 0.30625 0.35 0.31875 0.3466666666666667 0.36375 0.3433333333333333 0.37375 0.34 0.3775 0.335 0.3775 0.33 0.37375 0.3016666666666667 0.375 0.275 0.37125 0.265 0.37125 0.24333333333333335 0.3675 0.21833333333333332 0.3675 0.20166666666666666 0.36375 0.19833333333333333 0.35 0.19833333333333333 0.2625 0.21 0.25875 0.21666666666666667 0.25875 0.24666666666666667 0.25625 0.24166666666666667 0.2575 0.205 0.26125 0.20166666666666666 0.275 0.19833333333333333 0.32875 0.195 0.33875 0.19166666666666668 0.345 0.19333333333333333 0.3675 0.18833333333333332 0.42375 0.185 0.50625 0.17333333333333334 0.5325 0.17333333333333334 0.59375 0.165 0.60125 0.16666666666666666