0 0.23625 0.265 0.245 0.28 0.24625 0.29333333333333333 0.24125 0.30833333333333335 0.22875 0.31833333333333336 0.21125 0.31833333333333336 0.2025 0.315 0.19375 0.29833333333333334 0.19375 0.28 0.19875 0.26666666666666666 0.20875 0.26 0.2225 0.25833333333333336 0.2325 0.26166666666666666 0.235 0.265
0 0.44 0.21666666666666667 0.44625 0.22 0.4525 0.23166666666666666 0.45375 0.25666666666666665 0.44875 0.2683333333333333 0.43875 0.27666666666666667 0.43125 0.2783333333333333 0.41625 0.27666666666666667 0.4075 0.2683333333333333 0.4025 0.25333333333333335 0.4025 0.23833333333333334 0.41 0.225 0.41875 0.21833333333333332 0.43875 0.21666666666666667
0 0.5725 0.37666666666666665 0.5775 0.38 0.58125 0.39 0.58125 0.42 0.57625 0.43 0.56375 0.43666666666666665 0.55125 0.43666666666666665 0.54625 0.43333333333333335 0.54125 0.425 0.53875 0.4033333333333333 0.54125 0.39166666666666666 0.54875 0.38166666666666665 0.56125 0.375 0.57125 0.37666666666666665
0 0.23875 0.4033333333333333 0.25125 0.4116666666666667 0.2575 0.4216666666666667 0.25875 0.445 0.25125 0.45666666666666667 0.2375 0.465 0.22625 0.465 0.2125 0.46 0.2075 0.45166666666666666 0.205 0.44166666666666665 0.205 0.42833333333333334 0.2125 0.41 0.22375 0.4033333333333333 0.2375 0.4033333333333333
0 0.22125 0.11333333333333333 0.2325 0.11833333333333333 0.2375 0.12666666666666668 0.2375 0.15833333333333333 0.23125 0.16833333333333333 0.2175 0.17333333333333334 0.20125 0.17 0.1925 0.16333333333333333 0.18625 0.15 0.185 0.13666666666666666 0.1875 0.12666666666666668 0.19375 0.11833333333333333 0.205 0.11166666666666666 0.22 0.11333333333333333
1 0.64 0.075 0.64375 0.08 0.64875 0.08 0.65 0.085 0.65375 0.075 0.6575 0.07666666666666666 0.66 0.08166666666666667 0.66 0.09166666666666666 0.6625 0.09666666666666666 0.6575 0.10833333333333334 0.6575 0.11833333333333333 0.64625 0.12666666666666668 0.655 0.13 0.66 0.13833333333333334 0.65875 0.16 0.6625 0.18833333333333332 0.6675 0.19166666666666668 0.6675 0.20333333333333334 0.6625 0.21 0.6625 0.21333333333333335 0.66625 0.21666666666666667 0.66375 0.22166666666666668 0.67125 0.23333333333333334 0.67375 0.24666666666666667 0.66875 0.26 0.655 0.2733333333333333 0.6575 0.2783333333333333 0.66125 0.28 0.66625 0.29833333333333334 0.6675 0.32 0.67125 0.335 0.66875 0.3516666666666667 0.67875 0.37666666666666665 0.67875 0.39166666666666666 0.675 0.4033333333333333 0.6675 0.41333333333333333 0.6675 0.4166666666666667 0.67125 0.42 0.675 0.43666666666666665 0.68125 0.5833333333333334 0.68875 0.6833333333333333 0.685 0.6916666666666667 0.67375 0.695 0.6525 0.695 0.625 0.7016666666666667 0.52375 0.7116666666666667 0.5 0.7166666666666667 0.45875 0.72 0.43875 0.725 0.36875 0.7316666666666667 0.34875 0.7366666666666667 0.3175 0.7383333333333333 0.26125 0.7483333333333333 0.23625 0.75 0.2325 0.7433333333333333 0.23125 0.735 0.22625 0.6416666666666667 0.22375 0.6283333333333333 0.21875 0.54 0.21625 0.5266666666666666 0.21625 0.505 0.21375 0.49 0.21375 0.4716666666666667 0.21625 0.4583333333333333 0.21 0.45166666666666666 0.2075 0.44166666666666665 0.2075 0.425 0.21125 0.41 0.20875 0.405 0.2075 0.3933333333333333 0.2025 0.31833333333333336 0.2 0.305 0.19625 0.2966666666666667 0.19625 0.28 0.19875 0.2683333333333333 0.20125 0.265 0.19875 0.25166666666666665 0.19875 0.22833333333333333 0.19375 0.205 0.19375 0.17 0.19625 0.16666666666666666 0.18875 0.15 0.18875 0.135 0.195 0.12333333333333334 0.2025 0.11666666666666667 0.22375 0.11833333333333333 0.2375 0.12666666666666668 0.25125 0.12333333333333334 0.255 0.125 0.275 0.12166666666666667 0.3175 0.12 0.34625 0.115 0.45875 0.105 0.47125 0.10166666666666667 0.5025 0.1 0.59375 0.08833333333333333 0.61875 0.08833333333333333 0.62125 0.09166666666666666 0.6225 0.10166666666666667 0.62625 0.085 0.6325 0.07833333333333334 0.63625 0.08 0.64 0.07666666666666666
2 0.495 0.20666666666666667 0.495 0.19166666666666668 0.5025 0.185 0.55125 0.17833333333333334 0.57375 0.17833333333333334 0.5875 0.175 0.595 0.17666666666666667 0.5975 0.19833333333333333 0.60125 0.28833333333333333 0.605 0.30666666666666664 0.605 0.31 0.59875 0.315 0.53375 0.3233333333333333 0.5075 0.325 0.5 0.32166666666666666 0.49625 0.295 0.4975 0.28 0.5 0.275 0.4975 0.2683333333333333 0.4975 0.22333333333333333 0.49375 0.21666666666666667 0.49625 0.20833333333333334
2 0.5025 0.3416666666666667 0.51125 0.33666666666666667 0.5225 0.33666666666666667 0.54125 0.33166666666666667 0.6025 0.32666666666666666 0.60625 0.33166666666666667 0.60625 0.36833333333333335 0.60875 0.38 0.61125 0.44166666666666665 0.61375 0.4583333333333333 0.6125 0.4633333333333333 0.60875 0.4666666666666667 0.5675 0.47 0.52875 0.4766666666666667 0.51125 0.4766666666666667 0.50875 0.47 0.5075 0.44333333333333336 0.505 0.43833333333333335 0.50375 0.4066666666666667 0.50625 0.39666666666666667 0.5025 0.385 0.5025 0.3433333333333333
2 0.49 0.3416666666666667 0.4925 0.345 0.4925 0.365 0.495 0.37333333333333335 0.5 0.4766666666666667 0.4975 0.48 0.48875 0.4816666666666667 0.47375 0.4816666666666667 0.415 0.49 0.3975 0.49 0.39375 0.48 0.39375 0.4633333333333333 0.39 0.4583333333333333 0.39375 0.45166666666666666 0.39 0.41 0.3875 0.40166666666666667 0.3875 0.35833333333333334 0.395 0.35 0.40875 0.3466666666666667 0.44625 0.345 0.45875 0.3416666666666667 0.48875 0.3416666666666667
2 0.3625 0.2 0.36625 0.20166666666666666 0.36875 0.20833333333333334 0.3775 0.33666666666666667 0.3675 0.3416666666666667 0.29375 0.3516666666666667 0.275 0.3516666666666667 0.27125 0.34833333333333333 0.27 0.3433333333333333 0.2625 0.2916666666666667 0.26375 0.26666666666666666 0.26 0.22666666666666666 0.2625 0.21166666666666667 0.2675 0.20833333333333334 0.36125 0.2
2 0.37625 0.35333333333333333 0.37875 0.36 0.3775 0.36833333333333335 0.38 0.38166666666666665 0.38 0.40166666666666667 0.3825 0.41 0.38625 0.49166666666666664 0.38 0.495 0.3625 0.495 0.3 0.505 0.28375 0.5033333333333333 0.28125 0.5 0.27875 0.48833333333333334 0.28 0.48 0.2775 0.4683333333333333 0.2775 0.445 0.2725 0.4033333333333333 0.275 0.36333333333333334 0.30875 0.35833333333333334 0.3275 0.35833333333333334 0.34875 0.35333333333333333 0.375 0.35333333333333333
2 0.285 0.5183333333333333 0.29125 0.515 0.32125 0.5133333333333333 0.385 0.5033333333333333 0.38875 0.5116666666666667 0.39625 0.625 0.39625 0.6433333333333333 0.3925 0.6483333333333333 0.3825 0.6466666666666666 0.355 0.65 0.34875 0.6533333333333333 0.32125 0.655 0.2925 0.6616666666666666 0.29 0.6566666666666666 0.29125 0.645 0.28875 0.6366666666666667 0.28875 0.615 0.28625 0.6066666666666667 0.2875 0.5883333333333334 0.285 0.585 0.285 0.52
2 0.4975 0.49 0.5025 0.49666666666666665 0.505 0.5516666666666666 0.50875 0.5766666666666667 0.51 0.63 0.495 0.635 0.4575 0.6366666666666667 0.4175 0.6433333333333333 0.4075 0.6433333333333333 0.405 0.64 0.405 0.6083333333333333 0.4025 0.6033333333333334 0.4 0.5316666666666666 0.3975 0.5216666666666666 0.39875 0.5066666666666667 0.40125 0.5033333333333333 0.41375 0.5 0.49625 0.49166666666666664
2 0.4275 0.25 0.43125 0.245 0.43 0.24166666666666667 0.425 0.24166666666666667 0.4225 0.245 0.4225 0.25 0.41875 0.255 0.425 0.26166666666666666 0.41875 0.26666666666666666 0.4175 0.2733333333333333 0.42 0.27666666666666667 0.435 0.27666666666666667 0.44125 0.27166666666666667 0.44375 0.265 0.44 0.26166666666666666 0.43125 0.26166666666666666 0.43375 0.255 0.42875 0.25166666666666665
2 0.6125 0.4766666666666667 0.615 0.4816666666666667 0.615 0.5066666666666667 0.62125 0.565 0.62125 0.59 0.62375 0.6066666666666667 0.6225 0.615 0.6125 0.62 0.5325 0.6266666666666667 0.52375 0.6316666666666667 0.52125 0.6316666666666667 0.51875 0.6266666666666667 0.51875 0.6133333333333333 0.515 0.59 0.515 0.5516666666666666 0.51125 0.5183333333333333 0.51125 0.49333333333333335 0.52 0.48833333333333334 0.55625 0.485 0.565 0.4816666666666667 0.59875 0.48 0.61125 0.4766666666666667
4 0.65875 0.06833333333333333 0.6675 0.07666666666666666 0.67 0.09833333333333333 0.665 0.115 0.66 0.12166666666666667 0.64875 0.12666666666666668 0.63625 0.125 0.625 0.11333333333333333 0.62125 0.10333333333333333 0.62125 0.08666666666666667 0.62625 0.07666666666666666 0.63625 0.06833333333333333 0.6575 0.06833333333333333
4 0.58625 0.555 0.5925 0.5583333333333333 0.59875 0.5666666666666667 0.6 0.5983333333333334 0.5925 0.61 0.585 0.6133333333333333 0.57 0.6116666666666667 0.565 0.6083333333333333 0.56 0.6 0.5575 0.5883333333333334 0.55875 0.5733333333333334 0.56625 0.56 0.57375 0.555 0.585 0.555
4 0.66625 0.21166666666666667 0.67625 0.225 0.67875 0.24 0.6775 0.25166666666666665 0.66875 0.265 0.65625 0.27166666666666667 0.64375 0.27166666666666667 0.635 0.26166666666666666 0.63 0.24833333333333332 0.63 0.23333333333333334 0.6325 0.22666666666666666 0.64375 0.215 0.665 0.21166666666666667
4 0.675 0.355 0.68125 0.37166666666666665 0.6825 0.39 0.67375 0.41 0.66125 0.415 0.64875 0.415 0.64 0.4066666666666667 0.6375 0.4 0.63875 0.37333333333333335 0.64 0.36833333333333335 0.65 0.35833333333333334 0.6575 0.355 0.67375 0.355
3 0.6 0.165 0.605 0.16833333333333333 0.605 0.19166666666666668 0.6075 0.19833333333333333 0.6075 0.22333333333333333 0.60375 0.23666666666666666 0.60375 0.24833333333333332 0.60625 0.255 0.60625 0.2783333333333333 0.60875 0.2833333333333333 0.60875 0.30333333333333334 0.61125 0.315 0.61 0.34 0.615 0.36833333333333335 0.615 0.41333333333333333 0.62 0.44 0.62 0.4533333333333333 0.6175 0.45666666666666667 0.62 0.465 0.6225 0.515 0.62125 0.5183333333333333 0.625 0.5316666666666666 0.62625 0.5483333333333333 0.62875 0.62 0.62375 0.625 0.6175 0.6266666666666667 0.565 0.6316666666666667 0.5425 0.6366666666666667 0.51625 0.6366666666666667 0.50875 0.64 0.4875 0.6416666666666667 0.45875 0.6483333333333333 0.43375 0.6483333333333333 0.42125 0.6516666666666666 0.38625 0.6533333333333333 0.38125 0.6566666666666666 0.30875 0.665 0.2875 0.665 0.28875 0.6566666666666666 0.285 0.6466666666666666 0.285 0.6316666666666667 0.28125 0.615 0.2825 0.605 0.28125 0.5933333333333334 0.27875 0.5883333333333334 0.28 0.5733333333333334 0.2775 0.5583333333333333 0.275 0.49666666666666665 0.27125 0.47333333333333333 0.26875 0.435 0.27375 0.43333333333333335 0.2775 0.445 0.2775 0.4633333333333333 0.28 0.4766666666666667 0.2775 0.48333333333333334 0.28 0.49 0.28 0.49833333333333335 0.285 0.5033333333333333 0.32375 0.5016666666666667 0.38375 0.49166666666666664 0.38625 0.48833333333333334 0.3875 0.47833333333333333 0.385 0.465 0.38625 0.455 0.38375 0.445 0.385 0.435 0.3825 0.425 0.38125 0.4 0.37875 0.3933333333333333 0.37875 0.355 0.37375 0.3516666666666667 0.36125 0.3516666666666667 0.3325 0.3566666666666667 0.3175 0.3566666666666667 0.31 0.35833333333333334 0.3075 0.3616666666666667 0.27875 0.36333333333333334 0.275 0.36666666666666664 0.2725 0.38 0.2725 0.41333333333333333 0.26875 0.41 0.2675 0.405 0.2675 0.36833333333333335 0.2625 0.3433333333333333 0.26 0.30333333333333334 0.26125 0.3016666666666667 0.26625 0.31166666666666665 0.2675 0.32666666666666666 0.27125 0.33166666666666667 0.2725 0.345 0.275 0.35 0.30625 0.35 0.31875 0.3466666666666667 0.355 0.345 0.37375 0.34 0.3775 0.335 0.3775 0.3283333333333333 0.375 0.315 0.37375 0.26166666666666666 0.37125 0.255 0.37125 0.23833333333333334 0.3675 0.215 0.36875 0.20166666666666666 0.36375 0.19833333333333333 0.3475 0.19833333333333333 0.2625 0.21 0.25875 0.215 0.25875 0.25833333333333336 0.25625 0.23666666666666666 0.2575 0.23333333333333334 0.255 0.22833333333333333 0.2575 0.22333333333333333 0.2575 0.205 0.26 0.20166666666666666 0.27625 0.19833333333333333 0.33 0.195 0.33875 0.19166666666666668 0.3925 0.18833333333333332 0.4525 0.18 0.45625 0.18166666666666667 0.4775 0.17666666666666667 0.5325 0.17333333333333334 0.59875 0.165