0 0.7626666666666667 0.488 0.782 0.4945 0.79 0.503 0.792 0.51 0.7913333333333333 0.5185 0.7866666666666666 0.525 0.778 0.5295 0.7653333333333333 0.5315 0.754 0.5305 0.7413333333333333 0.525 0.734 0.518 0.7306666666666667 0.5095 0.732 0.5015 0.738 0.4945 0.7473333333333333 0.4895 0.762 0.488
0 0.738 0.2275 0.7526666666666667 0.2305 0.7593333333333333 0.235 0.7646666666666667 0.248 0.7586666666666667 0.256 0.738 0.261 0.7213333333333334 0.258 0.712 0.251 0.7093333333333334 0.2445 0.712 0.237 0.7173333333333334 0.232 0.724 0.229 0.7373333333333333 0.2275
0 0.7546666666666667 0.3945 0.7626666666666667 0.3955 0.7713333333333333 0.3995 0.7806666666666666 0.4105 0.78 0.422 0.774 0.429 0.7653333333333333 0.434 0.738 0.4305 0.7293333333333333 0.425 0.7246666666666667 0.418 0.7246666666666667 0.4085 0.7293333333333333 0.401 0.738 0.396 0.754 0.3945
0 0.7786666666666666 0.5945 0.7966666666666666 0.6045 0.8026666666666666 0.616 0.8026666666666666 0.6235 0.8 0.63 0.7933333333333333 0.636 0.778 0.641 0.7666666666666667 0.641 0.756 0.638 0.7426666666666667 0.627 0.7386666666666667 0.617 0.7406666666666667 0.606 0.748 0.5985 0.758 0.5945 0.778 0.5945
0 0.748 0.3075 0.7653333333333333 0.3135 0.7706666666666667 0.3205 0.7713333333333333 0.3285 0.7613333333333333 0.341 0.746 0.344 0.7353333333333333 0.3435 0.726 0.3395 0.718 0.332 0.716 0.3245 0.7193333333333334 0.3165 0.7273333333333334 0.31 0.7473333333333333 0.3075
1 0.7233333333333334 0.248 0.7273333333333334 0.256 0.73 0.2535 0.7333333333333333 0.255 0.728 0.2575 0.7313333333333333 0.262 0.7333333333333333 0.28 0.7306666666666667 0.285 0.728 0.2755 0.724 0.2775 0.7213333333333334 0.273 0.718 0.2735 0.7166666666666667 0.2865 0.7186666666666667 0.2925 0.722 0.2925 0.7233333333333334 0.287 0.7306666666666667 0.2875 0.7313333333333333 0.29 0.728 0.2935 0.7346666666666667 0.2915 0.738 0.2835 0.7413333333333333 0.283 0.7406666666666667 0.2815 0.7373333333333333 0.2825 0.7346666666666667 0.2795 0.7373333333333333 0.273 0.748 0.277 0.7586666666666667 0.27 0.758 0.2745 0.754 0.2755 0.754 0.2835 0.76 0.29 0.76 0.3 0.7653333333333333 0.3035 0.7613333333333333 0.3045 0.76 0.3085 0.766 0.312 0.7706666666666667 0.3215 0.7606666666666667 0.36 0.7653333333333333 0.3655 0.7673333333333333 0.3835 0.7793333333333333 0.3895 0.7793333333333333 0.3955 0.776 0.393 0.7713333333333333 0.3975 0.7753333333333333 0.4015 0.7793333333333333 0.398 0.78 0.4 0.7806666666666666 0.422 0.7866666666666666 0.437 0.786 0.451 0.782 0.4485 0.7806666666666666 0.453 0.7826666666666666 0.455 0.786 0.454 0.7893333333333333 0.458 0.7866666666666666 0.465 0.7826666666666666 0.4615 0.7813333333333333 0.463 0.778 0.471 0.7806666666666666 0.4845 0.7753333333333333 0.4875 0.7886666666666666 0.498 0.7913333333333333 0.5075 0.7886666666666666 0.5255 0.7933333333333333 0.5235 0.7966666666666666 0.527 0.796 0.532 0.7926666666666666 0.53 0.7873333333333333 0.5325 0.786 0.5445 0.782 0.546 0.7873333333333333 0.552 0.7886666666666666 0.5705 0.794 0.5735 0.7933333333333333 0.5765 0.7886666666666666 0.578 0.7946666666666666 0.581 0.7966666666666666 0.5845 0.7926666666666666 0.5985 0.7973333333333333 0.6085 0.794 0.6185 0.7966666666666666 0.6265 0.7913333333333333 0.637 0.7933333333333333 0.6405 0.7866666666666666 0.6435 0.786 0.6535 0.7766666666666666 0.6555 0.7686666666666667 0.6535 0.758 0.6545 0.7513333333333333 0.652 0.744 0.6555 0.712 0.653 0.6393333333333333 0.6535 0.632 0.6515 0.6073333333333333 0.651 0.5913333333333334 0.6525 0.586 0.6505 0.5626666666666666 0.652 0.5333333333333333 0.65 0.39666666666666667 0.6505 0.35333333333333333 0.6485 0.314 0.6505 0.30333333333333334 0.6485 0.294 0.65 0.2926666666666667 0.6545 0.2906666666666667 0.6505 0.2693333333333333 0.6505 0.262 0.647 0.22733333333333333 0.646 0.21866666666666668 0.6485 0.20933333333333334 0.647 0.206 0.6515 0.20266666666666666 0.65 0.20066666666666666 0.6545 0.19466666666666665 0.6575 0.18533333333333332 0.652 0.182 0.6545 0.17666666666666667 0.648 0.182 0.6315 0.196 0.6295 0.19866666666666666 0.6355 0.20466666666666666 0.6385 0.22133333333333333 0.639 0.23866666666666667 0.63 0.246 0.619 0.24533333333333332 0.6085 0.234 0.5975 0.214 0.593 0.20733333333333334 0.588 0.196 0.5845 0.188 0.5835 0.182 0.5855 0.17533333333333334 0.5815 0.17866666666666667 0.5765 0.182 0.5435 0.18466666666666667 0.5445 0.18466666666666667 0.554 0.18666666666666668 0.554 0.18466666666666667 0.5285 0.19066666666666668 0.5215 0.186 0.5185 0.19133333333333333 0.5165 0.196 0.5105 0.19133333333333333 0.5055 0.192 0.4945 0.196 0.493 0.20466666666666666 0.4965 0.204 0.5095 0.206 0.5135 0.21066666666666667 0.512 0.21333333333333335 0.515 0.20733333333333334 0.519 0.21333333333333335 0.526 0.21666666666666667 0.525 0.21866666666666668 0.5285 0.22733333333333333 0.533 0.24 0.531 0.24333333333333335 0.526 0.24066666666666667 0.5235 0.24333333333333335 0.519 0.242 0.511 0.23933333333333334 0.5085 0.24466666666666667 0.505 0.23733333333333334 0.5015 0.23733333333333334 0.498 0.23 0.4915 0.22333333333333333 0.487 0.206 0.4835 0.19266666666666668 0.4845 0.19266666666666668 0.482 0.20266666666666666 0.435 0.20666666666666667 0.4345 0.21 0.4375 0.214 0.436 0.19866666666666666 0.4185 0.19933333333333333 0.413 0.204 0.4065 0.202 0.401 0.208 0.4015 0.206 0.397 0.212 0.3905 0.21 0.3855 0.21333333333333335 0.3815 0.21333333333333335 0.372 0.224 0.3695 0.226 0.356 0.23133333333333334 0.3545 0.234 0.351 0.23733333333333334 0.3555 0.23733333333333334 0.3625 0.242 0.3665 0.25133333333333335 0.368 0.268 0.3665 0.278 0.359 0.2753333333333333 0.356 0.268 0.3555 0.26866666666666666 0.3415 0.272 0.343 0.2753333333333333 0.35 0.2833333333333333 0.3495 0.28 0.3415 0.27266666666666667 0.3335 0.262 0.3255 0.25533333333333336 0.3285 0.25666666666666665 0.3235 0.25466666666666665 0.32 0.248 0.316 0.23866666666666667 0.322 0.24133333333333334 0.3285 0.23666666666666666 0.335 0.24133333333333334 0.3345 0.24666666666666667 0.3445 0.24666666666666667 0.3555 0.23933333333333334 0.3555 0.24266666666666667 0.3545 0.24333333333333335 0.3515 0.23733333333333334 0.348 0.23533333333333334 0.339 0.22866666666666666 0.332 0.224 0.332 0.224 0.3275 0.216 0.3245 0.22133333333333333 0.3175 0.22 0.3135 0.224 0.307 0.226 0.307 0.22333333333333333 0.314 0.22533333333333333 0.317 0.234 0.321 0.23666666666666666 0.3195 0.23533333333333334 0.3085 0.228 0.3065 0.22933333333333333 0.303 0.236 0.3005 0.23933333333333334 0.287 0.24466666666666667 0.281 0.254 0.2915 0.26266666666666666 0.294 0.2826666666666667 0.29 0.288 0.287 0.294 0.2795 0.294 0.2735 0.288 0.265 0.28933333333333333 0.2545 0.2926666666666667 0.255 0.296 0.259 0.30466666666666664 0.259 0.31733333333333336 0.256 0.3546666666666667 0.2555 0.3586666666666667 0.2535 0.366 0.256 0.38666666666666666 0.254 0.42333333333333334 0.256 0.4846666666666667 0.253 0.5126666666666667 0.253 0.518 0.2545 0.568 0.2535 0.6013333333333334 0.256 0.6653333333333333 0.254 0.67 0.255 0.6713333333333333 0.2585 0.686 0.259 0.6853333333333333 0.256 0.6746666666666666 0.255 0.6893333333333334 0.254 0.694 0.255 0.694 0.258 0.7013333333333334 0.2645 0.6946666666666667 0.28 0.7026666666666667 0.29 0.71 0.294 0.7146666666666667 0.294 0.716 0.292 0.7126666666666667 0.287 0.7066666666666667 0.2825 0.7106666666666667 0.28 0.7086666666666667 0.275 0.7146666666666667 0.2695 0.7126666666666667 0.2665 0.7133333333333334 0.257 0.7226666666666667 0.2485
2 0.49033333333333334 0.34375 0.12466666666666666 0.0835
2 0.4266666666666667 0.4855 0.5473333333333333 0.487 0.55 0.4885 0.55 0.5795 0.546 0.5845 0.5346666666666666 0.5855 0.42733333333333334 0.5845 0.4146666666666667 0.5825 0.41333333333333333 0.5725 0.41933333333333334 0.491 0.4206666666666667 0.487 0.426 0.4855
2 0.432 0.3895 0.5493333333333333 0.3915 0.5513333333333333 0.3955 0.55 0.4775 0.5373333333333333 0.4795 0.4226666666666667 0.478 0.4206666666666667 0.4635 0.426 0.396 0.428 0.3905 0.43133333333333335 0.39
2 0.6266666666666667 0.3025 0.6786666666666666 0.303 0.6806666666666666 0.3045 0.6873333333333334 0.352 0.688 0.381 0.6846666666666666 0.3855 0.562 0.3835 0.56 0.324 0.5626666666666666 0.305 0.5706666666666667 0.303 0.626 0.3025
2 0.41333333333333333 0.3015 0.422 0.3025 0.424 0.307 0.4166666666666667 0.382 0.34933333333333333 0.384 0.3 0.3825 0.29533333333333334 0.3805 0.298 0.338 0.304 0.304 0.31 0.301 0.4126666666666667 0.3015
2 0.614 0.391 0.682 0.3915 0.686 0.393 0.692 0.4445 0.6913333333333334 0.479 0.6873333333333334 0.4815 0.5833333333333334 0.481 0.5633333333333334 0.48 0.5613333333333334 0.4785 0.5613333333333334 0.3935 0.564 0.3915 0.6133333333333333 0.391
2 0.31066666666666665 0.3885 0.41333333333333333 0.39 0.416 0.3915 0.412 0.475 0.4086666666666667 0.478 0.39 0.4785 0.282 0.477 0.2813333333333333 0.467 0.29133333333333333 0.3935 0.296 0.3895 0.31 0.3885
2 0.30133333333333334 0.4835 0.346 0.4855 0.4033333333333333 0.485 0.408 0.4855 0.41133333333333333 0.4885 0.4033333333333333 0.58 0.40066666666666667 0.583 0.3506666666666667 0.584 0.304 0.5835 0.3006666666666667 0.582 0.27066666666666667 0.582 0.268 0.5805 0.2673333333333333 0.5645 0.2786666666666667 0.4895 0.2833333333333333 0.484 0.3006666666666667 0.4835
2 0.6626666666666666 0.488 0.6886666666666666 0.489 0.6926666666666667 0.4905 0.6946666666666667 0.4945 0.7 0.5825 0.696 0.587 0.6926666666666667 0.5875 0.5673333333333334 0.586 0.56 0.582 0.5613333333333334 0.489 0.564 0.4875 0.662 0.488
4 0.23133333333333334 0.39 0.24 0.393 0.248 0.4 0.24866666666666667 0.413 0.24066666666666667 0.4225 0.218 0.429 0.21 0.429 0.20133333333333334 0.4245 0.196 0.4185 0.194 0.4075 0.19866666666666666 0.3995 0.20933333333333334 0.3925 0.22133333333333333 0.3895 0.23066666666666666 0.39
4 0.248 0.227 0.264 0.229 0.272 0.234 0.2753333333333333 0.2425 0.27 0.2515 0.25866666666666666 0.2575 0.238 0.2595 0.232 0.2575 0.22666666666666666 0.2525 0.224 0.2475 0.226 0.2375 0.238 0.229 0.24733333333333332 0.2275
4 0.212 0.4835 0.224 0.4865 0.23066666666666666 0.491 0.23466666666666666 0.4975 0.234 0.5065 0.23133333333333334 0.513 0.22266666666666668 0.52 0.202 0.526 0.18933333333333333 0.523 0.18333333333333332 0.5195 0.17733333333333334 0.512 0.17733333333333334 0.501 0.18133333333333335 0.4945 0.19266666666666668 0.486 0.21133333333333335 0.4835
4 0.19266666666666668 0.5845 0.202 0.5865 0.21133333333333335 0.5915 0.21733333333333332 0.6015 0.21733333333333332 0.6105 0.21333333333333335 0.619 0.20666666666666667 0.625 0.196 0.6305 0.184 0.632 0.174 0.631 0.164 0.625 0.15933333333333333 0.617 0.158 0.606 0.16133333333333333 0.598 0.17 0.5905 0.192 0.5845
4 0.24133333333333334 0.3045 0.252 0.307 0.26 0.312 0.2633333333333333 0.3175 0.2633333333333333 0.324 0.254 0.335 0.23333333333333334 0.34 0.22333333333333333 0.3395 0.21666666666666667 0.336 0.21133333333333335 0.3315 0.21 0.323 0.21333333333333335 0.316 0.22 0.31 0.22733333333333333 0.3065 0.24066666666666667 0.3045
3 0.3506666666666667 0.2975 0.3626666666666667 0.2985 0.36933333333333335 0.297 0.37466666666666665 0.299 0.4033333333333333 0.3005 0.44866666666666666 0.298 0.4666666666666667 0.3 0.4766666666666667 0.2975 0.5106666666666667 0.3 0.6686666666666666 0.299 0.6833333333333333 0.2995 0.6886666666666666 0.302 0.7066666666666667 0.5805 0.7066666666666667 0.5915 0.7026666666666667 0.593 0.6233333333333333 0.593 0.4846666666666667 0.5895 0.312 0.5895 0.26866666666666666 0.588 0.262 0.586 0.2613333333333333 0.5675 0.2653333333333333 0.5345 0.2986666666666667 0.302 0.30266666666666664 0.2985 0.35 0.2975