0 0.25375 0.28 0.26375 0.285 0.2725 0.295 0.27625 0.30333333333333334 0.27625 0.3233333333333333 0.27375 0.3333333333333333 0.26625 0.3433333333333333 0.25625 0.35 0.24625 0.35 0.2325 0.3433333333333333 0.22375 0.32666666666666666 0.2225 0.31166666666666665 0.22625 0.295 0.2325 0.2866666666666667 0.24 0.2816666666666667 0.2525 0.28
0 0.495 0.24 0.5075 0.245 0.51375 0.25333333333333335 0.51875 0.2683333333333333 0.51875 0.2833333333333333 0.51625 0.29333333333333333 0.51 0.30333333333333334 0.50375 0.30833333333333335 0.49375 0.31166666666666665 0.47625 0.305 0.46875 0.29333333333333333 0.465 0.28 0.465 0.26666666666666666 0.4675 0.25833333333333336 0.4775 0.245 0.4875 0.24 0.49375 0.24
0 0.24875 0.11333333333333333 0.2575 0.11833333333333333 0.2675 0.13333333333333333 0.26875 0.155 0.2625 0.17333333333333334 0.2475 0.18166666666666667 0.2375 0.18166666666666667 0.23125 0.17833333333333334 0.22 0.165 0.21625 0.155 0.21625 0.13666666666666666 0.2225 0.12166666666666667 0.23375 0.11333333333333333 0.2475 0.11333333333333333
0 0.275 0.45 0.28625 0.46166666666666667 0.29 0.4716666666666667 0.29 0.49 0.28625 0.5016666666666667 0.2775 0.5133333333333333 0.26875 0.5183333333333333 0.26125 0.5183333333333333 0.245 0.5116666666666667 0.2375 0.5 0.23375 0.485 0.23375 0.475 0.24 0.4583333333333333 0.25 0.4483333333333333 0.26875 0.44666666666666666 0.27375 0.45
0 0.6525 0.42833333333333334 0.66125 0.43333333333333335 0.67 0.445 0.67375 0.45666666666666667 0.67375 0.47 0.67 0.4816666666666667 0.665 0.49 0.655 0.49666666666666665 0.63875 0.495 0.63125 0.49 0.6225 0.475 0.6225 0.455 0.6275 0.44 0.63625 0.43166666666666664 0.65125 0.42833333333333334
1 0.7525 0.08 0.76625 0.095 0.77 0.11166666666666666 0.76625 0.13166666666666665 0.75375 0.14833333333333334 0.75875 0.17166666666666666 0.76125 0.23833333333333334 0.7625 0.24333333333333335 0.77625 0.25833333333333336 0.78 0.27166666666666667 0.77875 0.29333333333333333 0.77375 0.30333333333333334 0.765 0.31166666666666665 0.765 0.32666666666666666 0.76875 0.3466666666666667 0.76875 0.4066666666666667 0.7825 0.42 0.7875 0.43 0.79 0.44166666666666665 0.7875 0.4583333333333333 0.77375 0.4766666666666667 0.7775 0.5016666666666667 0.7775 0.5566666666666666 0.79 0.7583333333333333 0.79 0.7933333333333333 0.78375 0.7983333333333333 0.77 0.8 0.745 0.8 0.6725 0.8083333333333333 0.64375 0.8083333333333333 0.63 0.8116666666666666 0.585 0.8133333333333334 0.5075 0.8216666666666667 0.4825 0.8216666666666667 0.34 0.8366666666666667 0.2925 0.8383333333333334 0.27625 0.8416666666666667 0.2625 0.84 0.26 0.8266666666666667 0.26 0.79 0.2575 0.775 0.25125 0.6366666666666667 0.24875 0.6233333333333333 0.245 0.525 0.24375 0.5116666666666667 0.235 0.49 0.235 0.4683333333333333 0.24125 0.44666666666666666 0.23875 0.42 0.23875 0.39 0.23625 0.38 0.23375 0.345 0.22625 0.33166666666666667 0.22375 0.32 0.225 0.3016666666666667 0.23125 0.285 0.23125 0.27166666666666667 0.22625 0.225 0.2275 0.18 0.2175 0.15333333333333332 0.2175 0.13666666666666666 0.2225 0.125 0.235 0.115 0.25 0.115 0.25875 0.12166666666666667 0.26625 0.13166666666666665 0.2725 0.13333333333333333 0.32 0.12833333333333333 0.3825 0.12666666666666668 0.42125 0.12166666666666667 0.485 0.12 0.495 0.11666666666666667 0.52 0.11666666666666667 0.62875 0.10666666666666667 0.665 0.10666666666666667 0.67375 0.10333333333333333 0.71375 0.10166666666666667 0.72 0.09833333333333333 0.73 0.08333333333333333 0.735 0.08 0.75125 0.08
2 0.33 0.7383333333333333 0.325 0.675 0.3225 0.58 0.32625 0.5766666666666667 0.335 0.575 0.40125 0.5716666666666667 0.4175 0.5683333333333334 0.43875 0.5683333333333334 0.4425 0.57 0.44375 0.5733333333333334 0.4475 0.6433333333333333 0.45 0.66 0.45 0.6933333333333334 0.4525 0.7083333333333334 0.45125 0.7266666666666667 0.4475 0.73 0.39625 0.7366666666666667 0.34875 0.74 0.33125 0.7383333333333333
2 0.55375 0.21 0.55625 0.21333333333333335 0.5575 0.22166666666666668 0.5625 0.28833333333333333 0.5625 0.31833333333333336 0.565 0.3466666666666667 0.56375 0.36833333333333335 0.55 0.37166666666666665 0.52625 0.37166666666666665 0.51 0.375 0.46 0.37833333333333335 0.4475 0.37833333333333335 0.44375 0.37333333333333335 0.43875 0.315 0.435 0.22333333333333333 0.44625 0.21666666666666667 0.48 0.21166666666666667 0.5525 0.21
2 0.565 0.385 0.5675 0.39 0.575 0.54 0.565 0.545 0.52625 0.5466666666666666 0.50875 0.55 0.47875 0.55 0.46375 0.5533333333333333 0.45625 0.5516666666666666 0.4525 0.545 0.45 0.47833333333333333 0.4475 0.4666666666666667 0.4475 0.44166666666666665 0.445 0.42333333333333334 0.44625 0.39666666666666667 0.45125 0.39166666666666666 0.47125 0.3883333333333333 0.5025 0.3883333333333333 0.55625 0.38333333333333336 0.56375 0.385
2 0.59875 0.205 0.62625 0.205 0.63625 0.20166666666666666 0.67625 0.19833333333333333 0.685 0.19833333333333333 0.6875 0.20166666666666666 0.69 0.21166666666666667 0.69 0.23166666666666666 0.6925 0.245 0.69125 0.24666666666666667 0.695 0.3 0.69625 0.3566666666666667 0.68875 0.3616666666666667 0.6425 0.36333333333333334 0.6225 0.36666666666666664 0.57875 0.36833333333333335 0.57625 0.365 0.57 0.3 0.57 0.2733333333333333 0.5675 0.265 0.5675 0.21333333333333335 0.5725 0.20833333333333334 0.5975 0.20666666666666667
2 0.4125 0.22 0.42375 0.22166666666666668 0.4275 0.23166666666666666 0.43 0.305 0.4325 0.32 0.4325 0.37833333333333335 0.42125 0.38166666666666665 0.35875 0.385 0.33875 0.3883333333333333 0.31125 0.38666666666666666 0.30875 0.34 0.305 0.31333333333333335 0.3025 0.23166666666666666 0.30625 0.22666666666666666 0.31125 0.225 0.41125 0.22
2 0.58875 0.5433333333333333 0.58375 0.5383333333333333 0.5825 0.525 0.57875 0.42333333333333334 0.57625 0.4066666666666667 0.5775 0.385 0.5825 0.38166666666666665 0.6 0.37833333333333335 0.6925 0.37333333333333335 0.6975 0.37666666666666665 0.70125 0.405 0.70625 0.515 0.70625 0.5283333333333333 0.70375 0.5333333333333333 0.69125 0.5366666666666666 0.59 0.5416666666666666
2 0.4325 0.3933333333333333 0.435 0.39666666666666667 0.4375 0.415 0.4425 0.505 0.4425 0.5516666666666666 0.43625 0.555 0.34375 0.5633333333333334 0.3225 0.5633333333333334 0.32 0.56 0.31625 0.5183333333333333 0.3175 0.5066666666666667 0.315 0.49166666666666664 0.315 0.4483333333333333 0.3125 0.435 0.31375 0.4033333333333333 0.34375 0.3983333333333333 0.39125 0.395 0.39625 0.39666666666666667 0.42625 0.39166666666666666 0.43125 0.3933333333333333
2 0.51375 0.56 0.5225 0.5616666666666666 0.575 0.5583333333333333 0.5775 0.5666666666666667 0.57875 0.585 0.58375 0.7133333333333334 0.57875 0.7183333333333334 0.57 0.72 0.4925 0.7266666666666667 0.465 0.7266666666666667 0.4625 0.7216666666666667 0.45875 0.6883333333333334 0.45875 0.6516666666666666 0.45625 0.64 0.455 0.5733333333333334 0.45875 0.5666666666666667 0.46375 0.565 0.5125 0.56
2 0.685 0.5466666666666666 0.70625 0.5483333333333333 0.71 0.5816666666666667 0.71 0.6083333333333333 0.7125 0.6316666666666667 0.71125 0.6366666666666667 0.71375 0.6466666666666666 0.71625 0.705 0.71 0.71 0.675 0.7133333333333334 0.66 0.7116666666666667 0.62125 0.7166666666666667 0.59625 0.7166666666666667 0.59375 0.7116666666666667 0.59 0.6733333333333333 0.59 0.645 0.585 0.575 0.58625 0.5583333333333333 0.60125 0.5533333333333333 0.68375 0.5483333333333333
4 0.68 0.64 0.6875 0.6466666666666666 0.6925 0.6583333333333333 0.69375 0.6816666666666666 0.69 0.6916666666666667 0.6825 0.7016666666666667 0.67125 0.7066666666666667 0.65625 0.7033333333333334 0.6475 0.6933333333333334 0.6425 0.6783333333333333 0.6425 0.66 0.64625 0.65 0.6525 0.6416666666666667 0.66 0.6366666666666667 0.67375 0.6366666666666667 0.67875 0.64
4 0.76125 0.24333333333333335 0.77 0.24833333333333332 0.7775 0.25833333333333336 0.78125 0.27166666666666667 0.78125 0.28833333333333333 0.77875 0.2966666666666667 0.77125 0.30666666666666664 0.76125 0.31166666666666665 0.7425 0.31 0.73 0.29 0.72875 0.28 0.73 0.26666666666666666 0.73625 0.25333333333333335 0.74625 0.245 0.76 0.24333333333333335
4 0.7475 0.07666666666666666 0.755 0.07833333333333334 0.76125 0.08333333333333333 0.76875 0.095 0.77125 0.10333333333333333 0.77125 0.12166666666666667 0.765 0.13666666666666666 0.75625 0.145 0.74 0.145 0.73125 0.14 0.7225 0.13 0.71875 0.115 0.71875 0.10166666666666667 0.725 0.08666666666666667 0.73125 0.08 0.74625 0.07666666666666666
4 0.7725 0.41 0.77875 0.41333333333333333 0.785 0.4216666666666667 0.79 0.435 0.79 0.4533333333333333 0.78625 0.4633333333333333 0.78 0.4716666666666667 0.765 0.47833333333333333 0.75375 0.4766666666666667 0.7425 0.4666666666666667 0.73875 0.45666666666666667 0.7375 0.43833333333333335 0.74 0.425 0.74625 0.415 0.76125 0.4083333333333333 0.77125 0.41
3 0.6925 0.19 0.695 0.19333333333333333 0.6975 0.235 0.69875 0.285 0.69625 0.2916666666666667 0.69875 0.295 0.7025 0.33166666666666667 0.70375 0.38166666666666665 0.70875 0.44666666666666666 0.7075 0.4583333333333333 0.71 0.47333333333333333 0.71 0.49666666666666665 0.7125 0.505 0.7125 0.5433333333333333 0.7175 0.615 0.71625 0.6216666666666667 0.71875 0.6366666666666667 0.7175 0.64 0.72 0.65 0.72125 0.7133333333333334 0.715 0.7166666666666667 0.63875 0.7216666666666667 0.61125 0.7266666666666667 0.49625 0.7333333333333333 0.48125 0.7366666666666667 0.42 0.7416666666666667 0.35125 0.745 0.33875 0.7483333333333333 0.325 0.7466666666666667 0.325 0.7333333333333333 0.3225 0.7216666666666667 0.3225 0.7 0.3175 0.6383333333333333 0.31875 0.63 0.31625 0.62 0.315 0.57 0.31 0.5083333333333333 0.31125 0.49166666666666664 0.30875 0.47833333333333333 0.31 0.465 0.30625 0.43166666666666664 0.30625 0.3933333333333333 0.30375 0.38333333333333336 0.30125 0.34833333333333333 0.3025 0.3233333333333333 0.3 0.315 0.29875 0.27666666666666667 0.29625 0.2683333333333333 0.29625 0.21833333333333332 0.37 0.21166666666666667 0.44625 0.20833333333333334 0.50375 0.20166666666666666 0.6275 0.195 0.68375 0.18833333333333332 0.69125 0.19