0 0.5325 0.265 0.545 0.27 0.55375 0.2866666666666667 0.55375 0.30833333333333335 0.55125 0.31666666666666665 0.545 0.325 0.53625 0.33 0.52 0.3283333333333333 0.51 0.315 0.505 0.3 0.5075 0.2816666666666667 0.51875 0.2683333333333333 0.53125 0.265
0 0.6775 0.45166666666666666 0.68625 0.465 0.68625 0.49 0.67625 0.5066666666666667 0.66875 0.51 0.66125 0.51 0.64875 0.505 0.6425 0.495 0.64 0.4766666666666667 0.645 0.4583333333333333 0.65 0.45166666666666666 0.66375 0.44666666666666666 0.67375 0.4483333333333333 0.67625 0.45166666666666666
1 0.2975 0.8016666666666666 0.295 0.7783333333333333 0.295 0.715 0.2925 0.6533333333333333 0.29375 0.63 0.29 0.5983333333333334 0.29 0.5216666666666666 0.2875 0.4666666666666667 0.28875 0.455 0.285 0.40166666666666667 0.285 0.3333333333333333 0.28125 0.27166666666666667 0.28125 0.16166666666666665 0.2875 0.15666666666666668 0.31375 0.15666666666666668 0.33875 0.15333333333333332 0.54 0.14666666666666667 0.595 0.14166666666666666 0.66875 0.14 0.7175 0.135 0.76125 0.135 0.77 0.13666666666666666 0.77125 0.14 0.775 0.24333333333333335 0.77375 0.31666666666666665 0.7775 0.365 0.78 0.515 0.77875 0.555 0.78125 0.575 0.78 0.62 0.78375 0.735 0.7825 0.785 0.77625 0.7883333333333333 0.68125 0.79 0.5975 0.795 0.52875 0.795 0.50125 0.7983333333333333 0.45 0.7983333333333333 0.36375 0.8033333333333333 0.30375 0.805 0.29875 0.8016666666666666
2 0.45625 0.56 0.46625 0.5616666666666666 0.47 0.5666666666666667 0.47 0.6183333333333333 0.47375 0.6816666666666666 0.4725 0.7066666666666667 0.465 0.7116666666666667 0.39875 0.715 0.36375 0.715 0.36 0.7066666666666667 0.36 0.675 0.3575 0.65 0.3575 0.5683333333333334 0.36125 0.565 0.455 0.5616666666666666
2 0.58 0.235 0.5825 0.23833333333333334 0.58375 0.25 0.58375 0.28 0.58625 0.30333333333333334 0.58625 0.38 0.58125 0.38333333333333336 0.49375 0.38666666666666666 0.47875 0.385 0.47625 0.38333333333333336 0.475 0.37833333333333335 0.47125 0.2833333333333333 0.4725 0.24166666666666667 0.48375 0.23666666666666666 0.55125 0.23333333333333334 0.57875 0.235
2 0.47625 0.40166666666666667 0.51875 0.39666666666666667 0.585 0.39666666666666667 0.5875 0.4 0.59125 0.515 0.59125 0.535 0.5875 0.545 0.53875 0.545 0.50625 0.5483333333333333 0.48 0.5466666666666666 0.4775 0.5333333333333333 0.475 0.46 0.47625 0.4033333333333333
2 0.5975 0.38 0.595 0.3616666666666667 0.595 0.30333333333333334 0.5925 0.265 0.59375 0.23666666666666666 0.59875 0.23333333333333334 0.64375 0.23166666666666666 0.66375 0.22833333333333333 0.70625 0.23 0.71 0.3516666666666667 0.70875 0.375 0.70375 0.37833333333333335 0.68 0.38 0.59875 0.38
2 0.455 0.23833333333333334 0.46125 0.24333333333333335 0.46625 0.36833333333333335 0.465 0.385 0.45375 0.3883333333333333 0.3725 0.39166666666666666 0.3575 0.39166666666666666 0.35375 0.38666666666666666 0.35 0.3333333333333333 0.35 0.24833333333333332 0.355 0.24333333333333335 0.3625 0.24166666666666667 0.45375 0.23833333333333334
2 0.70875 0.39166666666666666 0.7125 0.43166666666666664 0.71125 0.44 0.71375 0.535 0.71 0.54 0.645 0.5433333333333333 0.6 0.5416666666666666 0.59875 0.4816666666666667 0.59625 0.455 0.5975 0.3983333333333333 0.60375 0.3933333333333333 0.62125 0.39166666666666666 0.7075 0.39166666666666666
2 0.44875 0.4 0.4625 0.4 0.46625 0.4033333333333333 0.4675 0.4716666666666667 0.47 0.505 0.46875 0.5466666666666666 0.455 0.55 0.35875 0.5533333333333333 0.35625 0.545 0.35375 0.4633333333333333 0.355 0.4066666666666667 0.36 0.4033333333333333 0.4475 0.40166666666666667
2 0.56125 0.5566666666666666 0.5875 0.5566666666666666 0.59125 0.56 0.5925 0.6183333333333333 0.595 0.6433333333333333 0.595 0.7016666666666667 0.5925 0.705 0.58625 0.7066666666666667 0.51625 0.71 0.48625 0.71 0.4825 0.705 0.47875 0.6116666666666667 0.48 0.5633333333333334 0.485 0.56 0.5025 0.5583333333333333 0.51125 0.56 0.56 0.5566666666666666
2 0.70875 0.7033333333333334 0.70625 0.7016666666666667 0.68375 0.705 0.6225 0.7066666666666667 0.605 0.705 0.6025 0.69 0.60125 0.6066666666666667 0.59875 0.57 0.60125 0.56 0.60375 0.5566666666666666 0.63 0.5533333333333333 0.71125 0.5533333333333333 0.71375 0.5616666666666666 0.715 0.595 0.71625 0.6983333333333334 0.71375 0.7016666666666667 0.71 0.7016666666666667
4 0.675 0.6333333333333333 0.685 0.6383333333333333 0.69125 0.6466666666666666 0.695 0.6583333333333333 0.695 0.6766666666666666 0.6925 0.6833333333333333 0.6875 0.6916666666666667 0.67625 0.6983333333333334 0.66625 0.6983333333333334 0.66 0.695 0.65 0.6816666666666666 0.6475 0.67 0.6475 0.66 0.65125 0.6466666666666666 0.665 0.6333333333333333 0.67375 0.6333333333333333
3 0.71125 0.21833333333333332 0.71375 0.24333333333333335 0.71375 0.30666666666666664 0.71625 0.35833333333333334 0.7175 0.5083333333333333 0.72 0.5266666666666666 0.71875 0.5833333333333334 0.7225 0.65 0.72125 0.7066666666666667 0.71875 0.71 0.69625 0.7116666666666667 0.4975 0.7166666666666667 0.425 0.7216666666666667 0.39 0.72 0.36 0.7233333333333334 0.355 0.72 0.3525 0.6683333333333333 0.35375 0.635 0.35125 0.6016666666666667 0.35125 0.5216666666666666 0.3475 0.47833333333333333 0.34875 0.44333333333333336 0.345 0.375 0.3425 0.235 0.3675 0.23166666666666666 0.4575 0.23 0.4875 0.22666666666666666 0.71 0.21833333333333332