0 0.0775 0.47333333333333333 0.095 0.48833333333333334 0.09875 0.5033333333333333 0.09875 0.5133333333333333 0.095 0.53 0.085 0.5433333333333333 0.075 0.5516666666666666 0.05125 0.5516666666666666 0.04 0.5433333333333333 0.03375 0.53 0.03125 0.52 0.03125 0.5083333333333333 0.035 0.495 0.04625 0.47833333333333333 0.05875 0.4716666666666667 0.07625 0.47333333333333333
0 0.08125 0.2783333333333333 0.09125 0.285 0.09875 0.295 0.1025 0.30333333333333334 0.10375 0.31666666666666665 0.1 0.33166666666666667 0.0925 0.3466666666666667 0.07875 0.35833333333333334 0.05875 0.3566666666666667 0.05125 0.3516666666666667 0.04 0.335 0.0375 0.30833333333333335 0.0425 0.29333333333333333 0.05125 0.2816666666666667 0.0625 0.27666666666666667 0.08 0.2783333333333333
0 0.065 0.8766666666666667 0.075 0.8816666666666667 0.0825 0.8933333333333333 0.0875 0.9083333333333333 0.08875 0.9233333333333333 0.08625 0.9383333333333334 0.07625 0.955 0.06375 0.9633333333333334 0.05375 0.9666666666666667 0.045 0.9666666666666667 0.0375 0.9633333333333334 0.02375 0.9483333333333334 0.01875 0.93 0.01875 0.915 0.02375 0.8983333333333333 0.035 0.8833333333333333 0.045 0.8783333333333333 0.06375 0.8766666666666667
0 0.08 0.085 0.1 0.095 0.1075 0.105 0.1125 0.12 0.10875 0.14166666666666666 0.10375 0.15333333333333332 0.1 0.15833333333333333 0.0825 0.16833333333333333 0.065 0.16666666666666666 0.06 0.16333333333333333 0.05 0.15166666666666667 0.045 0.13166666666666665 0.04625 0.115 0.05 0.105 0.06125 0.09166666666666666 0.07875 0.085
0 0.07375 0.6733333333333333 0.0775 0.675 0.08875 0.6883333333333334 0.09375 0.705 0.09375 0.7133333333333334 0.09125 0.73 0.085 0.745 0.0775 0.7516666666666667 0.0675 0.755 0.04375 0.755 0.035 0.7483333333333333 0.02875 0.74 0.02625 0.7316666666666667 0.025 0.71 0.03 0.6933333333333334 0.04 0.68 0.0475 0.675 0.0725 0.6733333333333333
1 0.085 0.09 0.1 0.09833333333333333 0.105 0.105 0.10875 0.11666666666666667 0.11875 0.12666666666666668 0.135 0.125 0.33 0.13833333333333334 0.37 0.13833333333333334 0.39125 0.14166666666666666 0.42 0.14166666666666666 0.5 0.14833333333333334 0.5975 0.15166666666666667 0.62 0.155 0.6225 0.16333333333333333 0.6325 0.14666666666666667 0.63625 0.135 0.645 0.12666666666666668 0.6525 0.12333333333333334 0.66125 0.12333333333333334 0.67375 0.13166666666666665 0.68125 0.14 0.68125 0.14333333333333334 0.685 0.14833333333333334 0.68625 0.17 0.68125 0.18333333333333332 0.6725 0.19666666666666666 0.675 0.24 0.675 0.30333333333333334 0.6725 0.31333333333333335 0.68125 0.32166666666666666 0.68625 0.33 0.68875 0.3416666666666667 0.68625 0.3616666666666667 0.67375 0.38333333333333336 0.67625 0.405 0.67625 0.49333333333333335 0.67375 0.49833333333333335 0.6825 0.51 0.68875 0.5233333333333333 0.68875 0.54 0.6825 0.5566666666666666 0.67375 0.57 0.67875 0.5733333333333334 0.6775 0.6916666666666667 0.685 0.7016666666666667 0.6925 0.725 0.68875 0.745 0.67625 0.7633333333333333 0.68 0.7683333333333333 0.68125 0.9533333333333334 0.675 0.9583333333333334 0.48 0.9533333333333334 0.2425 0.9533333333333334 0.1675 0.95 0.11125 0.9516666666666667 0.08 0.9483333333333334 0.0575 0.9633333333333334 0.04375 0.9633333333333334 0.0375 0.96 0.02875 0.9516666666666667 0.02125 0.9333333333333333 0.02125 0.9116666666666666 0.025 0.9 0.03375 0.8866666666666667 0.04625 0.8766666666666667 0.04625 0.8133333333333334 0.04875 0.7566666666666667 0.03625 0.745 0.02875 0.7333333333333333 0.03 0.73 0.0275 0.7216666666666667 0.0275 0.71 0.0325 0.6933333333333334 0.05125 0.6716666666666666 0.05125 0.6316666666666667 0.055 0.5533333333333333 0.03875 0.5366666666666666 0.035 0.5266666666666666 0.03375 0.51 0.035 0.5 0.04 0.49 0.05625 0.47 0.06 0.4116666666666667 0.06 0.37833333333333335 0.0625 0.3616666666666667 0.0425 0.33666666666666667 0.03875 0.31333333333333335 0.045 0.29333333333333333 0.05375 0.2816666666666667 0.06375 0.275 0.065 0.26166666666666666 0.0675 0.17333333333333334 0.06625 0.16833333333333333 0.05375 0.15333333333333332 0.05 0.145 0.0475 0.12166666666666667 0.0525 0.10666666666666667 0.06375 0.09333333333333334 0.07625 0.08833333333333333 0.08375 0.09
2 0.4975 0.25 0.5825 0.25333333333333335 0.59125 0.255 0.595 0.25833333333333336 0.59625 0.405 0.595 0.43 0.5875 0.43666666666666665 0.50125 0.43333333333333335 0.4825 0.43 0.45875 0.43 0.455 0.4266666666666667 0.4525 0.3883333333333333 0.455 0.355 0.45375 0.29 0.45625 0.255 0.4625 0.25 0.49625 0.25
2 0.53875 0.645 0.595 0.6483333333333333 0.5975 0.6533333333333333 0.59625 0.6683333333333333 0.59875 0.725 0.59875 0.83 0.5975 0.8366666666666667 0.59 0.8416666666666667 0.45625 0.8383333333333334 0.4525 0.8316666666666667 0.45 0.7933333333333333 0.45 0.7033333333333334 0.4525 0.65 0.45625 0.645 0.5375 0.645
2 0.42375 0.6416666666666667 0.43625 0.6416666666666667 0.4425 0.645 0.44375 0.65 0.4425 0.83 0.43875 0.8366666666666667 0.4125 0.8383333333333334 0.30625 0.8366666666666667 0.295 0.8333333333333334 0.295 0.6666666666666666 0.2975 0.6466666666666666 0.30125 0.6416666666666667 0.4225 0.6416666666666667
2 0.165 0.23166666666666666 0.2175 0.23666666666666666 0.2275 0.235 0.27875 0.23833333333333334 0.29 0.24 0.29375 0.24333333333333335 0.295 0.36333333333333334 0.2925 0.38166666666666665 0.29375 0.4083333333333333 0.2925 0.4166666666666667 0.28875 0.42333333333333334 0.16375 0.42 0.15 0.41833333333333333 0.145 0.41333333333333333 0.14375 0.395 0.14875 0.24333333333333335 0.155 0.23166666666666666 0.16375 0.23166666666666666
2 0.50875 0.445 0.58875 0.44666666666666666 0.595 0.45 0.5975 0.4716666666666667 0.5975 0.6033333333333334 0.59625 0.6283333333333333 0.59375 0.6333333333333333 0.58875 0.6366666666666667 0.51875 0.635 0.48875 0.6316666666666667 0.46625 0.6333333333333333 0.45875 0.6316666666666667 0.4525 0.6266666666666667 0.45125 0.5866666666666667 0.45375 0.5716666666666667 0.45125 0.545 0.45125 0.5 0.45375 0.45 0.455 0.44666666666666666 0.46125 0.445 0.5075 0.445
2 0.20875 0.43333333333333335 0.28125 0.43666666666666665 0.28875 0.43833333333333335 0.29125 0.44166666666666665 0.29125 0.5466666666666666 0.28875 0.605 0.29 0.6133333333333333 0.28875 0.6216666666666667 0.2825 0.6266666666666667 0.23 0.6266666666666667 0.14125 0.6216666666666667 0.14 0.5516666666666666 0.1425 0.5183333333333333 0.14125 0.5116666666666667 0.14375 0.48 0.14375 0.43833333333333335 0.14625 0.43333333333333335 0.1525 0.43166666666666664 0.2075 0.43333333333333335
2 0.2825 0.64 0.2875 0.6433333333333333 0.28875 0.6833333333333333 0.28625 0.825 0.2825 0.8333333333333334 0.26125 0.8366666666666667 0.14375 0.835 0.13625 0.83 0.135 0.78 0.1375 0.77 0.13625 0.7083333333333334 0.13875 0.6866666666666666 0.13875 0.6466666666666666 0.14 0.64 0.14375 0.6366666666666667 0.28125 0.64
2 0.38375 0.24333333333333335 0.405 0.24666666666666667 0.43 0.24666666666666667 0.445 0.25166666666666665 0.445 0.4 0.44375 0.42333333333333334 0.44125 0.42833333333333334 0.4375 0.43 0.32 0.4266666666666667 0.30625 0.425 0.30125 0.42 0.3 0.41 0.3025 0.3933333333333333 0.3025 0.2866666666666667 0.305 0.24666666666666667 0.3125 0.24166666666666667 0.3825 0.24333333333333335
2 0.37125 0.44 0.425 0.44166666666666665 0.44375 0.445 0.44375 0.6216666666666667 0.4425 0.6266666666666667 0.43625 0.6316666666666667 0.3975 0.6283333333333333 0.30375 0.6266666666666667 0.2975 0.6216666666666667 0.2975 0.535 0.3 0.5183333333333333 0.29875 0.5 0.30125 0.44333333333333336 0.30625 0.44 0.37 0.44
4 0.6575 0.12 0.6725 0.12666666666666668 0.685 0.14166666666666666 0.68875 0.155 0.68875 0.17 0.685 0.18166666666666667 0.6725 0.195 0.65625 0.19833333333333333 0.645 0.19333333333333333 0.6375 0.185 0.6325 0.175 0.62875 0.155 0.6325 0.13833333333333334 0.6425 0.125 0.64875 0.12166666666666667 0.65625 0.12166666666666667
4 0.6575 0.30666666666666664 0.67125 0.31166666666666665 0.68625 0.325 0.69 0.3383333333333333 0.69 0.35333333333333333 0.6825 0.37333333333333335 0.67125 0.38333333333333336 0.65875 0.385 0.64875 0.38166666666666665 0.6425 0.37666666666666665 0.635 0.36333333333333334 0.63 0.35 0.63 0.3333333333333333 0.6325 0.3233333333333333 0.645 0.31 0.65625 0.30833333333333335
4 0.6675 0.685 0.68125 0.6933333333333334 0.68625 0.7 0.6925 0.715 0.69375 0.7233333333333334 0.69375 0.735 0.68875 0.75 0.68125 0.76 0.67125 0.765 0.65375 0.765 0.64125 0.7566666666666667 0.6325 0.73 0.6325 0.715 0.6375 0.7 0.65 0.6866666666666666 0.66625 0.685
4 0.66125 0.49333333333333335 0.67875 0.5016666666666667 0.685 0.51 0.69125 0.5266666666666666 0.69 0.5416666666666666 0.685 0.5566666666666666 0.67875 0.565 0.66875 0.5716666666666667 0.6525 0.5716666666666667 0.645 0.5666666666666667 0.63625 0.5566666666666666 0.63 0.5366666666666666 0.63 0.525 0.635 0.5066666666666667 0.6475 0.495 0.66 0.49333333333333335
3 0.1525 0.22166666666666668 0.2075 0.22666666666666666 0.2475 0.22666666666666666 0.32875 0.23333333333333334 0.36875 0.23333333333333334 0.38625 0.23666666666666666 0.425 0.23666666666666666 0.47625 0.24166666666666667 0.59875 0.24666666666666667 0.60125 0.2683333333333333 0.60125 0.3383333333333333 0.59875 0.3516666666666667 0.60125 0.365 0.59875 0.46 0.6025 0.49 0.60125 0.5216666666666666 0.59875 0.5283333333333333 0.59875 0.5416666666666666 0.6025 0.5516666666666666 0.6025 0.62 0.59875 0.6533333333333333 0.60125 0.6566666666666666 0.6025 0.6666666666666666 0.60125 0.7183333333333334 0.60375 0.7933333333333333 0.6025 0.8416666666666667 0.59875 0.8483333333333334 0.45 0.8466666666666667 0.4375 0.8433333333333334 0.39375 0.8466666666666667 0.29375 0.8416666666666667 0.14375 0.8416666666666667 0.1325 0.8383333333333334 0.13 0.835 0.1325 0.805 0.13125 0.7683333333333333 0.13375 0.7583333333333333 0.13125 0.6883333333333334 0.13375 0.6816666666666666 0.13375 0.655 0.13625 0.6416666666666667 0.14 0.6433333333333333 0.14 0.695 0.1375 0.7 0.13875 0.7166666666666667 0.13625 0.73 0.13875 0.74 0.13875 0.75 0.13625 0.755 0.13875 0.7716666666666666 0.135 0.7816666666666666 0.13375 0.8133333333333334 0.13625 0.8266666666666667 0.13875 0.83 0.14875 0.835 0.1775 0.8366666666666667 0.2825 0.835 0.285 0.8316666666666667 0.2875 0.815 0.2875 0.755 0.29 0.745 0.29 0.6483333333333333 0.28625 0.6383333333333333 0.1875 0.635 0.1425 0.635 0.1375 0.6383333333333333 0.135 0.6333333333333333 0.135 0.5066666666666667 0.1375 0.485 0.14 0.385 0.13875 0.335 0.1425 0.295 0.14375 0.22666666666666666 0.15125 0.22166666666666668