0 0.45625 0.425 0.46375 0.42833333333333334 0.47125 0.43833333333333335 0.4775 0.4533333333333333 0.4775 0.4716666666666667 0.475 0.48 0.46625 0.49333333333333335 0.45625 0.5 0.44 0.5 0.43125 0.495 0.42375 0.485 0.42 0.47333333333333333 0.42 0.4533333333333333 0.4275 0.43333333333333335 0.43625 0.425 0.455 0.425
0 0.17125 0.4083333333333333 0.18125 0.41333333333333333 0.19125 0.425 0.195 0.43666666666666665 0.195 0.45 0.19 0.4683333333333333 0.18125 0.47833333333333333 0.16875 0.485 0.1575 0.485 0.145 0.47833333333333333 0.14 0.4716666666666667 0.13375 0.45666666666666667 0.1325 0.44 0.13625 0.4266666666666667 0.14375 0.4166666666666667 0.16125 0.4083333333333333 0.17 0.4083333333333333
0 0.175 0.22666666666666666 0.185 0.23333333333333334 0.1925 0.24333333333333335 0.1975 0.26 0.1975 0.2683333333333333 0.1925 0.2816666666666667 0.18125 0.2966666666666667 0.17625 0.3 0.16625 0.3 0.14625 0.29333333333333333 0.13625 0.27666666666666667 0.13375 0.26666666666666666 0.135 0.24833333333333332 0.1425 0.23333333333333334 0.1575 0.22666666666666666 0.17375 0.22666666666666666
0 0.17625 0.6033333333333334 0.1875 0.615 0.19125 0.6266666666666667 0.19125 0.6416666666666667 0.18375 0.665 0.17125 0.6766666666666666 0.15375 0.6766666666666666 0.14 0.6716666666666666 0.13125 0.66 0.1275 0.6383333333333333 0.1325 0.6166666666666667 0.14125 0.605 0.15375 0.6 0.17 0.6 0.175 0.6033333333333334
0 0.17625 0.05 0.18625 0.055 0.195 0.06333333333333334 0.20125 0.08 0.20125 0.09166666666666666 0.18875 0.115 0.17375 0.125 0.16 0.125 0.14625 0.11833333333333333 0.1375 0.10166666666666667 0.13625 0.075 0.1425 0.06 0.15125 0.05333333333333334 0.15875 0.05 0.175 0.05
1 0.17625 0.05333333333333334 0.195 0.06833333333333333 0.19875 0.07833333333333334 0.19875 0.08833333333333333 0.2025 0.09333333333333334 0.25125 0.09333333333333334 0.31125 0.09833333333333333 0.355 0.09833333333333333 0.48625 0.10666666666666667 0.4975 0.105 0.6675 0.11333333333333333 0.67625 0.11 0.68125 0.09833333333333333 0.685 0.095 0.685 0.09166666666666666 0.695 0.08166666666666667 0.71125 0.08 0.72 0.08166666666666667 0.72375 0.085 0.73 0.095 0.73 0.1 0.7375 0.11 0.73625 0.12333333333333334 0.73625 0.12 0.73375 0.11666666666666667 0.7325 0.11833333333333333 0.73375 0.13333333333333333 0.71875 0.15333333333333332 0.71875 0.16666666666666666 0.72125 0.17166666666666666 0.7225 0.19333333333333333 0.7225 0.24166666666666667 0.72 0.25 0.73 0.25666666666666665 0.7375 0.26666666666666666 0.7425 0.2833333333333333 0.7425 0.2916666666666667 0.7375 0.31 0.72375 0.32666666666666666 0.72625 0.36833333333333335 0.72625 0.4216666666666667 0.72375 0.425 0.73625 0.435 0.74125 0.44166666666666665 0.745 0.4533333333333333 0.745 0.4766666666666667 0.74125 0.4866666666666667 0.72625 0.5 0.73 0.515 0.73125 0.5333333333333333 0.7325 0.585 0.73 0.6066666666666667 0.7475 0.625 0.7525 0.64 0.75125 0.665 0.7475 0.6716666666666666 0.735 0.6833333333333333 0.73875 0.7566666666666667 0.74125 0.8733333333333333 0.73875 0.8766666666666667 0.345 0.875 0.24125 0.8783333333333333 0.13875 0.8766666666666667 0.13625 0.875 0.135 0.87 0.1375 0.8 0.13625 0.79 0.14125 0.6733333333333333 0.1325 0.6566666666666666 0.12875 0.6366666666666667 0.13625 0.6116666666666667 0.1425 0.6016666666666667 0.1425 0.555 0.14625 0.48333333333333334 0.13625 0.46 0.135 0.43666666666666665 0.13625 0.42833333333333334 0.14625 0.415 0.14875 0.30666666666666664 0.14875 0.2966666666666667 0.13875 0.2783333333333333 0.135 0.26166666666666666 0.13625 0.24833333333333332 0.1475 0.23 0.15 0.14166666666666666 0.15 0.12666666666666668 0.14 0.10166666666666667 0.13875 0.07833333333333334 0.1425 0.065 0.1475 0.058333333333333334 0.165 0.051666666666666666 0.175 0.05333333333333334
2 0.4975 0.2 0.505 0.20333333333333334 0.50875 0.20833333333333334 0.51 0.21833333333333332 0.51 0.36833333333333335 0.50625 0.37333333333333335 0.3825 0.37 0.3775 0.3616666666666667 0.37625 0.20166666666666666 0.37875 0.19833333333333333 0.49625 0.2
2 0.46125 0.575 0.51125 0.5783333333333334 0.515 0.6766666666666666 0.515 0.7516666666666667 0.5125 0.7616666666666667 0.50125 0.7633333333333333 0.39375 0.7633333333333333 0.38 0.7616666666666667 0.37625 0.7583333333333333 0.375 0.66 0.3775 0.635 0.375 0.6116666666666667 0.3775 0.58 0.38 0.5766666666666667 0.38875 0.575 0.46 0.575
2 0.42875 0.38333333333333336 0.505 0.38666666666666666 0.51 0.39 0.5125 0.535 0.51125 0.5633333333333334 0.5075 0.565 0.43375 0.565 0.42125 0.5616666666666666 0.38375 0.565 0.37625 0.555 0.37625 0.39 0.38 0.385 0.385 0.38333333333333336 0.4275 0.38333333333333336
2 0.615 0.205 0.63875 0.20666666666666667 0.645 0.20833333333333334 0.64875 0.21333333333333335 0.65125 0.295 0.65 0.37666666666666665 0.60125 0.37833333333333335 0.575 0.375 0.5325 0.375 0.52375 0.37333333333333335 0.52 0.365 0.51875 0.20833333333333334 0.52125 0.205 0.61375 0.20666666666666667
2 0.27 0.19166666666666668 0.36 0.19666666666666666 0.36625 0.20166666666666666 0.36875 0.22166666666666668 0.36875 0.3 0.3675 0.36666666666666664 0.365 0.37 0.2425 0.36833333333333335 0.23125 0.36333333333333334 0.22875 0.30666666666666664 0.22875 0.2916666666666667 0.23125 0.2783333333333333 0.23125 0.20166666666666666 0.2325 0.19666666666666666 0.2375 0.19166666666666668 0.26875 0.19166666666666668
2 0.52 0.39 0.60375 0.3883333333333333 0.6475 0.39166666666666666 0.65125 0.39666666666666667 0.65375 0.415 0.65625 0.5416666666666666 0.65625 0.5633333333333334 0.65125 0.5683333333333334 0.52625 0.565 0.5225 0.5583333333333333 0.52 0.5083333333333333 0.52 0.39166666666666666
2 0.26875 0.37833333333333335 0.30875 0.38 0.32625 0.38333333333333336 0.34625 0.38166666666666665 0.36 0.38333333333333336 0.36625 0.38666666666666666 0.36625 0.5583333333333333 0.36125 0.5616666666666666 0.24875 0.5616666666666666 0.23 0.56 0.2275 0.5566666666666666 0.22625 0.5083333333333333 0.23 0.38 0.2675 0.38
2 0.35375 0.5733333333333334 0.36125 0.575 0.36375 0.5783333333333334 0.36625 0.6 0.365 0.7566666666666667 0.3625 0.76 0.355 0.7616666666666667 0.2375 0.7633333333333333 0.2275 0.7616666666666667 0.22375 0.7566666666666667 0.22375 0.6616666666666666 0.22625 0.575 0.23 0.5716666666666667 0.32375 0.575 0.3525 0.5733333333333334
2 0.6525 0.58 0.65625 0.5866666666666667 0.66 0.6933333333333334 0.65875 0.7216666666666667 0.66125 0.7433333333333333 0.66 0.7616666666666667 0.65375 0.765 0.52875 0.7633333333333333 0.525 0.76 0.52375 0.755 0.52375 0.7133333333333334 0.52125 0.6883333333333334 0.52125 0.6066666666666667 0.5225 0.5833333333333334 0.525 0.58 0.65125 0.58
4 0.735 0.6083333333333333 0.7475 0.6216666666666667 0.755 0.6416666666666667 0.755 0.6583333333333333 0.75125 0.6716666666666666 0.74125 0.6816666666666666 0.73625 0.6833333333333333 0.71875 0.6816666666666666 0.7075 0.6733333333333333 0.70125 0.6633333333333333 0.6975 0.6483333333333333 0.6975 0.6316666666666667 0.705 0.6133333333333333 0.71875 0.6066666666666667 0.73375 0.6083333333333333
4 0.7075 0.075 0.7225 0.08 0.73125 0.08833333333333333 0.74 0.10833333333333334 0.74 0.12166666666666667 0.7375 0.13333333333333333 0.73 0.14333333333333334 0.7225 0.14666666666666667 0.7075 0.14666666666666667 0.69875 0.14333333333333334 0.6875 0.12666666666666668 0.68375 0.11 0.68 0.10333333333333333 0.6825 0.09 0.68875 0.08166666666666667 0.70625 0.075
4 0.72125 0.25 0.73375 0.25666666666666665 0.74125 0.2683333333333333 0.745 0.28 0.74375 0.3016666666666667 0.73875 0.31333333333333335 0.73 0.3233333333333333 0.72 0.3233333333333333 0.70375 0.31833333333333336 0.695 0.30833333333333335 0.68875 0.2916666666666667 0.68875 0.27166666666666667 0.6925 0.26166666666666666 0.70375 0.25 0.72 0.25
4 0.73375 0.43 0.74375 0.44333333333333336 0.7475 0.4533333333333333 0.74875 0.465 0.7475 0.47833333333333333 0.74375 0.48833333333333334 0.73 0.5 0.71375 0.49833333333333335 0.70125 0.49 0.69375 0.4766666666666667 0.69125 0.45166666666666666 0.695 0.43833333333333335 0.70625 0.4266666666666667 0.72375 0.425 0.73 0.4266666666666667 0.7325 0.43
3 0.22625 0.18333333333333332 0.31875 0.185 0.345 0.18833333333333332 0.40875 0.18833333333333332 0.42375 0.19166666666666668 0.49375 0.19166666666666668 0.505 0.195 0.51875 0.19333333333333333 0.56875 0.19833333333333333 0.6275 0.19833333333333333 0.6475 0.2 0.65375 0.20333333333333334 0.65625 0.23333333333333334 0.655 0.2783333333333333 0.6575 0.31 0.65625 0.335 0.65875 0.35833333333333334 0.65875 0.4166666666666667 0.66125 0.45666666666666667 0.66 0.49333333333333335 0.6625 0.5283333333333333 0.6625 0.6216666666666667 0.665 0.6566666666666666 0.66375 0.7116666666666667 0.66625 0.7566666666666667 0.66625 0.765 0.66375 0.7716666666666666 0.58375 0.7733333333333333 0.51375 0.77 0.42125 0.7716666666666666 0.2175 0.7683333333333333 0.21625 0.72 0.21875 0.695 0.21875 0.6216666666666667 0.22125 0.5633333333333334 0.22125 0.44666666666666666 0.22375 0.37833333333333335 0.2225 0.31333333333333335 0.22625 0.185