0 0.50625 0.4766666666666667 0.51375 0.4816666666666667 0.5225 0.49666666666666665 0.52625 0.5066666666666667 0.52625 0.5283333333333333 0.52125 0.5416666666666666 0.5125 0.5533333333333333 0.49875 0.5616666666666666 0.48375 0.5616666666666666 0.475 0.5566666666666666 0.4675 0.5483333333333333 0.45875 0.525 0.45875 0.505 0.46375 0.485 0.47 0.4766666666666667 0.4775 0.4716666666666667 0.49375 0.4716666666666667 0.505 0.4766666666666667
0 0.16625 0.44333333333333336 0.1725 0.445 0.19 0.4583333333333333 0.195 0.465 0.19875 0.4766666666666667 0.19875 0.495 0.19625 0.505 0.19 0.515 0.1725 0.53 0.14375 0.5283333333333333 0.12875 0.5216666666666666 0.1225 0.5133333333333333 0.11875 0.5033333333333333 0.1175 0.49166666666666664 0.11875 0.4716666666666667 0.12875 0.455 0.15 0.445 0.165 0.44333333333333336
0 0.17 0.23 0.18625 0.24 0.1925 0.24666666666666667 0.2 0.26666666666666666 0.19875 0.29 0.18625 0.30666666666666664 0.175 0.315 0.145 0.31333333333333335 0.13 0.30666666666666664 0.1225 0.3 0.11125 0.2783333333333333 0.1125 0.255 0.1175 0.24166666666666667 0.12375 0.23333333333333334 0.14 0.22666666666666666 0.16875 0.23
0 0.1675 0.665 0.17875 0.6733333333333333 0.18625 0.6833333333333333 0.19 0.6933333333333334 0.19 0.7216666666666667 0.1825 0.74 0.17625 0.7483333333333333 0.1625 0.755 0.145 0.7533333333333333 0.12625 0.7433333333333333 0.12125 0.7366666666666667 0.11875 0.7283333333333334 0.1175 0.7016666666666667 0.12 0.69 0.12875 0.675 0.15 0.665 0.16625 0.665
0 0.15875 0.013333333333333334 0.175 0.018333333333333333 0.19375 0.028333333333333332 0.2025 0.03833333333333333 0.205 0.045 0.20375 0.07 0.2 0.08333333333333333 0.1875 0.09833333333333333 0.175 0.105 0.16375 0.105 0.1325 0.09833333333333333 0.125 0.09333333333333334 0.11375 0.07333333333333333 0.1125 0.043333333333333335 0.11875 0.02666666666666667 0.12625 0.018333333333333333 0.13625 0.013333333333333334 0.1575 0.013333333333333334
1 0.16625 0.02 0.18125 0.025 0.18625 0.03333333333333333 0.195 0.03666666666666667 0.20375 0.06 0.26125 0.06333333333333334 0.27875 0.06666666666666667 0.415 0.07333333333333333 0.44625 0.07833333333333334 0.4725 0.07833333333333334 0.52125 0.08333333333333333 0.58 0.085 0.735 0.09833333333333333 0.75625 0.09666666666666666 0.765 0.09 0.775 0.09666666666666666 0.77875 0.095 0.78375 0.09833333333333333 0.77875 0.10166666666666667 0.7825 0.10833333333333334 0.785 0.10833333333333334 0.78 0.115 0.78125 0.12 0.77875 0.13333333333333333 0.7925 0.135 0.79375 0.145 0.7825 0.14 0.77875 0.14333333333333334 0.79 0.15333333333333332 0.79375 0.14833333333333334 0.7925 0.15333333333333332 0.795 0.16 0.79875 0.15833333333333333 0.80125 0.15 0.81125 0.14833333333333334 0.81875 0.17666666666666667 0.8175 0.26166666666666666 0.81125 0.27 0.8 0.27166666666666667 0.8175 0.2733333333333333 0.83125 0.2816666666666667 0.845 0.30333333333333334 0.845 0.3283333333333333 0.84125 0.3383333333333333 0.8275 0.355 0.81875 0.3566666666666667 0.81625 0.36 0.82 0.37 0.82 0.4766666666666667 0.8225 0.5216666666666666 0.82 0.58 0.82125 0.6183333333333333 0.81875 0.7033333333333334 0.82 0.7583333333333333 0.81625 0.9166666666666666 0.8175 0.9283333333333333 0.81625 0.9833333333333333 0.8125 0.9883333333333333 0.71 0.9833333333333333 0.7025 0.985 0.675 0.9816666666666667 0.67125 0.9833333333333333 0.535 0.9783333333333334 0.51125 0.975 0.47 0.975 0.3625 0.9683333333333334 0.2675 0.9666666666666667 0.2475 0.9633333333333334 0.19875 0.9633333333333334 0.17 0.96 0.15625 0.9616666666666667 0.1325 0.9583333333333334 0.12875 0.955 0.1275 0.9216666666666666 0.13 0.91 0.135 0.765 0.1375 0.7516666666666667 0.13375 0.745 0.1225 0.735 0.11875 0.705 0.1225 0.6883333333333334 0.13625 0.6683333333333333 0.13625 0.5466666666666666 0.13875 0.5416666666666666 0.13875 0.535 0.145 0.5283333333333333 0.13 0.5183333333333333 0.1225 0.5083333333333333 0.12125 0.5 0.1225 0.4683333333333333 0.13625 0.45 0.13875 0.43333333333333335 0.13875 0.4266666666666667 0.13625 0.4216666666666667 0.13625 0.4033333333333333 0.1375 0.39166666666666666 0.14 0.38666666666666666 0.1375 0.38333333333333336 0.1375 0.35833333333333334 0.135 0.3516666666666667 0.13625 0.31 0.12625 0.3 0.115 0.2783333333333333 0.115 0.26 0.11875 0.24833333333333332 0.1225 0.24333333333333335 0.1225 0.24 0.13625 0.22666666666666666 0.1375 0.19166666666666668 0.1375 0.15 0.135 0.12666666666666668 0.13625 0.09833333333333333 0.12625 0.09 0.1225 0.08333333333333333 0.1225 0.07833333333333334 0.11875 0.07333333333333333 0.1175 0.05 0.11875 0.03833333333333333 0.1275 0.028333333333333332 0.13 0.021666666666666667 0.13625 0.021666666666666667 0.14 0.018333333333333333 0.165 0.02
2 0.43875 0.19333333333333333 0.545 0.2 0.565 0.20666666666666667 0.5675 0.23 0.56625 0.32 0.56875 0.36833333333333335 0.56625 0.395 0.5625 0.4 0.55375 0.40166666666666667 0.4325 0.39666666666666667 0.415 0.3933333333333333 0.4125 0.39 0.4125 0.19833333333333333 0.415 0.195 0.4375 0.19333333333333333
2 0.48 0.41333333333333333 0.54375 0.4166666666666667 0.56125 0.42 0.5675 0.425 0.5675 0.48833333333333334 0.565 0.515 0.56625 0.5983333333333334 0.565 0.6183333333333333 0.56375 0.6216666666666667 0.56 0.6233333333333333 0.43 0.6183333333333333 0.41375 0.6166666666666667 0.40875 0.6133333333333333 0.405 0.5833333333333334 0.40875 0.5766666666666667 0.4075 0.53 0.4125 0.415 0.42125 0.4116666666666667 0.47875 0.41333333333333333
2 0.58 0.20666666666666667 0.63375 0.205 0.7075 0.21 0.72125 0.21166666666666667 0.7275 0.215 0.73 0.21833333333333332 0.73 0.23833333333333334 0.7325 0.25 0.73125 0.25833333333333336 0.73375 0.265 0.73375 0.30666666666666664 0.73 0.31666666666666665 0.73 0.335 0.735 0.3566666666666667 0.73125 0.4066666666666667 0.72875 0.4116666666666667 0.6575 0.41 0.64 0.4066666666666667 0.58625 0.4033333333333333 0.58 0.4 0.5775 0.25833333333333336 0.5775 0.225 0.58 0.20833333333333334
2 0.3325 0.185 0.37875 0.19 0.3975 0.19666666666666666 0.3975 0.20833333333333334 0.39375 0.21833333333333332 0.39625 0.22333333333333333 0.395 0.23666666666666666 0.4 0.24166666666666667 0.39875 0.24833333333333332 0.40125 0.26 0.40125 0.3233333333333333 0.39875 0.33 0.40125 0.3383333333333333 0.39875 0.35 0.40125 0.36666666666666664 0.3975 0.37333333333333335 0.3975 0.385 0.3925 0.39166666666666666 0.34375 0.39166666666666666 0.32 0.3883333333333333 0.25125 0.38666666666666666 0.245 0.385 0.24125 0.38 0.24125 0.3516666666666667 0.24375 0.335 0.24375 0.295 0.24125 0.2816666666666667 0.24375 0.26666666666666666 0.24375 0.18666666666666668 0.2475 0.18166666666666667 0.25375 0.18 0.33125 0.185
2 0.64625 0.42333333333333334 0.70875 0.4266666666666667 0.72625 0.43 0.73125 0.435 0.73375 0.5533333333333333 0.73125 0.6183333333333333 0.7275 0.6316666666666667 0.67375 0.6316666666666667 0.6225 0.6283333333333333 0.5825 0.625 0.575 0.6216666666666667 0.57375 0.5683333333333334 0.57875 0.42833333333333334 0.5825 0.4216666666666667 0.645 0.42333333333333334
2 0.30375 0.4033333333333333 0.36625 0.4066666666666667 0.39125 0.41 0.3975 0.41333333333333333 0.39625 0.43333333333333335 0.4 0.48833333333333334 0.39625 0.5383333333333333 0.39875 0.5516666666666666 0.3975 0.6033333333333334 0.39625 0.6116666666666667 0.39375 0.615 0.38375 0.6166666666666667 0.355 0.6133333333333333 0.2475 0.61 0.24 0.6083333333333333 0.2375 0.605 0.2375 0.5533333333333333 0.24 0.5183333333333333 0.23875 0.5033333333333333 0.2425 0.425 0.24125 0.405 0.245 0.40166666666666667 0.3025 0.4033333333333333
2 0.26875 0.625 0.36 0.6316666666666667 0.37375 0.63 0.38625 0.6316666666666667 0.395 0.6366666666666667 0.39125 0.8266666666666667 0.39 0.8366666666666667 0.38625 0.8416666666666667 0.37875 0.8433333333333334 0.31625 0.8433333333333334 0.29375 0.84 0.255 0.84 0.235 0.8383333333333334 0.2275 0.8316666666666667 0.23125 0.755 0.23 0.7383333333333333 0.2325 0.7283333333333334 0.2325 0.69 0.235 0.6683333333333333 0.23375 0.6533333333333333 0.23625 0.6433333333333333 0.235 0.635 0.23875 0.625 0.2675 0.625
2 0.4925 0.635 0.54875 0.6383333333333333 0.55875 0.64 0.56375 0.645 0.56125 0.71 0.56125 0.8316666666666667 0.55875 0.8466666666666667 0.55375 0.85 0.4225 0.8466666666666667 0.405 0.845 0.40125 0.8383333333333334 0.40125 0.735 0.405 0.7116666666666667 0.40375 0.69 0.4075 0.645 0.405 0.64 0.40625 0.6366666666666667 0.41125 0.6333333333333333 0.49125 0.635
2 0.69 0.6466666666666666 0.72625 0.65 0.73 0.655 0.72875 0.74 0.73125 0.7683333333333333 0.72875 0.8566666666666667 0.72125 0.8616666666666667 0.5825 0.8533333333333334 0.5725 0.8516666666666667 0.56875 0.8466666666666667 0.5725 0.7183333333333334 0.57125 0.705 0.575 0.645 0.58125 0.6416666666666667 0.615 0.6416666666666667 0.68875 0.6466666666666666
4 0.5125 0.715 0.52625 0.74 0.52875 0.76 0.52625 0.7716666666666666 0.51375 0.7916666666666666 0.5075 0.7966666666666666 0.4975 0.8 0.48 0.7966666666666666 0.4675 0.7833333333333333 0.46125 0.7666666666666667 0.46125 0.7416666666666667 0.46625 0.7266666666666667 0.48 0.7116666666666667 0.4875 0.7083333333333334 0.50125 0.7083333333333334 0.51125 0.715
4 0.82 0.065 0.8275 0.07 0.83875 0.08333333333333333 0.845 0.10166666666666667 0.845 0.12 0.8425 0.12833333333333333 0.8325 0.14166666666666666 0.82375 0.14666666666666667 0.80625 0.14666666666666667 0.7925 0.14 0.7825 0.12333333333333334 0.77875 0.10333333333333333 0.7625 0.09 0.7625 0.08333333333333333 0.7675 0.07333333333333333 0.7775 0.065 0.7875 0.06166666666666667 0.81875 0.065
4 0.82125 0.27166666666666667 0.8375 0.2833333333333333 0.845 0.29333333333333333 0.84875 0.305 0.84875 0.325 0.84625 0.33666666666666667 0.83875 0.35 0.8275 0.35833333333333334 0.81 0.35833333333333334 0.795 0.35 0.78875 0.34 0.78125 0.32 0.77875 0.3 0.78375 0.285 0.7925 0.275 0.79875 0.27166666666666667 0.82 0.27166666666666667
4 0.67125 0.71 0.68875 0.7166666666666667 0.6975 0.725 0.7025 0.7333333333333333 0.70625 0.745 0.70625 0.7683333333333333 0.7 0.785 0.6875 0.8 0.67 0.8033333333333333 0.66 0.8 0.65 0.7916666666666666 0.6425 0.7783333333333333 0.64 0.7683333333333333 0.64 0.745 0.645 0.73 0.65875 0.715 0.67 0.7116666666666667
3 0.575 0.21166666666666667 0.5775 0.215 0.57625 0.285 0.57875 0.2966666666666667 0.575 0.31166666666666665 0.5775 0.31666666666666665 0.57625 0.32166666666666666 0.57875 0.3516666666666667 0.5775 0.4 0.5825 0.405 0.7175 0.41333333333333333 0.7325 0.41833333333333333 0.73375 0.43166666666666664 0.7375 0.435 0.7375 0.44 0.73625 0.44166666666666665 0.7325 0.43666666666666665 0.7325 0.43 0.705 0.425 0.64875 0.42333333333333334 0.625 0.42 0.58125 0.42 0.5775 0.42833333333333334 0.57625 0.46 0.57625 0.5283333333333333 0.57375 0.5333333333333333 0.575 0.5566666666666666 0.5725 0.5633333333333334 0.5725 0.57 0.575 0.5733333333333334 0.57375 0.6216666666666667 0.5775 0.625 0.59625 0.6283333333333333 0.72625 0.6333333333333333 0.7325 0.6283333333333333 0.73375 0.6183333333333333 0.73375 0.565 0.73625 0.5666666666666667 0.73375 0.57 0.73375 0.5916666666666667 0.735 0.6033333333333334 0.7375 0.6083333333333333 0.7375 0.6183333333333333 0.735 0.6216666666666667 0.73375 0.6316666666666667 0.73375 0.6533333333333333 0.73625 0.6616666666666666 0.73625 0.6833333333333333 0.73375 0.6933333333333334 0.73375 0.7083333333333334 0.73625 0.715 0.73375 0.725 0.73375 0.7066666666666667 0.73 0.7016666666666667 0.73125 0.6966666666666667 0.72875 0.675 0.73125 0.655 0.72625 0.6483333333333333 0.6875 0.6466666666666666 0.675 0.6433333333333333 0.6425 0.6433333333333333 0.62375 0.64 0.5775 0.64 0.57375 0.645 0.5725 0.6933333333333334 0.57 0.705 0.5725 0.7116666666666667 0.57 0.7266666666666667 0.5725 0.755 0.57 0.7733333333333333 0.57125 0.785 0.56875 0.795 0.56875 0.8483333333333334 0.5925 0.855 0.6025 0.8533333333333334 0.61375 0.8566666666666667 0.63125 0.855 0.64375 0.8583333333333333 0.72375 0.8616666666666667 0.72875 0.8583333333333333 0.73 0.8466666666666667 0.7325 0.8516666666666667 0.7325 0.865 0.7275 0.87 0.60375 0.865 0.52 0.8583333333333333 0.47 0.8583333333333333 0.45125 0.855 0.32375 0.8516666666666667 0.265 0.8466666666666667 0.25125 0.8483333333333334 0.22875 0.8466666666666667 0.22375 0.8433333333333334 0.22375 0.79 0.225 0.7683333333333333 0.22875 0.7533333333333333 0.23125 0.765 0.2275 0.7983333333333333 0.2275 0.8316666666666667 0.23125 0.8366666666666667 0.24375 0.8366666666666667 0.25375 0.84 0.2725 0.8383333333333334 0.28125 0.8416666666666667 0.2975 0.84 0.3075 0.8433333333333334 0.3275 0.8416666666666667 0.35125 0.845 0.38375 0.845 0.39125 0.84 0.3925 0.7666666666666667 0.395 0.7583333333333333 0.39375 0.7366666666666667 0.39625 0.7016666666666667 0.39625 0.6366666666666667 0.3925 0.6316666666666667 0.38375 0.6283333333333333 0.34375 0.6283333333333333 0.2375 0.6216666666666667 0.23375 0.6266666666666667 0.23625 0.68 0.23375 0.6833333333333333 0.23125 0.7266666666666667 0.2325 0.73 0.23 0.7366666666666667 0.2275 0.7183333333333334 0.2275 0.6833333333333333 0.23 0.6416666666666667 0.23375 0.6366666666666667 0.2325 0.5866666666666667 0.235 0.5216666666666666 0.2375 0.5183333333333333 0.24 0.5283333333333333 0.2375 0.5583333333333333 0.235 0.56 0.2375 0.565 0.2375 0.5783333333333334 0.235 0.5816666666666667 0.23625 0.5983333333333334 0.23375 0.6016666666666667 0.24 0.61 0.395 0.6166666666666667 0.39875 0.6133333333333333 0.4 0.595 0.4 0.56 0.3975 0.54 0.4 0.5283333333333333 0.39875 0.505 0.40125 0.5016666666666667 0.40125 0.41333333333333333 0.39375 0.4083333333333333 0.31 0.40166666666666667 0.23875 0.40166666666666667 0.23625 0.37 0.2375 0.36333333333333334 0.24125 0.365 0.24 0.38333333333333336 0.24375 0.38666666666666666 0.395 0.395 0.40125 0.38666666666666666 0.40375 0.36833333333333335 0.40375 0.355 0.40125 0.34833333333333333 0.40375 0.3383333333333333 0.40125 0.31333333333333335 0.40125 0.28833333333333333 0.40375 0.285 0.4025 0.2683333333333333 0.41125 0.26666666666666666 0.4125 0.355 0.41 0.39 0.41375 0.395 0.4625 0.4 0.56625 0.4033333333333333 0.57 0.4 0.5675 0.36333333333333334 0.57 0.34833333333333333 0.56625 0.33666666666666667 0.56875 0.32666666666666666 0.5675 0.32 0.57125 0.31 0.56875 0.30666666666666664 0.57 0.30333333333333334 0.56625 0.29833333333333334 0.57 0.27166666666666667 0.57 0.24833333333333332 0.5675 0.23833333333333334 0.57 0.23 0.56875 0.21333333333333335 0.57375 0.21166666666666667