0 0.4575 0.425 0.46875 0.43 0.47625 0.44 0.48125 0.455 0.48125 0.4716666666666667 0.4775 0.4816666666666667 0.46875 0.49333333333333335 0.4575 0.49833333333333335 0.44625 0.49833333333333335 0.43875 0.495 0.43 0.48333333333333334 0.42625 0.4716666666666667 0.42625 0.4533333333333333 0.43375 0.435 0.44125 0.4266666666666667 0.45625 0.425
0 0.2 0.40166666666666667 0.21125 0.4083333333333333 0.2175 0.4166666666666667 0.22 0.42333333333333334 0.22 0.44166666666666665 0.21625 0.45666666666666667 0.21125 0.4633333333333333 0.19625 0.47333333333333333 0.18125 0.4716666666666667 0.17125 0.4633333333333333 0.165 0.4483333333333333 0.165 0.43166666666666664 0.16875 0.4166666666666667 0.1775 0.405 0.185 0.40166666666666667 0.19875 0.40166666666666667
0 0.20625 0.23333333333333334 0.22 0.24166666666666667 0.2275 0.25333333333333335 0.23 0.265 0.22875 0.275 0.22375 0.2866666666666667 0.2075 0.305 0.1925 0.305 0.1875 0.3016666666666667 0.1775 0.29 0.1725 0.2733333333333333 0.17375 0.255 0.1825 0.23833333333333334 0.18875 0.23333333333333334 0.205 0.23333333333333334
0 0.1975 0.58 0.20625 0.59 0.21 0.6016666666666667 0.21 0.6133333333333333 0.20375 0.6366666666666667 0.1975 0.645 0.19125 0.6483333333333333 0.17125 0.6483333333333333 0.16375 0.6433333333333333 0.155 0.6266666666666667 0.15375 0.6083333333333333 0.15875 0.5916666666666667 0.16625 0.5816666666666667 0.175 0.5766666666666667 0.19125 0.5766666666666667 0.19625 0.58
0 0.22 0.06833333333333333 0.2275 0.07333333333333333 0.23625 0.08666666666666667 0.23875 0.095 0.23875 0.10666666666666667 0.23375 0.125 0.21875 0.14 0.21 0.145 0.195 0.14166666666666666 0.185 0.12666666666666668 0.1825 0.11833333333333333 0.1825 0.095 0.18875 0.07833333333333334 0.195 0.07166666666666667 0.20375 0.06666666666666667 0.21875 0.06833333333333333
1 0.21875 0.07166666666666667 0.23 0.08 0.23 0.08333333333333333 0.2375 0.095 0.23875 0.10166666666666667 0.2425 0.105 0.26125 0.10333333333333333 0.27625 0.10666666666666667 0.3425 0.10833333333333334 0.3625 0.11166666666666666 0.375 0.11 0.395 0.11333333333333333 0.43125 0.11333333333333333 0.4625 0.11666666666666667 0.50375 0.11666666666666667 0.58875 0.12333333333333334 0.6125 0.12166666666666667 0.63875 0.125 0.685 0.125 0.69625 0.12666666666666668 0.69875 0.13 0.705 0.11833333333333333 0.70625 0.11166666666666666 0.72 0.09833333333333333 0.735 0.09666666666666666 0.75125 0.11166666666666666 0.75125 0.11666666666666667 0.755 0.12333333333333334 0.755 0.14 0.75125 0.145 0.75125 0.15 0.74375 0.165 0.745 0.23166666666666666 0.74375 0.25833333333333336 0.74 0.2683333333333333 0.7425 0.275 0.75125 0.285 0.7525 0.30333333333333334 0.74875 0.32 0.73875 0.3333333333333333 0.74125 0.3383333333333333 0.74125 0.4083333333333333 0.73625 0.5866666666666667 0.7375 0.6066666666666667 0.735 0.6816666666666666 0.735 0.7666666666666667 0.7325 0.8083333333333333 0.7325 0.865 0.72875 0.8716666666666667 0.56 0.86 0.5475 0.8566666666666667 0.515 0.8566666666666667 0.46375 0.85 0.3925 0.8466666666666667 0.37875 0.8433333333333334 0.2025 0.8316666666666667 0.16125 0.8266666666666667 0.16 0.8133333333333334 0.16375 0.78 0.16625 0.72 0.16875 0.7083333333333334 0.17125 0.6466666666666666 0.16375 0.64 0.15625 0.625 0.15625 0.605 0.16375 0.5866666666666667 0.175 0.575 0.1825 0.475 0.1675 0.45166666666666666 0.16625 0.43166666666666664 0.17125 0.4166666666666667 0.18625 0.4 0.1875 0.35 0.19125 0.31 0.19 0.3016666666666667 0.17875 0.28833333333333333 0.17625 0.2816666666666667 0.175 0.25833333333333336 0.18125 0.24333333333333335 0.19 0.23666666666666666 0.195 0.22833333333333333 0.2 0.15333333333333332 0.2 0.145 0.18875 0.13 0.185 0.12 0.18375 0.10666666666666667 0.185 0.09333333333333334 0.18875 0.08333333333333333 0.195 0.075 0.2025 0.07 0.2175 0.07166666666666667
2 0.45875 0.5666666666666667 0.48375 0.57 0.51 0.57 0.51875 0.575 0.515 0.7283333333333334 0.5125 0.745 0.51 0.7466666666666667 0.39 0.7383333333333333 0.3825 0.7316666666666667 0.38375 0.665 0.39 0.5666666666666667 0.39375 0.5633333333333334 0.4575 0.5666666666666667
2 0.47625 0.38666666666666666 0.52125 0.39 0.525 0.395 0.52125 0.545 0.52 0.5533333333333333 0.51625 0.5583333333333333 0.39625 0.5516666666666666 0.39125 0.5483333333333333 0.39125 0.5016666666666667 0.39375 0.4716666666666667 0.3925 0.45666666666666667 0.395 0.41 0.39875 0.38666666666666666 0.475 0.38666666666666666
2 0.5425 0.21333333333333335 0.5775 0.21666666666666667 0.605 0.215 0.6625 0.21833333333333332 0.66625 0.22 0.67 0.22833333333333333 0.6675 0.27166666666666667 0.66875 0.31 0.66625 0.32666666666666666 0.665 0.37833333333333335 0.6625 0.385 0.54125 0.37833333333333335 0.53625 0.37166666666666665 0.53625 0.345 0.53875 0.245 0.54 0.22166666666666668 0.5425 0.215
2 0.285 0.19833333333333333 0.35 0.205 0.39 0.205 0.395 0.20833333333333334 0.39625 0.22666666666666666 0.39375 0.2966666666666667 0.39 0.36 0.3875 0.36833333333333335 0.34875 0.36833333333333335 0.26375 0.3616666666666667 0.2625 0.32 0.26625 0.28 0.265 0.2633333333333333 0.2675 0.22166666666666668 0.27 0.20333333333333334 0.275 0.19833333333333333 0.28375 0.19833333333333333
2 0.56375 0.39166666666666666 0.61 0.39666666666666667 0.64375 0.39666666666666667 0.6575 0.3983333333333333 0.66375 0.40166666666666667 0.66375 0.4866666666666667 0.66125 0.56 0.65875 0.5683333333333334 0.58125 0.565 0.5675 0.5616666666666666 0.5425 0.5616666666666666 0.53125 0.5583333333333333 0.53 0.5066666666666667 0.535 0.4 0.53875 0.39166666666666666 0.5625 0.39166666666666666
2 0.2675 0.37333333333333335 0.37625 0.38 0.385 0.38333333333333336 0.3875 0.38666666666666666 0.3825 0.54 0.37875 0.5483333333333333 0.3075 0.5466666666666666 0.25375 0.54 0.2525 0.5066666666666667 0.255 0.49333333333333335 0.2575 0.41333333333333333 0.26 0.3983333333333333 0.26 0.38166666666666665 0.26125 0.37666666666666665 0.26625 0.37333333333333335
2 0.4075 0.20666666666666667 0.51125 0.21 0.52625 0.21166666666666667 0.53 0.215 0.52875 0.31 0.52625 0.365 0.52375 0.37666666666666665 0.48875 0.37666666666666665 0.46875 0.37333333333333335 0.41625 0.37166666666666665 0.4 0.36833333333333335 0.39875 0.345 0.40375 0.235 0.4025 0.23 0.40625 0.20833333333333334
2 0.3125 0.5566666666666666 0.34625 0.5616666666666666 0.37125 0.5616666666666666 0.37875 0.565 0.38 0.5683333333333334 0.37375 0.7266666666666667 0.3725 0.7333333333333333 0.37 0.735 0.32125 0.735 0.30375 0.7316666666666667 0.2775 0.7316666666666667 0.24625 0.7283333333333334 0.2425 0.725 0.2425 0.6883333333333334 0.2475 0.6183333333333333 0.24625 0.6083333333333333 0.24875 0.5966666666666667 0.25125 0.5566666666666666 0.255 0.5533333333333333 0.31125 0.5566666666666666
2 0.5475 0.5733333333333334 0.6075 0.5766666666666667 0.65875 0.5833333333333334 0.66 0.6816666666666666 0.6575 0.705 0.6575 0.745 0.65625 0.7533333333333333 0.6525 0.7583333333333333 0.56625 0.7533333333333333 0.55625 0.75 0.5275 0.7483333333333333 0.52375 0.745 0.5225 0.7233333333333334 0.5275 0.5833333333333334 0.52875 0.5766666666666667 0.53125 0.575 0.54625 0.5733333333333334
4 0.60875 0.6233333333333333 0.61625 0.6283333333333333 0.6225 0.6366666666666667 0.62625 0.6466666666666666 0.62625 0.6716666666666666 0.6225 0.6816666666666666 0.615 0.6916666666666667 0.605 0.6966666666666667 0.595 0.6966666666666667 0.58625 0.6933333333333334 0.575 0.68 0.57125 0.6683333333333333 0.57125 0.6483333333333333 0.57375 0.64 0.58125 0.6283333333333333 0.5925 0.6216666666666667 0.6075 0.6233333333333333
4 0.73875 0.095 0.7525 0.10833333333333334 0.7575 0.12333333333333334 0.7575 0.14 0.75375 0.15333333333333332 0.75 0.15833333333333333 0.73875 0.16333333333333333 0.7225 0.16333333333333333 0.71625 0.16 0.705 0.14666666666666667 0.70125 0.135 0.7025 0.11333333333333333 0.71375 0.09833333333333333 0.7275 0.09333333333333334 0.7375 0.095
4 0.73875 0.2683333333333333 0.75125 0.2816666666666667 0.75375 0.29 0.75375 0.30833333333333335 0.7475 0.325 0.73625 0.335 0.71875 0.335 0.71125 0.33 0.7 0.315 0.69625 0.29833333333333334 0.69875 0.2833333333333333 0.7075 0.27 0.71625 0.265 0.7325 0.265 0.7375 0.2683333333333333
4 0.46 0.6166666666666667 0.4675 0.6216666666666667 0.47375 0.63 0.47875 0.6466666666666666 0.47875 0.6616666666666666 0.475 0.675 0.46875 0.6833333333333333 0.45875 0.69 0.4425 0.69 0.4375 0.6866666666666666 0.4275 0.6733333333333333 0.42375 0.66 0.425 0.6383333333333333 0.43375 0.6233333333333333 0.445 0.6166666666666667 0.45875 0.6166666666666667
3 0.265 0.19166666666666668 0.275 0.19 0.305 0.195 0.31375 0.19333333333333333 0.32375 0.19666666666666666 0.35375 0.195 0.36625 0.19833333333333333 0.3875 0.19833333333333333 0.4025 0.205 0.405 0.205 0.4075 0.19833333333333333 0.43375 0.19833333333333333 0.4575 0.2 0.46875 0.20333333333333334 0.48625 0.20166666666666666 0.49375 0.205 0.5075 0.20166666666666666 0.51375 0.205 0.53625 0.20666666666666667 0.54 0.21166666666666667 0.54 0.22666666666666666 0.5375 0.245 0.53875 0.2683333333333333 0.53625 0.3016666666666667 0.535 0.375 0.5375 0.37833333333333335 0.54875 0.38 0.59125 0.38166666666666665 0.605 0.385 0.66125 0.38666666666666666 0.66375 0.38333333333333336 0.66625 0.36833333333333335 0.66625 0.30833333333333335 0.66875 0.30666666666666664 0.66625 0.295 0.66625 0.275 0.67 0.22833333333333333 0.66625 0.22333333333333333 0.655 0.21833333333333332 0.61375 0.21666666666666667 0.6025 0.21333333333333335 0.54625 0.21333333333333335 0.545 0.20666666666666667 0.59 0.20666666666666667 0.61875 0.21 0.62625 0.20833333333333334 0.63625 0.21166666666666667 0.665 0.21166666666666667 0.6725 0.21333333333333335 0.675 0.21666666666666667 0.675 0.25666666666666665 0.6725 0.285 0.67375 0.28833333333333333 0.67125 0.3 0.6725 0.33166666666666667 0.67 0.35833333333333334 0.66875 0.485 0.66625 0.51 0.6675 0.5366666666666666 0.665 0.575 0.66625 0.5916666666666667 0.66375 0.64 0.6625 0.7533333333333333 0.66125 0.7633333333333333 0.6575 0.7666666666666667 0.6525 0.7666666666666667 0.60125 0.7633333333333333 0.58625 0.76 0.46625 0.7533333333333333 0.39125 0.745 0.36125 0.745 0.245 0.7366666666666667 0.23875 0.735 0.23625 0.7316666666666667 0.24 0.6783333333333333 0.23875 0.6733333333333333 0.24375 0.5633333333333334 0.24875 0.5083333333333333 0.24875 0.47833333333333333 0.25375 0.4116666666666667 0.2575 0.32666666666666666 0.25625 0.3233333333333333 0.26125 0.2633333333333333 0.26 0.24666666666666667 0.2625 0.205 0.265 0.19333333333333333