0 0.5625 0.8416666666666667 0.5675 0.85 0.5675 0.8933333333333333 0.56125 0.8983333333333333 0.55375 0.8983333333333333 0.5425 0.9033333333333333 0.53375 0.9 0.52625 0.89 0.52125 0.8733333333333333 0.5225 0.855 0.52875 0.845 0.53625 0.84 0.56125 0.8416666666666667
0 0.46375 0.7116666666666667 0.47625 0.7183333333333334 0.485 0.73 0.48625 0.7516666666666667 0.47875 0.7683333333333333 0.4625 0.7766666666666666 0.45375 0.775 0.44375 0.7683333333333333 0.44 0.7633333333333333 0.43625 0.7516666666666667 0.43625 0.7366666666666667 0.44 0.725 0.4525 0.7133333333333334 0.4625 0.7116666666666667
0 0.3375 0.33166666666666667 0.35 0.3383333333333333 0.35625 0.3466666666666667 0.36 0.36 0.35875 0.37833333333333335 0.35625 0.385 0.35 0.3933333333333333 0.34375 0.39666666666666667 0.3275 0.39666666666666667 0.32125 0.3933333333333333 0.3125 0.38333333333333336 0.30875 0.37 0.30875 0.3566666666666667 0.3125 0.3433333333333333 0.32125 0.335 0.33625 0.33166666666666667
0 0.5575 0.6933333333333334 0.56875 0.6983333333333334 0.575 0.71 0.575 0.7233333333333334 0.57125 0.7316666666666667 0.57 0.7433333333333333 0.56625 0.7483333333333333 0.5575 0.7516666666666667 0.54375 0.7516666666666667 0.53625 0.7466666666666667 0.52625 0.7333333333333333 0.52375 0.725 0.525 0.7116666666666667 0.5325 0.6983333333333334 0.54625 0.6916666666666667 0.55625 0.6933333333333334
0 0.3425 0.5083333333333333 0.35375 0.52 0.3575 0.5316666666666666 0.3575 0.545 0.35375 0.555 0.3475 0.5633333333333334 0.34125 0.5666666666666667 0.32625 0.5666666666666667 0.31625 0.56 0.30625 0.5433333333333333 0.30625 0.525 0.31125 0.515 0.32375 0.5066666666666667 0.34125 0.5083333333333333
1 0.08875 0.195 0.1175 0.2 0.16125 0.20333333333333334 0.1725 0.20666666666666667 0.245 0.21333333333333335 0.29625 0.22166666666666668 0.3125 0.22166666666666668 0.3725 0.23166666666666666 0.39 0.23166666666666666 0.4 0.235 0.4175 0.235 0.45625 0.24166666666666667 0.5275 0.24833333333333332 0.57125 0.255 0.57625 0.26 0.5775 0.2833333333333333 0.57375 0.44 0.575 0.4633333333333333 0.57125 0.525 0.57375 0.535 0.57 0.58 0.57125 0.5933333333333334 0.56875 0.6633333333333333 0.56875 0.6966666666666667 0.57375 0.7166666666666667 0.57 0.74 0.56625 0.7483333333333333 0.56625 0.835 0.56375 0.8883333333333333 0.56125 0.8933333333333333 0.55625 0.8966666666666666 0.54375 0.9 0.52375 0.8866666666666667 0.50875 0.8866666666666667 0.5025 0.8833333333333333 0.4525 0.885 0.445 0.8816666666666667 0.39 0.8833333333333333 0.33875 0.88 0.15125 0.8766666666666667 0.10125 0.8716666666666667 0.0975 0.8566666666666667 0.09375 0.8616666666666667 0.09625 0.865 0.09 0.8666666666666667 0.08875 0.855 0.0925 0.85 0.08375 0.845 0.085 0.8383333333333334 0.0775 0.8333333333333334 0.075 0.8283333333333334 0.06625 0.8283333333333334 0.0675 0.8233333333333334 0.06125 0.8183333333333334 0.06 0.8083333333333333 0.0625 0.7133333333333334 0.06125 0.7083333333333334 0.06375 0.6966666666666667 0.0625 0.625 0.06625 0.59 0.06625 0.5083333333333333 0.06875 0.49666666666666665 0.06875 0.44666666666666666 0.07125 0.43 0.07125 0.365 0.075 0.3 0.075 0.26166666666666666 0.0775 0.24333333333333335 0.07875 0.2 0.08125 0.19666666666666666 0.0875 0.195
2 0.505 0.33166666666666667 0.51 0.335 0.5075 0.35333333333333333 0.5075 0.3933333333333333 0.505 0.41 0.505 0.475 0.5025 0.47833333333333333 0.46875 0.47833333333333333 0.4025 0.4716666666666667 0.3975 0.465 0.39625 0.43166666666666664 0.39875 0.41 0.39875 0.33166666666666667 0.40125 0.325 0.4225 0.3233333333333333 0.50375 0.33166666666666667
2 0.30125 0.6366666666666667 0.3775 0.6433333333333333 0.375 0.7233333333333334 0.37625 0.7683333333333333 0.3725 0.7916666666666666 0.28125 0.79 0.27 0.7883333333333333 0.265 0.785 0.265 0.765 0.2675 0.7466666666666667 0.26625 0.7066666666666667 0.27 0.655 0.26875 0.64 0.27375 0.6366666666666667 0.3 0.6366666666666667
2 0.4225 0.48333333333333334 0.43875 0.4866666666666667 0.4925 0.48833333333333334 0.50125 0.49 0.50375 0.49333333333333335 0.5025 0.5366666666666666 0.505 0.56 0.50375 0.5783333333333334 0.5 0.5916666666666667 0.49875 0.6383333333333333 0.39625 0.6333333333333333 0.39125 0.6283333333333333 0.39125 0.56 0.395 0.5466666666666666 0.39375 0.5166666666666667 0.39625 0.48833333333333334 0.4 0.48333333333333334 0.42125 0.48333333333333334
2 0.1425 0.4633333333333333 0.16875 0.46166666666666667 0.18625 0.465 0.2425 0.4683333333333333 0.26 0.47333333333333333 0.2575 0.49166666666666664 0.255 0.615 0.25 0.62 0.16625 0.6166666666666667 0.1425 0.6133333333333333 0.14 0.6116666666666667 0.13875 0.6066666666666667 0.14125 0.5883333333333334 0.14 0.5416666666666666 0.14125 0.525 0.14375 0.5183333333333333 0.14375 0.4766666666666667 0.14125 0.47333333333333333 0.1425 0.465
2 0.24625 0.30333333333333334 0.26 0.30666666666666664 0.265 0.31166666666666665 0.26125 0.36 0.2625 0.39666666666666667 0.26 0.4216666666666667 0.26 0.45 0.2575 0.455 0.25375 0.45666666666666667 0.1575 0.45 0.14625 0.44666666666666666 0.14125 0.44166666666666665 0.14625 0.4266666666666667 0.1475 0.39666666666666667 0.145 0.39166666666666666 0.145 0.37833333333333335 0.1475 0.35833333333333334 0.1475 0.29833333333333334 0.15 0.295 0.17375 0.295 0.18625 0.29833333333333334 0.245 0.30333333333333334
2 0.16625 0.6283333333333333 0.24625 0.635 0.25375 0.6383333333333333 0.25375 0.715 0.25 0.7383333333333333 0.25125 0.77 0.25 0.7816666666666666 0.23875 0.7866666666666666 0.1425 0.7833333333333333 0.13625 0.7783333333333333 0.14 0.6316666666666667 0.14375 0.6283333333333333 0.165 0.6283333333333333
2 0.43375 0.645 0.45375 0.6483333333333333 0.46 0.6466666666666666 0.4975 0.65 0.5 0.6533333333333333 0.5 0.68 0.4975 0.6883333333333334 0.4975 0.6966666666666667 0.5 0.7016666666666667 0.4975 0.7066666666666667 0.4975 0.715 0.50125 0.72 0.505 0.72 0.505 0.7283333333333334 0.5025 0.7333333333333333 0.50375 0.7366666666666667 0.49875 0.74 0.49625 0.75 0.49625 0.7933333333333333 0.4925 0.7983333333333333 0.48625 0.8 0.39625 0.795 0.39125 0.7933333333333333 0.38875 0.7883333333333333 0.39125 0.745 0.38875 0.735 0.39125 0.7233333333333334 0.3925 0.6783333333333333 0.39 0.65 0.39375 0.645 0.4325 0.645
2 0.32125 0.31166666666666665 0.3825 0.32 0.38625 0.3233333333333333 0.38625 0.4033333333333333 0.38375 0.4266666666666667 0.385 0.445 0.3825 0.465 0.3775 0.4683333333333333 0.3475 0.4683333333333333 0.33125 0.465 0.3275 0.4666666666666667 0.32 0.4633333333333333 0.2875 0.46166666666666667 0.27875 0.46 0.2725 0.455 0.275 0.4216666666666667 0.27375 0.41333333333333333 0.275 0.3433333333333333 0.2775 0.31666666666666665 0.27625 0.31333333333333335 0.28 0.31 0.32 0.31166666666666665
2 0.29875 0.47333333333333333 0.36875 0.47833333333333333 0.37875 0.48 0.385 0.4866666666666667 0.3825 0.49333333333333335 0.38375 0.5 0.38125 0.505 0.3825 0.5833333333333334 0.38 0.5916666666666667 0.37875 0.625 0.375 0.63 0.28375 0.625 0.27375 0.6233333333333333 0.2675 0.6183333333333333 0.2675 0.6066666666666667 0.27 0.6 0.27125 0.585 0.27 0.5683333333333334 0.2725 0.5383333333333333 0.27 0.53 0.27 0.48333333333333334 0.27375 0.47333333333333333 0.2975 0.47333333333333333
4 0.47125 0.5266666666666666 0.4775 0.5316666666666666 0.4825 0.54 0.485 0.55 0.485 0.5633333333333334 0.47875 0.5783333333333334 0.47 0.585 0.45125 0.585 0.44 0.5733333333333334 0.4375 0.565 0.4375 0.545 0.4475 0.5283333333333333 0.4525 0.525 0.47 0.5266666666666666
4 0.21 0.32 0.21875 0.33 0.22125 0.33666666666666667 0.22125 0.35833333333333334 0.2125 0.375 0.20375 0.38 0.19125 0.38 0.18375 0.37666666666666665 0.17625 0.36833333333333335 0.17125 0.35333333333333333 0.17125 0.335 0.17375 0.3283333333333333 0.185 0.31666666666666665 0.1975 0.315 0.20875 0.32
4 0.20875 0.6816666666666666 0.2175 0.6866666666666666 0.225 0.6966666666666667 0.22875 0.7116666666666667 0.22 0.7366666666666667 0.21 0.745 0.18875 0.7433333333333333 0.18125 0.7366666666666667 0.17375 0.72 0.17625 0.7 0.1825 0.6883333333333334 0.1975 0.68 0.2075 0.6816666666666666
4 0.0825 0.8216666666666667 0.09375 0.8283333333333334 0.09875 0.835 0.10125 0.845 0.10125 0.8616666666666667 0.09875 0.8733333333333333 0.095 0.8783333333333333 0.08 0.8866666666666667 0.06375 0.885 0.055 0.875 0.05 0.8616666666666667 0.05 0.8416666666666667 0.0525 0.8316666666666667 0.05625 0.8266666666666667 0.07 0.8216666666666667 0.08125 0.8216666666666667
3 0.16125 0.285 0.22625 0.295 0.265 0.2966666666666667 0.3175 0.305 0.335 0.305 0.3575 0.31 0.4175 0.31333333333333335 0.4525 0.32 0.49875 0.3233333333333333 0.51375 0.3283333333333333 0.51625 0.36666666666666664 0.51375 0.41333333333333333 0.515 0.43833333333333335 0.51125 0.48 0.5075 0.49 0.5025 0.49166666666666664 0.49375 0.48833333333333334 0.4575 0.485 0.4525 0.4866666666666667 0.4175 0.4816666666666667 0.39625 0.4816666666666667 0.39125 0.4866666666666667 0.39625 0.49333333333333335 0.39375 0.505 0.39375 0.5366666666666666 0.39625 0.54 0.39625 0.55 0.3925 0.56 0.39125 0.585 0.39375 0.5883333333333334 0.39375 0.5933333333333334 0.39125 0.6 0.39 0.6266666666666667 0.39375 0.6316666666666667 0.4075 0.635 0.4525 0.635 0.45875 0.6383333333333333 0.49625 0.64 0.5 0.635 0.5 0.5866666666666667 0.50625 0.57 0.50625 0.555 0.5 0.5433333333333333 0.5025 0.515 0.50125 0.505 0.50625 0.49833333333333335 0.50875 0.49833333333333335 0.51125 0.505 0.51 0.5233333333333333 0.5125 0.5383333333333333 0.51 0.5483333333333333 0.5125 0.57 0.50875 0.58 0.50875 0.6266666666666667 0.5075 0.6333333333333333 0.50375 0.6383333333333333 0.505 0.6533333333333333 0.51 0.6683333333333333 0.51125 0.6983333333333334 0.50875 0.7166666666666667 0.50625 0.7216666666666667 0.5075 0.7266666666666667 0.5 0.7333333333333333 0.50125 0.7366666666666667 0.5075 0.7383333333333333 0.50875 0.785 0.505 0.7983333333333333 0.4975 0.8066666666666666 0.1375 0.7916666666666666 0.13 0.7883333333333333 0.12625 0.7833333333333333 0.12375 0.775 0.12375 0.755 0.12625 0.7516666666666667 0.125 0.7333333333333333 0.12875 0.72 0.1275 0.7133333333333334 0.13 0.71 0.13 0.705 0.1275 0.7016666666666667 0.1275 0.675 0.13 0.6683333333333333 0.12875 0.6083333333333333 0.1325 0.5966666666666667 0.1325 0.58 0.13 0.575 0.13 0.565 0.1325 0.5433333333333333 0.13125 0.5233333333333333 0.13375 0.5066666666666667 0.1325 0.46166666666666667 0.135 0.45666666666666667 0.1325 0.45 0.13375 0.4266666666666667 0.13625 0.4166666666666667 0.13375 0.41 0.13625 0.405 0.1375 0.37833333333333335 0.13625 0.3516666666666667 0.14 0.34833333333333333 0.13875 0.3233333333333333 0.1425 0.28833333333333333 0.14625 0.285 0.16 0.285