0 0.5186666666666667 0.326 0.5253333333333333 0.328 0.5333333333333333 0.3345 0.5366666666666666 0.347 0.528 0.3595 0.5086666666666667 0.3645 0.502 0.364 0.492 0.359 0.4866666666666667 0.3515 0.486 0.3405 0.4886666666666667 0.335 0.498 0.328 0.5073333333333333 0.3255 0.518 0.326
0 0.5113333333333333 0.6935 0.5266666666666666 0.701 0.5326666666666666 0.712 0.5306666666666666 0.722 0.526 0.728 0.512 0.734 0.5013333333333333 0.734 0.49333333333333335 0.731 0.484 0.7235 0.4806666666666667 0.7165 0.48133333333333334 0.707 0.486 0.6995 0.498 0.693 0.5106666666666667 0.6935
0 0.512 0.5965 0.526 0.6025 0.5333333333333333 0.6145 0.5326666666666666 0.627 0.5253333333333333 0.6335 0.5133333333333333 0.637 0.5026666666666667 0.637 0.49333333333333335 0.634 0.48733333333333334 0.63 0.4826666666666667 0.62 0.484 0.6095 0.49 0.6025 0.498 0.5985 0.5113333333333333 0.5965
0 0.512 0.506 0.522 0.5085 0.5273333333333333 0.512 0.534 0.523 0.53 0.5365 0.522 0.543 0.5126666666666667 0.5445 0.49866666666666665 0.5435 0.49066666666666664 0.54 0.484 0.5295 0.4846666666666667 0.52 0.49066666666666664 0.5115 0.49666666666666665 0.508 0.5113333333333333 0.506
0 0.5133333333333333 0.415 0.528 0.421 0.534 0.429 0.534 0.4375 0.5293333333333333 0.4465 0.5146666666666667 0.4535 0.504 0.4535 0.494 0.4505 0.48733333333333334 0.4445 0.4846666666666667 0.437 0.48533333333333334 0.428 0.49066666666666664 0.421 0.498 0.417 0.5126666666666667 0.415
1 0.5193333333333333 0.3275 0.5273333333333333 0.331 0.536 0.34 0.5426666666666666 0.3365 0.5533333333333333 0.338 0.556 0.344 0.5546666666666666 0.4635 0.5566666666666666 0.5295 0.5526666666666666 0.6125 0.5546666666666666 0.6455 0.55 0.7205 0.544 0.7235 0.5353333333333333 0.7235 0.5286666666666666 0.721 0.522 0.7275 0.512 0.7315 0.49666666666666665 0.7305 0.484 0.72 0.46266666666666667 0.721 0.38666666666666666 0.716 0.2673333333333333 0.7125 0.234 0.709 0.17066666666666666 0.7075 0.11533333333333333 0.703 0.11733333333333333 0.699 0.13066666666666665 0.692 0.134 0.6865 0.134 0.6765 0.12733333333333333 0.668 0.12 0.6645 0.11 0.664 0.09466666666666666 0.6685 0.09 0.6675 0.09 0.6435 0.09333333333333334 0.6245 0.066 0.623 0.06733333333333333 0.6205 0.08466666666666667 0.623 0.094 0.616 0.09133333333333334 0.614 0.08133333333333333 0.6125 0.078 0.615 0.07533333333333334 0.613 0.078 0.6085 0.08133333333333333 0.6125 0.08733333333333333 0.609 0.08933333333333333 0.6015 0.08133333333333333 0.5975 0.078 0.6035 0.07133333333333333 0.602 0.07666666666666666 0.5955 0.074 0.592 0.08466666666666667 0.591 0.09266666666666666 0.587 0.09333333333333334 0.546 0.098 0.5395 0.094 0.536 0.094 0.5325 0.08733333333333333 0.534 0.08733333333333333 0.5365 0.09133333333333334 0.539 0.09 0.54 0.07266666666666667 0.5395 0.076 0.5325 0.076 0.525 0.074 0.5235 0.06733333333333333 0.5245 0.06466666666666666 0.519 0.078 0.5085 0.09066666666666667 0.5065 0.09133333333333334 0.497 0.09466666666666666 0.5035 0.09733333333333333 0.501 0.10066666666666667 0.4625 0.068 0.4545 0.064 0.4495 0.06333333333333334 0.4415 0.06733333333333333 0.4345 0.07066666666666667 0.4335 0.074 0.4375 0.076 0.4365 0.074 0.4285 0.08333333333333333 0.4265 0.088 0.4285 0.09933333333333333 0.426 0.09933333333333333 0.4235 0.09533333333333334 0.4245 0.094 0.4215 0.09533333333333334 0.4195 0.09933333333333333 0.4195 0.10266666666666667 0.41 0.10466666666666667 0.38 0.11266666666666666 0.3795 0.114 0.387 0.124 0.389 0.13666666666666666 0.3865 0.146 0.3765 0.14733333333333334 0.3695 0.144 0.364 0.13733333333333334 0.36 0.12266666666666666 0.359 0.11733333333333333 0.362 0.11933333333333333 0.367 0.11666666666666667 0.3705 0.11466666666666667 0.37 0.11666666666666667 0.366 0.11266666666666666 0.359 0.12333333333333334 0.3545 0.17533333333333334 0.35 0.17866666666666667 0.3445 0.18333333333333332 0.345 0.18533333333333332 0.3495 0.19133333333333333 0.35 0.21666666666666667 0.3495 0.22733333333333333 0.3465 0.24133333333333334 0.346 0.24466666666666667 0.3475 0.248 0.345 0.246 0.342 0.248 0.3415 0.25133333333333335 0.342 0.252 0.346 0.262 0.347 0.32066666666666666 0.3455 0.33066666666666666 0.3395 0.33466666666666667 0.3395 0.338 0.3425 0.3466666666666667 0.343 0.3933333333333333 0.3425 0.448 0.3385 0.48133333333333334 0.3385 0.4866666666666667 0.34 0.49466666666666664 0.3315 0.502 0.328 0.5186666666666667 0.3275
2 0.4513333333333333 0.3895 0.4806666666666667 0.3895 0.484 0.391 0.48533333333333334 0.422 0.4826666666666667 0.474 0.48 0.4755 0.43666666666666665 0.476 0.432 0.4775 0.37666666666666665 0.476 0.374 0.474 0.37466666666666665 0.3975 0.37733333333333335 0.393 0.38266666666666665 0.392 0.45066666666666666 0.3895
2 0.272 0.5735 0.3606666666666667 0.5745 0.3626666666666667 0.5775 0.3606666666666667 0.656 0.35933333333333334 0.6615 0.356 0.663 0.27466666666666667 0.6615 0.25333333333333335 0.6575 0.256 0.5775 0.25866666666666666 0.5735 0.2713333333333333 0.5735
2 0.40066666666666667 0.5745 0.478 0.576 0.48133333333333334 0.5775 0.48333333333333334 0.602 0.48133333333333334 0.6655 0.4666666666666667 0.6675 0.38666666666666666 0.6645 0.37266666666666665 0.6635 0.36866666666666664 0.661 0.37066666666666664 0.577 0.37266666666666665 0.5745 0.4 0.575
2 0.37666666666666665 0.4825 0.482 0.483 0.484 0.487 0.482 0.525 0.484 0.55 0.48133333333333334 0.5685 0.44266666666666665 0.5695 0.37266666666666665 0.5675 0.37066666666666664 0.5645 0.372 0.4875 0.376 0.483
2 0.18733333333333332 0.483 0.248 0.4835 0.252 0.4865 0.24933333333333332 0.564 0.24733333333333332 0.5665 0.22733333333333333 0.5675 0.152 0.566 0.14866666666666667 0.564 0.15066666666666667 0.487 0.154 0.4845 0.18666666666666668 0.483
2 0.196 0.396 0.25133333333333335 0.396 0.25533333333333336 0.4005 0.25266666666666665 0.4745 0.24866666666666667 0.478 0.21666666666666667 0.479 0.15666666666666668 0.4785 0.15266666666666667 0.475 0.156 0.401 0.16 0.398 0.19533333333333333 0.396
2 0.358 0.393 0.36666666666666664 0.395 0.366 0.4705 0.3626666666666667 0.4765 0.3413333333333333 0.4775 0.264 0.4775 0.2613333333333333 0.476 0.262 0.401 0.2633333333333333 0.3965 0.2673333333333333 0.395 0.35733333333333334 0.393
2 0.16866666666666666 0.572 0.18533333333333332 0.5735 0.234 0.5725 0.24866666666666667 0.575 0.24666666666666667 0.656 0.242 0.659 0.22333333333333333 0.6595 0.15333333333333332 0.6575 0.14333333333333334 0.6545 0.14666666666666667 0.575 0.15 0.572 0.168 0.572
2 0.27266666666666667 0.483 0.362 0.483 0.364 0.4845 0.36333333333333334 0.5595 0.3626666666666667 0.5655 0.3566666666666667 0.568 0.27266666666666667 0.568 0.25666666666666665 0.5645 0.25933333333333336 0.487 0.262 0.4835 0.272 0.483
4 0.09066666666666667 0.4255 0.09733333333333333 0.429 0.10066666666666667 0.4435 0.09533333333333334 0.4535 0.08466666666666667 0.4595 0.06733333333333333 0.4555 0.06133333333333333 0.449 0.06066666666666667 0.4415 0.07066666666666667 0.427 0.07533333333333334 0.425 0.09 0.4255
4 0.07733333333333334 0.676 0.08666666666666667 0.6855 0.08866666666666667 0.696 0.082 0.707 0.068 0.711 0.06066666666666667 0.71 0.05333333333333334 0.7045 0.048666666666666664 0.697 0.048 0.6885 0.05 0.6835 0.058 0.677 0.064 0.675 0.07666666666666666 0.676
4 0.08133333333333333 0.507 0.08733333333333333 0.5085 0.092 0.5125 0.096 0.5185 0.09666666666666666 0.5255 0.08933333333333333 0.5395 0.07866666666666666 0.5415 0.06666666666666667 0.54 0.06 0.536 0.056 0.5285 0.056 0.5225 0.06466666666666666 0.5105 0.07066666666666667 0.5075 0.08066666666666666 0.507
4 0.07866666666666666 0.5905 0.08933333333333333 0.598 0.09266666666666666 0.6095 0.08666666666666667 0.6225 0.07733333333333334 0.626 0.06266666666666666 0.6245 0.05533333333333333 0.6195 0.052 0.6135 0.052 0.6055 0.05466666666666667 0.5985 0.06133333333333333 0.5925 0.07 0.59 0.078 0.5905
4 0.09333333333333334 0.345 0.10333333333333333 0.352 0.104 0.366 0.098 0.373 0.08533333333333333 0.3795 0.07266666666666667 0.3765 0.06733333333333333 0.3725 0.064 0.3665 0.064 0.3585 0.07333333333333333 0.348 0.08266666666666667 0.345 0.09266666666666666 0.345
3 0.486 0.3845 0.492 0.3885 0.49133333333333334 0.418 0.48133333333333334 0.427 0.48133333333333334 0.4345 0.48933333333333334 0.4525 0.49066666666666664 0.4885 0.48933333333333334 0.5075 0.48133333333333334 0.5185 0.4806666666666667 0.5405 0.47733333333333333 0.5365 0.478 0.5325 0.4706666666666667 0.525 0.4666666666666667 0.5315 0.45666666666666667 0.531 0.4553333333333333 0.5285 0.45666666666666667 0.5235 0.466 0.5225 0.462 0.519 0.464 0.5175 0.4713333333333333 0.5185 0.4746666666666667 0.517 0.4746666666666667 0.504 0.4726666666666667 0.503 0.47 0.505 0.47 0.512 0.4633333333333333 0.5115 0.4593333333333333 0.508 0.45666666666666667 0.509 0.45666666666666667 0.505 0.46066666666666667 0.5015 0.45666666666666667 0.496 0.448 0.504 0.448 0.514 0.44066666666666665 0.5185 0.43866666666666665 0.5295 0.43666666666666665 0.518 0.428 0.5165 0.42333333333333334 0.5125 0.42733333333333334 0.5025 0.434 0.5035 0.438 0.5015 0.432 0.4945 0.42866666666666664 0.4955 0.42733333333333334 0.491 0.422 0.4905 0.42333333333333334 0.5015 0.41933333333333334 0.504 0.41933333333333334 0.526 0.418 0.527 0.4126666666666667 0.5205 0.4093333333333333 0.5215 0.41333333333333333 0.5325 0.4086666666666667 0.539 0.4086666666666667 0.546 0.4093333333333333 0.5505 0.4146666666666667 0.5545 0.4186666666666667 0.552 0.4226666666666667 0.555 0.42 0.56 0.422 0.5645 0.438 0.5655 0.446 0.5625 0.4573333333333333 0.5625 0.4593333333333333 0.565 0.466 0.566 0.4686666666666667 0.5605 0.462 0.557 0.4666666666666667 0.552 0.4726666666666667 0.5605 0.4713333333333333 0.564 0.47333333333333333 0.5655 0.48133333333333334 0.558 0.482 0.5435 0.48733333333333334 0.5455 0.48733333333333334 0.6 0.47933333333333333 0.608 0.47533333333333333 0.599 0.4766666666666667 0.581 0.47 0.5775 0.4633333333333333 0.578 0.46 0.581 0.468 0.588 0.4666666666666667 0.5945 0.4633333333333333 0.594 0.46266666666666667 0.588 0.4573333333333333 0.5845 0.4573333333333333 0.581 0.44733333333333336 0.5815 0.452 0.585 0.44666666666666666 0.588 0.44466666666666665 0.592 0.442 0.5915 0.44333333333333336 0.588 0.44133333333333336 0.587 0.432 0.585 0.428 0.586 0.42866666666666664 0.5825 0.432 0.585 0.43733333333333335 0.5815 0.43266666666666664 0.577 0.42 0.5775 0.418 0.5815 0.4106666666666667 0.58 0.408 0.585 0.404 0.582 0.3973333333333333 0.589 0.394 0.5855 0.39066666666666666 0.593 0.3873333333333333 0.594 0.38066666666666665 0.587 0.37466666666666665 0.5865 0.37533333333333335 0.5815 0.37333333333333335 0.5805 0.372 0.5925 0.372 0.624 0.374 0.6255 0.38066666666666665 0.6245 0.382 0.6225 0.37866666666666665 0.6195 0.38133333333333336 0.6145 0.39 0.614 0.39066666666666666 0.6215 0.38666666666666666 0.621 0.38533333333333336 0.6235 0.39 0.6235 0.39666666666666667 0.6355 0.40066666666666667 0.634 0.4053333333333333 0.6365 0.4053333333333333 0.647 0.4033333333333333 0.65 0.4 0.6505 0.4053333333333333 0.6545 0.3993333333333333 0.6575 0.3993333333333333 0.6615 0.4126666666666667 0.662 0.418 0.6555 0.42133333333333334 0.6615 0.42933333333333334 0.6615 0.426 0.6575 0.43466666666666665 0.6555 0.44066666666666665 0.657 0.446 0.653 0.44666666666666666 0.6615 0.468 0.6615 0.4653333333333333 0.6595 0.4666666666666667 0.653 0.4706666666666667 0.661 0.47533333333333333 0.662 0.478 0.644 0.476 0.6415 0.47733333333333333 0.618 0.4806666666666667 0.6285 0.484 0.63 0.4866666666666667 0.6365 0.488 0.646 0.4866666666666667 0.668 0.484 0.6705 0.14466666666666667 0.6595 0.14066666666666666 0.658 0.14 0.623 0.14266666666666666 0.6065 0.14333333333333334 0.5585 0.14733333333333334 0.53 0.14666666666666667 0.4765 0.15 0.4475 0.15066666666666667 0.3975 0.15466666666666667 0.3945 0.23333333333333334 0.391 0.338 0.3895 0.3933333333333333 0.386 0.48533333333333334 0.3845