0 0.559375 0.43333333333333335 0.5625 0.4375 0.565625 0.4375 0.565625 0.44166666666666665 0.571875 0.45 0.571875 0.4708333333333333 0.5625 0.48333333333333334 0.54375 0.48333333333333334 0.53125 0.4666666666666667 0.53125 0.44583333333333336 0.540625 0.43333333333333335 0.55625 0.43333333333333335
0 0.6375 0.2 0.646875 0.2125 0.65 0.225 0.646875 0.22916666666666666 0.646875 0.2375 0.640625 0.24583333333333332 0.6375 0.24583333333333332 0.634375 0.25 0.61875 0.24583333333333332 0.609375 0.23333333333333334 0.609375 0.22916666666666666 0.60625 0.225 0.609375 0.2125 0.61875 0.2 0.634375 0.2
0 0.25 0.175 0.253125 0.17916666666666667 0.25625 0.17916666666666667 0.2625 0.19166666666666668 0.2625 0.20833333333333334 0.259375 0.2125 0.259375 0.21666666666666667 0.25625 0.21666666666666667 0.25 0.225 0.23125 0.225 0.221875 0.2125 0.221875 0.1875 0.23125 0.175 0.246875 0.175
0 0.3390625 0.30625 0.040625 0.05416666666666667
0 0.2375 0.7083333333333334 0.246875 0.725 0.246875 0.7541666666666667 0.2375 0.7625 0.2125 0.7625 0.209375 0.7583333333333333 0.20625 0.7583333333333333 0.2 0.7458333333333333 0.2 0.7291666666666666 0.203125 0.725 0.20625 0.7125 0.209375 0.7125 0.2125 0.7083333333333334 0.234375 0.7083333333333334
1 0.246875 0.175 0.265625 0.19583333333333333 0.275 0.19583333333333333 0.278125 0.2 0.3 0.2 0.303125 0.20416666666666666 0.3625 0.20416666666666666 0.365625 0.20833333333333334 0.440625 0.20833333333333334 0.44375 0.2125 0.521875 0.2125 0.525 0.21666666666666667 0.534375 0.21666666666666667 0.5375 0.2125 0.540625 0.2125 0.54375 0.21666666666666667 0.609375 0.21666666666666667 0.61875 0.20416666666666666 0.6375 0.20416666666666666 0.640625 0.20833333333333334 0.640625 0.2125 0.646875 0.22083333333333333 0.64375 0.225 0.64375 0.23333333333333334 0.640625 0.2375 0.640625 0.25 0.64375 0.25416666666666665 0.64375 0.32083333333333336 0.646875 0.325 0.646875 0.3333333333333333 0.65 0.3375 0.65 0.3541666666666667 0.653125 0.35833333333333334 0.65 0.35833333333333334 0.64375 0.37083333333333335 0.64375 0.4 0.646875 0.4041666666666667 0.646875 0.5333333333333333 0.65 0.5375 0.65 0.5458333333333333 0.646875 0.55 0.646875 0.5625 0.65 0.5666666666666667 0.65 0.6666666666666666 0.653125 0.6708333333333333 0.653125 0.675 0.65 0.6791666666666667 0.653125 0.6833333333333333 0.653125 0.7 0.665625 0.7208333333333333 0.665625 0.7375 0.65625 0.7541666666666667 0.653125 0.7666666666666667 0.65 0.7666666666666667 0.646875 0.7708333333333334 0.215625 0.7708333333333334 0.2125 0.7666666666666667 0.209375 0.7708333333333334 0.20625 0.7666666666666667 0.20625 0.7541666666666667 0.2 0.7416666666666667 0.2 0.7333333333333333 0.203125 0.7291666666666666 0.203125 0.7125 0.20625 0.7083333333333334 0.20625 0.6791666666666667 0.209375 0.675 0.209375 0.6 0.2125 0.5958333333333333 0.2125 0.5083333333333333 0.215625 0.5041666666666667 0.2125 0.5 0.2125 0.49583333333333335 0.215625 0.49166666666666664 0.215625 0.42916666666666664 0.21875 0.425 0.21875 0.35 0.221875 0.3458333333333333 0.221875 0.3416666666666667 0.215625 0.3333333333333333 0.215625 0.32916666666666666 0.21875 0.325 0.21875 0.30833333333333335 0.221875 0.30416666666666664 0.221875 0.2791666666666667 0.225 0.275 0.225 0.26666666666666666 0.221875 0.2625 0.225 0.25833333333333336 0.225 0.18333333333333332 0.234375 0.175 0.24375 0.175
2 0.496875 0.4041666666666667 0.496875 0.4 0.49375 0.3958333333333333 0.49375 0.2875 0.496875 0.2833333333333333 0.53125 0.2833333333333333 0.534375 0.2875 0.584375 0.2875 0.5875 0.2916666666666667 0.5875 0.3125 0.590625 0.31666666666666665 0.590625 0.3541666666666667 0.5875 0.35833333333333334 0.590625 0.3625 0.5875 0.36666666666666664 0.5875 0.4083333333333333 0.546875 0.4083333333333333 0.54375 0.4041666666666667 0.5 0.4041666666666667
2 0.496875 0.4166666666666667 0.51875 0.4166666666666667 0.521875 0.42083333333333334 0.584375 0.42083333333333334 0.5875 0.425 0.5875 0.44583333333333336 0.590625 0.45 0.590625 0.5416666666666666 0.58125 0.5416666666666666 0.578125 0.5458333333333333 0.565625 0.5458333333333333 0.5625 0.5416666666666666 0.559375 0.5416666666666666 0.55625 0.5458333333333333 0.540625 0.5458333333333333 0.5375 0.5416666666666666 0.496875 0.5416666666666666 0.496875 0.5375 0.49375 0.5333333333333333 0.49375 0.425 0.496875 0.42083333333333334
2 0.3125 0.55 0.315625 0.5541666666666667 0.321875 0.5541666666666667 0.325 0.55 0.33125 0.55 0.334375 0.5541666666666667 0.36875 0.5541666666666667 0.371875 0.55 0.375 0.55 0.375 0.6833333333333333 0.275 0.6833333333333333 0.271875 0.6791666666666667 0.271875 0.6458333333333334 0.275 0.6416666666666667 0.284375 0.65 0.303125 0.65 0.315625 0.6333333333333333 0.315625 0.6291666666666667 0.31875 0.625 0.315625 0.6041666666666666 0.309375 0.5958333333333333 0.303125 0.5958333333333333 0.3 0.5916666666666667 0.28125 0.5916666666666667 0.278125 0.5958333333333333 0.278125 0.6 0.275 0.6 0.275 0.5583333333333333 0.28125 0.55 0.309375 0.55
2 0.409375 0.4125 0.4125 0.4166666666666667 0.415625 0.4166666666666667 0.41875 0.4125 0.421875 0.4125 0.425 0.4166666666666667 0.428125 0.4125 0.43125 0.4166666666666667 0.484375 0.4166666666666667 0.484375 0.5375 0.48125 0.5416666666666666 0.415625 0.5416666666666666 0.4125 0.5375 0.3875 0.5375 0.3875 0.4166666666666667 0.390625 0.4125 0.40625 0.4125
2 0.365625 0.275 0.36875 0.2791666666666667 0.38125 0.2791666666666667 0.38125 0.39166666666666666 0.378125 0.3958333333333333 0.378125 0.4 0.31875 0.4 0.315625 0.3958333333333333 0.28125 0.3958333333333333 0.28125 0.30833333333333335 0.284375 0.30416666666666664 0.284375 0.2791666666666667 0.2875 0.2791666666666667 0.290625 0.275 0.3625 0.275
2 0.28125 0.4083333333333333 0.309375 0.4083333333333333 0.3125 0.4125 0.315625 0.4083333333333333 0.31875 0.4125 0.328125 0.4125 0.33125 0.4083333333333333 0.334375 0.4125 0.378125 0.4125 0.38125 0.4166666666666667 0.378125 0.42083333333333334 0.378125 0.5291666666666667 0.375 0.5333333333333333 0.375 0.5375 0.28125 0.5375 0.278125 0.5333333333333333 0.278125 0.4625 0.28125 0.4583333333333333 0.28125 0.45 0.278125 0.44583333333333336 0.278125 0.4375 0.28125 0.43333333333333335 0.278125 0.42916666666666664 0.278125 0.425 0.28125 0.42083333333333334 0.28125 0.4125
2 0.390625 0.2791666666666667 0.440625 0.2791666666666667 0.44375 0.2833333333333333 0.484375 0.2833333333333333 0.484375 0.4 0.48125 0.4041666666666667 0.46875 0.4041666666666667 0.465625 0.4 0.390625 0.4 0.390625 0.35 0.3875 0.3458333333333333 0.3875 0.3416666666666667 0.390625 0.3375 0.3875 0.3333333333333333 0.390625 0.32916666666666666 0.3875 0.325 0.3875 0.32083333333333336 0.390625 0.31666666666666665 0.390625 0.2833333333333333
2 0.525 0.5541666666666667 0.528125 0.5583333333333333 0.54375 0.5583333333333333 0.546875 0.5541666666666667 0.55 0.5541666666666667 0.553125 0.5583333333333333 0.5875 0.5583333333333333 0.590625 0.5625 0.590625 0.6041666666666666 0.59375 0.6083333333333333 0.59375 0.6125 0.590625 0.6166666666666667 0.590625 0.6291666666666667 0.59375 0.6333333333333333 0.59375 0.6375 0.590625 0.6416666666666667 0.59375 0.6458333333333334 0.59375 0.6875 0.496875 0.6875 0.496875 0.6833333333333333 0.49375 0.6791666666666667 0.49375 0.5625 0.496875 0.5583333333333333 0.521875 0.5583333333333333
2 0.3875 0.5541666666666667 0.48125 0.5541666666666667 0.484375 0.5583333333333333 0.484375 0.6833333333333333 0.475 0.6833333333333333 0.471875 0.6875 0.45625 0.6875 0.453125 0.6833333333333333 0.3875 0.6833333333333333 0.3875 0.6416666666666667 0.384375 0.6375 0.384375 0.6083333333333333 0.3875 0.6041666666666666 0.3875 0.5708333333333333 0.384375 0.5666666666666667 0.384375 0.5625 0.3875 0.5583333333333333
3 0.41875 0.275 0.49375 0.275 0.496875 0.2791666666666667 0.56875 0.2791666666666667 0.571875 0.2833333333333333 0.590625 0.2833333333333333 0.590625 0.30416666666666664 0.59375 0.30833333333333335 0.59375 0.3541666666666667 0.596875 0.35833333333333334 0.596875 0.3625 0.59375 0.36666666666666664 0.59375 0.42916666666666664 0.596875 0.43333333333333335 0.596875 0.44166666666666665 0.59375 0.44583333333333336 0.59375 0.4583333333333333 0.596875 0.4625 0.596875 0.6875 0.5875 0.6958333333333333 0.584375 0.6958333333333333 0.58125 0.6916666666666667 0.575 0.6916666666666667 0.571875 0.6958333333333333 0.559375 0.6958333333333333 0.55625 0.6916666666666667 0.546875 0.6916666666666667 0.54375 0.6958333333333333 0.53125 0.6958333333333333 0.528125 0.6916666666666667 0.509375 0.6916666666666667 0.50625 0.6958333333333333 0.503125 0.6916666666666667 0.26875 0.6916666666666667 0.265625 0.6875 0.265625 0.6291666666666667 0.26875 0.625 0.26875 0.6333333333333333 0.271875 0.6375 0.271875 0.6791666666666667 0.275 0.6833333333333333 0.3 0.6833333333333333 0.303125 0.6875 0.30625 0.6875 0.309375 0.6833333333333333 0.334375 0.6833333333333333 0.3375 0.6875 0.340625 0.6833333333333333 0.34375 0.6875 0.365625 0.6875 0.378125 0.675 0.378125 0.5583333333333333 0.371875 0.55 0.2875 0.55 0.284375 0.5458333333333333 0.275 0.5583333333333333 0.275 0.5958333333333333 0.271875 0.6 0.271875 0.6083333333333333 0.26875 0.6083333333333333 0.26875 0.5458333333333333 0.271875 0.5416666666666666 0.271875 0.5375 0.26875 0.5333333333333333 0.271875 0.5291666666666667 0.271875 0.4625 0.275 0.4583333333333333 0.275 0.44166666666666665 0.271875 0.4375 0.275 0.43333333333333335 0.275 0.325 0.278125 0.32083333333333336 0.278125 0.2708333333333333 0.28125 0.26666666666666666 0.321875 0.26666666666666666 0.325 0.2708333333333333 0.4 0.2708333333333333 0.403125 0.275 0.40625 0.2708333333333333 0.415625 0.2708333333333333
4 0.54375 0.5833333333333334 0.546875 0.5875 0.55 0.5875 0.559375 0.6 0.559375 0.6208333333333333 0.55625 0.625 0.55625 0.6291666666666667 0.553125 0.6291666666666667 0.546875 0.6375 0.53125 0.6375 0.528125 0.6333333333333333 0.525 0.6333333333333333 0.521875 0.6291666666666667 0.521875 0.6208333333333333 0.51875 0.6166666666666667 0.51875 0.6041666666666666 0.521875 0.6 0.525 0.5875 0.528125 0.5875 0.53125 0.5833333333333334 0.540625 0.5833333333333334
4 0.64375 0.325 0.65 0.3375 0.65 0.3625 0.646875 0.36666666666666664 0.640625 0.36666666666666664 0.6375 0.37083333333333335 0.621875 0.36666666666666664 0.6125 0.3541666666666667 0.6125 0.3333333333333333 0.621875 0.32083333333333336 0.6375 0.32083333333333336 0.640625 0.325
4 0.253125 0.30416666666666664 0.259375 0.31666666666666665 0.259375 0.3375 0.25 0.35 0.24375 0.35 0.240625 0.3541666666666667 0.23125 0.3541666666666667 0.228125 0.35 0.225 0.35 0.225 0.3458333333333333 0.21875 0.3333333333333333 0.21875 0.31666666666666665 0.221875 0.3125 0.221875 0.30833333333333335 0.23125 0.3 0.246875 0.3 0.25 0.30416666666666664
4 0.30625 0.5958333333333333 0.315625 0.6041666666666666 0.315625 0.6333333333333333 0.30625 0.6458333333333334 0.303125 0.6458333333333334 0.3 0.65 0.290625 0.65 0.2875 0.6458333333333334 0.28125 0.6458333333333334 0.275 0.6375 0.275 0.6041666666666666 0.28125 0.5958333333333333 0.303125 0.5958333333333333
4 0.6421875 0.7375 0.046875 0.058333333333333334