0 0.44375 0.31666666666666665 0.446875 0.32083333333333336 0.45 0.32083333333333336 0.45625 0.3333333333333333 0.45625 0.3541666666666667 0.453125 0.35833333333333334 0.453125 0.3625 0.446875 0.3625 0.44375 0.36666666666666664 0.43125 0.36666666666666664 0.428125 0.3625 0.421875 0.3625 0.421875 0.35833333333333334 0.41875 0.3541666666666667 0.41875 0.32916666666666666 0.43125 0.31666666666666665 0.440625 0.31666666666666665
0 0.25625 0.3 0.259375 0.30416666666666664 0.2625 0.30416666666666664 0.26875 0.31666666666666665 0.26875 0.3416666666666667 0.259375 0.35 0.246875 0.35 0.24375 0.3458333333333333 0.2375 0.3458333333333333 0.228125 0.3333333333333333 0.228125 0.31666666666666665 0.23125 0.3125 0.23125 0.30833333333333335 0.2375 0.3 0.253125 0.3
0 0.265625 0.175 0.275 0.1875 0.275 0.20416666666666666 0.271875 0.20833333333333334 0.271875 0.2125 0.259375 0.225 0.25 0.225 0.246875 0.22083333333333333 0.24375 0.22083333333333333 0.234375 0.20833333333333334 0.23125 0.19583333333333333 0.240625 0.175 0.246875 0.175 0.25 0.17083333333333334 0.259375 0.17083333333333334 0.2625 0.175
0 0.5625 0.3125 0.571875 0.32916666666666666 0.571875 0.35 0.5625 0.3625 0.54375 0.3625 0.53125 0.3458333333333333 0.53125 0.325 0.540625 0.3125 0.54375 0.3125 0.546875 0.30833333333333335 0.55625 0.30833333333333335 0.559375 0.3125
0 0.25 0.42916666666666664 0.2625 0.44166666666666665 0.2625 0.45416666666666666 0.259375 0.4583333333333333 0.259375 0.4666666666666667 0.246875 0.4791666666666667 0.234375 0.4791666666666667 0.221875 0.4666666666666667 0.221875 0.44166666666666665 0.225 0.4375 0.225 0.43333333333333335 0.228125 0.43333333333333335 0.23125 0.42916666666666664 0.246875 0.42916666666666664
1 0.265625 0.175 0.284375 0.2 0.33125 0.2 0.334375 0.20416666666666666 0.390625 0.20416666666666666 0.39375 0.20833333333333334 0.45625 0.20833333333333334 0.459375 0.2125 0.521875 0.2125 0.525 0.21666666666666667 0.615625 0.21666666666666667 0.621875 0.20833333333333334 0.621875 0.20416666666666666 0.646875 0.20416666666666666 0.659375 0.22083333333333333 0.65625 0.225 0.65625 0.2375 0.65 0.24583333333333332 0.65 0.275 0.653125 0.2791666666666667 0.653125 0.325 0.659375 0.3375 0.659375 0.3625 0.65625 0.3625 0.653125 0.36666666666666664 0.653125 0.44166666666666665 0.6625 0.45416666666666666 0.6625 0.4875 0.65625 0.5 0.65625 0.5916666666666667 0.659375 0.5958333333333333 0.659375 0.6208333333333333 0.6625 0.625 0.659375 0.6291666666666667 0.659375 0.6416666666666667 0.65625 0.6458333333333334 0.659375 0.65 0.659375 0.6875 0.6625 0.6916666666666667 0.6625 0.7 0.659375 0.7041666666666667 0.659375 0.7333333333333333 0.6625 0.7375 0.6625 0.7416666666666667 0.659375 0.7458333333333333 0.659375 0.7583333333333333 0.6625 0.7625 0.659375 0.7666666666666667 0.659375 0.7708333333333334 0.553125 0.7708333333333334 0.55 0.7666666666666667 0.546875 0.7708333333333334 0.490625 0.7708333333333334 0.4875 0.7666666666666667 0.45625 0.7666666666666667 0.453125 0.7708333333333334 0.440625 0.7708333333333334 0.4375 0.7666666666666667 0.434375 0.7666666666666667 0.43125 0.7708333333333334 0.421875 0.7708333333333334 0.41875 0.7666666666666667 0.215625 0.7666666666666667 0.2125 0.7625 0.2125 0.725 0.215625 0.7208333333333333 0.215625 0.6625 0.21875 0.6583333333333333 0.21875 0.575 0.221875 0.5708333333333333 0.221875 0.5291666666666667 0.225 0.525 0.225 0.475 0.221875 0.4708333333333333 0.221875 0.4625 0.21875 0.4583333333333333 0.21875 0.44166666666666665 0.228125 0.42916666666666664 0.228125 0.375 0.23125 0.37083333333333335 0.228125 0.36666666666666664 0.23125 0.3625 0.23125 0.3416666666666667 0.225 0.32916666666666666 0.221875 0.3333333333333333 0.21875 0.3333333333333333 0.21875 0.32916666666666666 0.225 0.32916666666666666 0.228125 0.325 0.228125 0.3125 0.23125 0.30833333333333335 0.23125 0.2833333333333333 0.234375 0.2791666666666667 0.234375 0.225 0.2375 0.22083333333333333 0.2375 0.21666666666666667 0.234375 0.2125 0.234375 0.20416666666666666 0.23125 0.2 0.23125 0.1875 0.2375 0.17916666666666667 0.240625 0.17916666666666667 0.25 0.17083333333333334 0.253125 0.17083333333333334 0.25625 0.175 0.2625 0.175
2 0.54375 0.2833333333333333 0.546875 0.2875 0.59375 0.2875 0.596875 0.2916666666666667 0.596875 0.4083333333333333 0.540625 0.4083333333333333 0.5375 0.4041666666666667 0.50625 0.4041666666666667 0.503125 0.4 0.503125 0.3375 0.5 0.3333333333333333 0.503125 0.32916666666666666 0.503125 0.2875 0.50625 0.2833333333333333 0.540625 0.2833333333333333
2 0.53125 0.5541666666666667 0.534375 0.5583333333333333 0.5375 0.5541666666666667 0.546875 0.5541666666666667 0.55 0.5583333333333333 0.596875 0.5583333333333333 0.6 0.5625 0.6 0.6166666666666667 0.603125 0.6208333333333333 0.603125 0.625 0.6 0.6291666666666667 0.6 0.6875 0.50625 0.6875 0.503125 0.6833333333333333 0.503125 0.5625 0.50625 0.5583333333333333 0.528125 0.5583333333333333
2 0.409375 0.55 0.4125 0.5541666666666667 0.490625 0.5541666666666667 0.49375 0.5583333333333333 0.49375 0.6833333333333333 0.490625 0.6875 0.428125 0.6875 0.425 0.6833333333333333 0.396875 0.6833333333333333 0.396875 0.6791666666666667 0.39375 0.675 0.39375 0.6583333333333333 0.396875 0.6541666666666667 0.396875 0.65 0.39375 0.6458333333333334 0.39375 0.625 0.396875 0.6208333333333333 0.396875 0.6083333333333333 0.39375 0.6041666666666666 0.39375 0.6 0.396875 0.5958333333333333 0.396875 0.5583333333333333 0.4 0.5541666666666667 0.40625 0.5541666666666667
2 0.4 0.4125 0.4625 0.4125 0.465625 0.4166666666666667 0.49375 0.4166666666666667 0.49375 0.5375 0.490625 0.5416666666666666 0.434375 0.5416666666666666 0.43125 0.5375 0.396875 0.5375 0.396875 0.42916666666666664 0.4 0.425 0.4 0.4166666666666667
2 0.296875 0.275 0.303125 0.275 0.30625 0.2708333333333333 0.321875 0.2708333333333333 0.325 0.275 0.3875 0.275 0.390625 0.2791666666666667 0.390625 0.37083333333333335 0.3875 0.375 0.3875 0.4 0.365625 0.4 0.3625 0.3958333333333333 0.29375 0.3958333333333333 0.29375 0.3875 0.290625 0.38333333333333336 0.290625 0.3375 0.29375 0.3333333333333333 0.29375 0.2833333333333333 0.296875 0.2791666666666667
2 0.50625 0.4166666666666667 0.546875 0.4166666666666667 0.55 0.42083333333333334 0.553125 0.4166666666666667 0.55625 0.42083333333333334 0.596875 0.42083333333333334 0.596875 0.4708333333333333 0.6 0.475 0.6 0.5375 0.596875 0.5416666666666666 0.596875 0.5458333333333333 0.54375 0.5458333333333333 0.540625 0.5416666666666666 0.50625 0.5416666666666666 0.503125 0.5375 0.503125 0.42916666666666664 0.50625 0.425 0.50625 0.42083333333333334
2 0.290625 0.4083333333333333 0.353125 0.4083333333333333 0.35625 0.4125 0.3875 0.4125 0.390625 0.4166666666666667 0.3875 0.42083333333333334 0.3875 0.5333333333333333 0.384375 0.5375 0.3125 0.5375 0.309375 0.5333333333333333 0.2875 0.5333333333333333 0.2875 0.45416666666666666 0.290625 0.45 0.290625 0.44583333333333336 0.2875 0.44166666666666665 0.2875 0.42916666666666664 0.290625 0.425 0.290625 0.4125
2 0.2875 0.55 0.378125 0.55 0.38125 0.5541666666666667 0.384375 0.5541666666666667 0.384375 0.6791666666666667 0.38125 0.6833333333333333 0.3 0.6833333333333333 0.296875 0.6791666666666667 0.29375 0.6833333333333333 0.290625 0.6833333333333333 0.2875 0.6791666666666667 0.28125 0.6791666666666667 0.28125 0.6625 0.284375 0.6583333333333333 0.284375 0.5625 0.2875 0.5583333333333333 0.2875 0.5541666666666667
2 0.478125 0.2791666666666667 0.48125 0.2833333333333333 0.49375 0.2833333333333333 0.496875 0.2875 0.496875 0.2916666666666667 0.49375 0.29583333333333334 0.496875 0.3 0.49375 0.30416666666666664 0.49375 0.36666666666666664 0.496875 0.37083333333333335 0.496875 0.375 0.49375 0.37916666666666665 0.49375 0.4 0.490625 0.4041666666666667 0.475 0.4041666666666667 0.471875 0.4 0.46875 0.4041666666666667 0.465625 0.4 0.4 0.4 0.4 0.2833333333333333 0.403125 0.2791666666666667 0.475 0.2791666666666667
3 0.290625 0.26666666666666666 0.371875 0.26666666666666666 0.375 0.2708333333333333 0.428125 0.2708333333333333 0.43125 0.275 0.434375 0.2708333333333333 0.4375 0.2708333333333333 0.440625 0.275 0.5 0.275 0.503125 0.2791666666666667 0.56875 0.2791666666666667 0.571875 0.2833333333333333 0.6 0.2833333333333333 0.6 0.29583333333333334 0.603125 0.3 0.603125 0.4625 0.60625 0.4666666666666667 0.60625 0.4791666666666667 0.603125 0.48333333333333334 0.603125 0.5083333333333333 0.60625 0.5125 0.603125 0.5166666666666667 0.603125 0.5208333333333334 0.60625 0.525 0.60625 0.5458333333333333 0.603125 0.55 0.603125 0.5541666666666667 0.60625 0.5583333333333333 0.60625 0.6916666666666667 0.603125 0.6958333333333333 0.559375 0.6958333333333333 0.55625 0.6916666666666667 0.55 0.6916666666666667 0.546875 0.6958333333333333 0.54375 0.6958333333333333 0.540625 0.6916666666666667 0.5375 0.6916666666666667 0.534375 0.6958333333333333 0.525 0.6958333333333333 0.521875 0.6916666666666667 0.30625 0.6916666666666667 0.303125 0.6875 0.275 0.6875 0.275 0.625 0.278125 0.6208333333333333 0.278125 0.5458333333333333 0.28125 0.5416666666666666 0.28125 0.45 0.284375 0.44583333333333336 0.284375 0.3416666666666667 0.2875 0.3375 0.2875 0.275 0.290625 0.2708333333333333
4 0.640625 0.22708333333333333 0.04375 0.05416666666666667
4 0.64375 0.32083333333333336 0.646875 0.325 0.65 0.325 0.659375 0.3375 0.6625 0.35 0.659375 0.3541666666666667 0.659375 0.3625 0.65625 0.3625 0.653125 0.36666666666666664 0.64375 0.36666666666666664 0.640625 0.37083333333333335 0.6375 0.36666666666666664 0.628125 0.36666666666666664 0.61875 0.35 0.61875 0.3416666666666667 0.621875 0.3375 0.625 0.325 0.628125 0.325 0.63125 0.32083333333333336 0.640625 0.32083333333333336
4 0.2421875 0.5916666666666667 0.046875 0.058333333333333334
4 0.459375 0.45 0.46875 0.4625 0.46875 0.4708333333333333 0.471875 0.475 0.471875 0.48333333333333334 0.46875 0.4875 0.46875 0.49166666666666664 0.459375 0.5 0.440625 0.5 0.43125 0.49166666666666664 0.43125 0.4583333333333333 0.440625 0.45 0.45625 0.45
4 0.653125 0.44583333333333336 0.6625 0.4583333333333333 0.6625 0.49166666666666664 0.659375 0.49583333333333335 0.646875 0.49583333333333335 0.64375 0.5 0.640625 0.49583333333333335 0.63125 0.49583333333333335 0.628125 0.49166666666666664 0.628125 0.4875 0.625 0.48333333333333334 0.625 0.4583333333333333 0.634375 0.44583333333333336 0.65 0.44583333333333336