4 0.30466666666666664 0.432 0.31533333333333335 0.435 0.32066666666666666 0.439 0.322 0.4495 0.31666666666666665 0.457 0.30333333333333334 0.46 0.29333333333333333 0.4585 0.286 0.453 0.2846666666666667 0.444 0.28933333333333333 0.437 0.304 0.432
4 0.38 0.5005 0.386 0.5015 0.3953333333333333 0.507 0.398 0.516 0.392 0.524 0.37866666666666665 0.5275 0.372 0.527 0.366 0.523 0.36133333333333334 0.5105 0.36533333333333334 0.5035 0.37933333333333336 0.5005
4 0.30666666666666664 0.499 0.316 0.5035 0.31933333333333336 0.512 0.31733333333333336 0.5185 0.30733333333333335 0.526 0.28933333333333333 0.5245 0.2806666666666667 0.5155 0.282 0.5065 0.2906666666666667 0.4995 0.29333333333333333 0.498 0.306 0.499
4 0.29633333333333334 0.58025 0.03933333333333333 0.0295
4 0.30866666666666664 0.368 0.32 0.3715 0.326 0.3795 0.322 0.3905 0.31066666666666665 0.3955 0.29733333333333334 0.3945 0.2886666666666667 0.3845 0.28933333333333333 0.3775 0.2926666666666667 0.3735 0.2986666666666667 0.3695 0.308 0.368
0 0.6546666666666666 0.372 0.6646666666666666 0.374 0.6713333333333333 0.381 0.67 0.3925 0.664 0.3985 0.66 0.3995 0.644 0.398 0.6353333333333333 0.3885 0.6353333333333333 0.3835 0.64 0.376 0.6453333333333333 0.373 0.654 0.372
0 0.6593333333333333 0.5015 0.6713333333333333 0.508 0.674 0.5185 0.6673333333333333 0.5275 0.6566666666666666 0.53 0.648 0.53 0.642 0.5265 0.636 0.5195 0.6353333333333333 0.512 0.6433333333333333 0.5035 0.6586666666666666 0.5015
0 0.5 0.433 0.508 0.44 0.5093333333333333 0.4485 0.5013333333333333 0.4575 0.492 0.4595 0.4826666666666667 0.458 0.4746666666666667 0.4535 0.472 0.442 0.476 0.4355 0.4806666666666667 0.433 0.494 0.4315 0.49933333333333335 0.433
0 0.6593333333333333 0.437 0.6693333333333333 0.4415 0.6726666666666666 0.4475 0.6726666666666666 0.454 0.668 0.4615 0.6586666666666666 0.4645 0.644 0.4625 0.6366666666666667 0.4525 0.6366666666666667 0.446 0.642 0.439 0.6506666666666666 0.4365 0.6586666666666666 0.437
0 0.6553333333333333 0.5695 0.6673333333333333 0.5725 0.6746666666666666 0.584 0.672 0.5915 0.6593333333333333 0.5985 0.6513333333333333 0.5985 0.6433333333333333 0.5955 0.6353333333333333 0.586 0.64 0.5745 0.648 0.57 0.6546666666666666 0.5695
2 0.5453333333333333 0.3555 0.6113333333333333 0.3555 0.618 0.3595 0.616 0.4185 0.568 0.4195 0.5326666666666666 0.4185 0.53 0.4155 0.5313333333333333 0.358 0.5326666666666666 0.355 0.5446666666666666 0.3555
2 0.47933333333333333 0.49 0.52 0.491 0.5226666666666666 0.493 0.5226666666666666 0.549 0.5213333333333333 0.556 0.518 0.5585 0.43866666666666665 0.558 0.43333333333333335 0.554 0.43666666666666665 0.492 0.4786666666666667 0.49
2 0.36733333333333335 0.3525 0.42866666666666664 0.3535 0.432 0.355 0.43266666666666664 0.4045 0.43133333333333335 0.4145 0.42866666666666664 0.417 0.348 0.417 0.3453333333333333 0.415 0.3446666666666667 0.389 0.3486666666666667 0.354 0.352 0.352 0.36666666666666664 0.3525
2 0.5446666666666666 0.423 0.616 0.4245 0.6186666666666667 0.4675 0.616 0.488 0.5326666666666666 0.487 0.5286666666666666 0.485 0.53 0.425 0.544 0.423
2 0.3453333333333333 0.4205 0.422 0.421 0.42866666666666664 0.4215 0.43133333333333335 0.4245 0.42866666666666664 0.4855 0.3453333333333333 0.486 0.3406666666666667 0.4805 0.3453333333333333 0.421
2 0.484 0.3535 0.524 0.356 0.522 0.417 0.5093333333333333 0.4195 0.494 0.4175 0.474 0.4185 0.44466666666666665 0.417 0.43866666666666665 0.4145 0.44066666666666665 0.3555 0.44266666666666665 0.354 0.48333333333333334 0.354
2 0.49466666666666664 0.421 0.5233333333333333 0.4245 0.5226666666666666 0.484 0.5166666666666667 0.4865 0.4886666666666667 0.4875 0.43533333333333335 0.4845 0.43733333333333335 0.427 0.442 0.422 0.4666666666666667 0.423 0.47 0.4215 0.494 0.421
3 0.38333333333333336 0.349 0.42133333333333334 0.351 0.602 0.352 0.6213333333333333 0.3555 0.6206666666666667 0.561 0.5893333333333334 0.563 0.4493333333333333 0.562 0.3933333333333333 0.5615 0.38666666666666666 0.559 0.38333333333333336 0.561 0.37133333333333335 0.5615 0.33866666666666667 0.5605 0.33466666666666667 0.5585 0.3333333333333333 0.533 0.3426666666666667 0.3535 0.3453333333333333 0.35 0.3486666666666667 0.3495 0.38266666666666665 0.3495
2 0.5326666666666666 0.491 0.6126666666666667 0.4925 0.616 0.494 0.6166666666666667 0.558 0.6133333333333333 0.5595 0.5293333333333333 0.558 0.528 0.5075 0.5286666666666666 0.494 0.532 0.4915
2 0.3873333333333333 0.4895 0.3933333333333333 0.491 0.42333333333333334 0.4905 0.42933333333333334 0.4925 0.42733333333333334 0.554 0.4246666666666667 0.5565 0.39066666666666666 0.5595 0.3373333333333333 0.557 0.3413333333333333 0.4915 0.344 0.49 0.38666666666666666 0.4895
1 0.39266666666666666 0.3145 0.4066666666666667 0.317 0.432 0.3145 0.442 0.318 0.4653333333333333 0.3185 0.502 0.316 0.526 0.319 0.5366666666666666 0.318 0.5433333333333333 0.3145 0.55 0.3175 0.562 0.319 0.6493333333333333 0.319 0.664 0.326 0.6686666666666666 0.3315 0.6713333333333333 0.384 0.668 0.4165 0.6693333333333333 0.441 0.672 0.448 0.6693333333333333 0.4865 0.67 0.495 0.6726666666666666 0.498 0.6733333333333333 0.5175 0.6693333333333333 0.5255 0.668 0.571 0.6733333333333333 0.582 0.6733333333333333 0.5885 0.6693333333333333 0.596 0.6646666666666666 0.5985 0.6413333333333333 0.6 0.36666666666666664 0.597 0.32466666666666666 0.5975 0.31066666666666665 0.601 0.30666666666666664 0.598 0.288 0.5965 0.282 0.591 0.2773333333333333 0.5815 0.2793333333333333 0.569 0.2853333333333333 0.5675 0.2826666666666667 0.56 0.2866666666666667 0.5515 0.288 0.526 0.282 0.519 0.2813333333333333 0.51 0.2846666666666667 0.485 0.2826666666666667 0.4765 0.2853333333333333 0.474 0.286 0.4245 0.29 0.417 0.29333333333333333 0.4155 0.29333333333333333 0.413 0.29 0.4115 0.29333333333333333 0.4075 0.28933333333333333 0.405 0.2866666666666667 0.3975 0.2906666666666667 0.3905 0.28933333333333333 0.3765 0.294 0.37 0.294 0.361 0.29133333333333333 0.356 0.29333333333333333 0.3455 0.2966666666666667 0.35 0.29533333333333334 0.3385 0.302 0.322 0.31 0.316 0.3253333333333333 0.3145 0.342 0.317 0.3626666666666667 0.317 0.37666666666666665 0.315 0.38333333333333336 0.317 0.388 0.314 0.392 0.3145