4 0.326 0.4125 0.33466666666666667 0.415 0.3426666666666667 0.4205 0.35 0.4335 0.34933333333333333 0.445 0.3453333333333333 0.4525 0.3393333333333333 0.4575 0.32866666666666666 0.462 0.30866666666666664 0.461 0.3 0.4585 0.286 0.446 0.282 0.4395 0.2833333333333333 0.426 0.29333333333333333 0.416 0.308 0.411 0.3253333333333333 0.4125
4 0.18733333333333332 0.657 0.196 0.659 0.20666666666666667 0.665 0.21133333333333335 0.672 0.21333333333333335 0.6845 0.2 0.6975 0.18266666666666667 0.7005 0.17333333333333334 0.6995 0.16 0.6935 0.15333333333333332 0.685 0.152 0.6765 0.15466666666666667 0.668 0.16333333333333333 0.6605 0.17466666666666666 0.6565 0.18666666666666668 0.657
4 0.184 0.5485 0.19466666666666665 0.55 0.20733333333333334 0.558 0.214 0.573 0.212 0.5815 0.20666666666666667 0.588 0.19866666666666666 0.5925 0.186 0.5955 0.17466666666666666 0.595 0.16533333333333333 0.592 0.156 0.585 0.15066666666666667 0.5765 0.15133333333333332 0.564 0.156 0.557 0.17066666666666666 0.549 0.18333333333333332 0.5485
4 0.184 0.434 0.19266666666666668 0.4355 0.20666666666666667 0.443 0.21333333333333335 0.4525 0.21466666666666667 0.4635 0.21333333333333335 0.4685 0.20533333333333334 0.4775 0.198 0.481 0.18133333333333335 0.4835 0.17333333333333334 0.483 0.16 0.477 0.15133333333333332 0.467 0.15 0.456 0.154 0.4455 0.16266666666666665 0.438 0.172 0.4345 0.18333333333333332 0.434
4 0.18666666666666668 0.7585 0.20333333333333334 0.7645 0.214 0.7785 0.20733333333333334 0.794 0.188 0.8005 0.17666666666666667 0.8 0.168 0.7965 0.158 0.789 0.15466666666666667 0.783 0.15466666666666667 0.7745 0.15933333333333333 0.765 0.172 0.7585 0.186 0.7585
0 0.79 0.6815 0.804 0.6925 0.8073333333333333 0.6995 0.8066666666666666 0.71 0.7986666666666666 0.721 0.7793333333333333 0.7265 0.766 0.7255 0.7526666666666667 0.7205 0.746 0.714 0.744 0.7015 0.7506666666666667 0.691 0.7593333333333333 0.6845 0.7726666666666666 0.6815 0.7893333333333333 0.6815
0 0.8033333333333333 0.574 0.8206666666666667 0.5855 0.824 0.591 0.824 0.6025 0.8206666666666667 0.6095 0.8133333333333334 0.616 0.806 0.6195 0.794 0.6215 0.78 0.6205 0.7686666666666667 0.6155 0.7606666666666667 0.606 0.76 0.5945 0.7666666666666667 0.584 0.7766666666666666 0.577 0.79 0.574 0.8026666666666666 0.574
0 0.7746666666666666 0.7865 0.78 0.7885 0.7866666666666666 0.7955 0.7886666666666666 0.8105 0.7786666666666666 0.8215 0.762 0.8265 0.7453333333333333 0.8255 0.736 0.821 0.7273333333333334 0.8105 0.7266666666666667 0.803 0.7306666666666667 0.7965 0.748 0.7855 0.774 0.7865
0 0.5166666666666667 0.533 0.5273333333333333 0.536 0.538 0.543 0.5433333333333333 0.551 0.5446666666666666 0.559 0.5433333333333333 0.5655 0.5326666666666666 0.578 0.5106666666666667 0.5855 0.49333333333333335 0.5845 0.484 0.581 0.474 0.568 0.47333333333333333 0.5535 0.4806666666666667 0.543 0.49066666666666664 0.536 0.5046666666666667 0.533 0.516 0.533
0 0.8113333333333334 0.4585 0.8206666666666667 0.4595 0.8313333333333334 0.4635 0.8393333333333334 0.47 0.8433333333333334 0.4785 0.842 0.4895 0.836 0.4985 0.8266666666666667 0.505 0.8126666666666666 0.5085 0.7973333333333333 0.5075 0.784 0.5015 0.7786666666666666 0.4965 0.7753333333333333 0.4855 0.7766666666666666 0.477 0.7846666666666666 0.467 0.796 0.4605 0.8106666666666666 0.4585
1 0.182 0.301 0.18533333333333332 0.3075 0.196 0.307 0.20733333333333334 0.3105 0.24933333333333332 0.3115 0.2693333333333333 0.3145 0.37733333333333335 0.315 0.396 0.3175 0.4126666666666667 0.315 0.4146666666666667 0.3105 0.4206666666666667 0.3135 0.42533333333333334 0.3135 0.42866666666666664 0.3105 0.43666666666666665 0.3185 0.4726666666666667 0.319 0.4846666666666667 0.322 0.49 0.3205 0.492 0.3175 0.49066666666666664 0.3135 0.494 0.3105 0.502 0.313 0.504 0.3215 0.5166666666666667 0.3215 0.5186666666666667 0.318 0.5166666666666667 0.3105 0.524 0.31 0.5266666666666666 0.3115 0.5206666666666667 0.3175 0.5253333333333333 0.3205 0.536 0.3225 0.5513333333333333 0.322 0.5566666666666666 0.3245 0.56 0.3225 0.5706666666666667 0.322 0.5833333333333334 0.322 0.5926666666666667 0.3245 0.6013333333333334 0.322 0.6053333333333333 0.318 0.6026666666666667 0.314 0.6073333333333333 0.314 0.6053333333333333 0.318 0.608 0.3225 0.6126666666666667 0.325 0.6193333333333333 0.325 0.614 0.322 0.6153333333333333 0.3155 0.62 0.313 0.6273333333333333 0.313 0.6293333333333333 0.314 0.628 0.3245 0.63 0.3255 0.664 0.3285 0.6826666666666666 0.3275 0.766 0.33 0.7713333333333333 0.3315 0.7786666666666666 0.3295 0.7873333333333333 0.3325 0.8293333333333334 0.332 0.836 0.33 0.842 0.332 0.844 0.3355 0.8406666666666667 0.363 0.8373333333333334 0.366 0.8366666666666667 0.372 0.8386666666666667 0.3765 0.842 0.368 0.8433333333333334 0.374 0.842 0.3795 0.838 0.3765 0.834 0.38 0.8346666666666667 0.397 0.8266666666666667 0.4565 0.8266666666666667 0.46 0.8346666666666667 0.4635 0.8393333333333334 0.4735 0.84 0.487 0.8346666666666667 0.4985 0.8173333333333334 0.5125 0.814 0.519 0.8053333333333333 0.567 0.808 0.5755 0.8213333333333334 0.5865 0.822 0.602 0.8173333333333334 0.6115 0.8073333333333333 0.6185 0.7953333333333333 0.623 0.7966666666666666 0.6265 0.794 0.6295 0.792 0.645 0.7933333333333333 0.6525 0.7893333333333333 0.6545 0.7873333333333333 0.664 0.788 0.678 0.804 0.6945 0.804 0.711 0.7966666666666666 0.72 0.7873333333333333 0.721 0.7813333333333333 0.7245 0.7793333333333333 0.7305 0.7746666666666666 0.734 0.7706666666666667 0.7585 0.7666666666666667 0.765 0.7686666666666667 0.7725 0.766 0.7745 0.76 0.774 0.7666666666666667 0.7825 0.7653333333333333 0.789 0.764 0.787 0.7593333333333333 0.787 0.758 0.7915 0.7553333333333333 0.788 0.7513333333333333 0.7895 0.756 0.793 0.752 0.7945 0.7526666666666667 0.8035 0.7486666666666667 0.8055 0.7533333333333333 0.8135 0.7513333333333333 0.819 0.7466666666666667 0.811 0.7493333333333333 0.804 0.7453333333333333 0.801 0.7453333333333333 0.7985 0.7506666666666667 0.796 0.7486666666666667 0.794 0.7406666666666667 0.7935 0.7433333333333333 0.7895 0.7346666666666667 0.7815 0.7273333333333334 0.7885 0.72 0.7885 0.7146666666666667 0.7855 0.7093333333333334 0.7875 0.6706666666666666 0.787 0.2773333333333333 0.7705 0.23133333333333334 0.7645 0.23 0.7615 0.24 0.748 0.24066666666666667 0.7405 0.238 0.733 0.22466666666666665 0.723 0.20066666666666666 0.7215 0.19533333333333333 0.723 0.182 0.7345 0.17933333333333334 0.733 0.17866666666666667 0.702 0.17333333333333334 0.697 0.168 0.6965 0.16066666666666668 0.6895 0.16133333333333333 0.687 0.168 0.6895 0.16866666666666666 0.6855 0.16 0.682 0.15733333333333333 0.6685 0.168 0.6565 0.17266666666666666 0.658 0.18066666666666667 0.644 0.17666666666666667 0.6355 0.178 0.5975 0.174 0.5935 0.16466666666666666 0.5905 0.15333333333333332 0.5775 0.154 0.5645 0.158 0.557 0.178 0.543 0.17733333333333334 0.484 0.15933333333333333 0.4735 0.154 0.468 0.15133333333333332 0.459 0.154 0.449 0.158 0.444 0.16466666666666666 0.438 0.17666666666666667 0.432 0.17466666666666666 0.415 0.176 0.315 0.182 0.3015
2 0.266 0.6135 0.3973333333333333 0.6195 0.40066666666666667 0.6215 0.3973333333333333 0.7085 0.394 0.718 0.386 0.719 0.33066666666666666 0.7185 0.3 0.715 0.26466666666666666 0.7145 0.25733333333333336 0.7115 0.25733333333333336 0.6205 0.25866666666666666 0.616 0.2653333333333333 0.6135
2 0.4573333333333333 0.39 0.5433333333333333 0.3925 0.5686666666666667 0.395 0.5733333333333334 0.397 0.5746666666666667 0.4055 0.568 0.455 0.566 0.5015 0.5626666666666666 0.505 0.49666666666666665 0.5035 0.456 0.5 0.44133333333333336 0.501 0.4246666666666667 0.5 0.42 0.498 0.424 0.3945 0.43 0.39 0.45666666666666667 0.39
2 0.434 0.508 0.5126666666666667 0.5105 0.564 0.5155 0.5566666666666666 0.609 0.5546666666666666 0.6155 0.5506666666666666 0.618 0.49066666666666664 0.617 0.414 0.6125 0.412 0.6095 0.412 0.5915 0.41733333333333333 0.513 0.42133333333333334 0.5085 0.43333333333333335 0.508
2 0.6313333333333333 0.396 0.6966666666666667 0.398 0.7326666666666667 0.4005 0.7373333333333333 0.4025 0.738 0.424 0.7286666666666667 0.491 0.7253333333333334 0.5085 0.7213333333333334 0.512 0.614 0.5085 0.5773333333333334 0.505 0.5833333333333334 0.4205 0.5873333333333334 0.398 0.5926666666666667 0.3955 0.6306666666666667 0.396
2 0.2926666666666667 0.382 0.3953333333333333 0.3885 0.404 0.3875 0.41133333333333333 0.3905 0.4093333333333333 0.488 0.408 0.4965 0.4026666666666667 0.4985 0.2753333333333333 0.4955 0.262 0.4935 0.25933333333333336 0.4815 0.2613333333333333 0.387 0.2653333333333333 0.3815 0.292 0.382
2 0.5706666666666667 0.627 0.658 0.6295 0.7013333333333334 0.6325 0.7073333333333334 0.6345 0.7053333333333334 0.67 0.696 0.7305 0.6893333333333334 0.7325 0.664 0.731 0.6373333333333333 0.732 0.626 0.73 0.6093333333333333 0.731 0.5566666666666666 0.727 0.5546666666666666 0.717 0.5626666666666666 0.637 0.564 0.63 0.57 0.6275
2 0.282 0.502 0.3953333333333333 0.5065 0.406 0.509 0.402 0.6055 0.40066666666666667 0.61 0.398 0.611 0.278 0.607 0.26466666666666666 0.606 0.25933333333333336 0.603 0.25733333333333336 0.5365 0.25933333333333336 0.5065 0.26066666666666666 0.5035 0.2653333333333333 0.5015 0.2813333333333333 0.502
2 0.43666666666666665 0.6215 0.5473333333333333 0.626 0.5533333333333333 0.6285 0.546 0.717 0.5426666666666666 0.7245 0.5333333333333333 0.726 0.4073333333333333 0.7195 0.406 0.6885 0.41133333333333333 0.6245 0.4146666666666667 0.621 0.436 0.6215
2 0.5826666666666667 0.5145 0.7133333333333334 0.519 0.7213333333333334 0.522 0.722 0.538 0.7113333333333334 0.6175 0.7066666666666667 0.625 0.698 0.6255 0.5673333333333334 0.6195 0.5653333333333334 0.609 0.5733333333333334 0.528 0.5746666666666667 0.5185 0.578 0.515 0.582 0.5145
3 0.2613333333333333 0.375 0.30933333333333335 0.3785 0.348 0.3785 0.45866666666666667 0.3835 0.478 0.3825 0.5133333333333333 0.3865 0.566 0.3865 0.6786666666666666 0.3925 0.7253333333333334 0.393 0.744 0.3945 0.748 0.3965 0.748 0.412 0.7406666666666667 0.464 0.7373333333333333 0.472 0.736 0.499 0.708 0.682 0.706 0.7115 0.7026666666666667 0.7335 0.6973333333333334 0.738 0.2986666666666667 0.7215 0.272 0.72 0.25133333333333335 0.7165 0.25 0.623 0.254 0.4665 0.25266666666666665 0.38 0.254 0.376 0.26066666666666666 0.375