4 0.8553333333333333 0.4275 0.8686666666666667 0.431 0.8766666666666667 0.4395 0.8766666666666667 0.4495 0.87 0.4595 0.86 0.463 0.85 0.463 0.84 0.46 0.834 0.454 0.8313333333333334 0.446 0.8333333333333334 0.4365 0.8393333333333334 0.4315 0.8546666666666667 0.428
4 0.5273333333333333 0.608 0.5413333333333333 0.615 0.5453333333333333 0.6275 0.54 0.6365 0.526 0.6425 0.5126666666666667 0.6415 0.504 0.6365 0.5 0.631 0.49933333333333335 0.621 0.502 0.6155 0.508 0.611 0.5153333333333333 0.608 0.5266666666666666 0.608
4 0.6546666666666666 0.421 0.6633333333333333 0.4285 0.666 0.435 0.6653333333333333 0.4425 0.6566666666666666 0.45 0.6433333333333333 0.454 0.6306666666666667 0.4525 0.622 0.446 0.6186666666666667 0.439 0.6193333333333333 0.431 0.63 0.421 0.638 0.4195 0.654 0.421
4 0.8633333333333333 0.5125 0.8733333333333333 0.519 0.8766666666666667 0.525 0.8766666666666667 0.5325 0.868 0.543 0.8566666666666667 0.5455 0.8473333333333334 0.545 0.8373333333333334 0.5415 0.8326666666666667 0.5355 0.8313333333333334 0.527 0.8373333333333334 0.515 0.8506666666666667 0.511 0.8626666666666667 0.5125
0 0.4186666666666667 0.4305 0.43 0.435 0.43866666666666665 0.445 0.43733333333333335 0.454 0.43333333333333335 0.46 0.41933333333333334 0.4665 0.4106666666666667 0.4665 0.4013333333333333 0.4635 0.39266666666666666 0.457 0.39066666666666666 0.4525 0.3913333333333333 0.442 0.3953333333333333 0.436 0.4053333333333333 0.431 0.418 0.4305
0 0.4226666666666667 0.514 0.43466666666666665 0.5215 0.43733333333333335 0.5335 0.43333333333333335 0.54 0.41933333333333334 0.5475 0.406 0.547 0.398 0.544 0.392 0.537 0.3913333333333333 0.5275 0.396 0.5195 0.402 0.5155 0.4106666666666667 0.513 0.422 0.514
0 0.4186666666666667 0.347 0.43266666666666664 0.355 0.43666666666666665 0.3625 0.43666666666666665 0.3695 0.43066666666666664 0.378 0.41333333333333333 0.384 0.4053333333333333 0.3835 0.3953333333333333 0.3775 0.39066666666666666 0.371 0.3893333333333333 0.3615 0.3913333333333333 0.355 0.3953333333333333 0.3515 0.4073333333333333 0.3475 0.418 0.347
0 0.6393333333333333 0.5135 0.6526666666666666 0.5195 0.6573333333333333 0.528 0.6546666666666666 0.54 0.6473333333333333 0.546 0.6393333333333333 0.5485 0.6293333333333333 0.5485 0.6193333333333333 0.545 0.6106666666666667 0.535 0.6113333333333333 0.5245 0.6153333333333333 0.519 0.6233333333333333 0.5145 0.6386666666666667 0.5135
0 0.428 0.599 0.43866666666666665 0.6085 0.43866666666666665 0.6175 0.43066666666666664 0.627 0.41933333333333334 0.631 0.4053333333333333 0.63 0.396 0.625 0.39266666666666666 0.617 0.3933333333333333 0.609 0.3973333333333333 0.602 0.4033333333333333 0.598 0.4186666666666667 0.5965 0.42733333333333334 0.599
1 0.7793333333333333 0.345 0.7826666666666666 0.348 0.788 0.3465 0.8026666666666666 0.3495 0.808 0.349 0.8106666666666666 0.345 0.838 0.3465 0.844 0.3495 0.8553333333333333 0.349 0.8593333333333333 0.3555 0.8553333333333333 0.3755 0.8573333333333333 0.386 0.8566666666666667 0.424 0.854 0.4265 0.8393333333333334 0.4295 0.8313333333333334 0.4335 0.8133333333333334 0.4345 0.8026666666666666 0.443 0.8026666666666666 0.4535 0.81 0.4605 0.82 0.4635 0.8386666666666667 0.4615 0.858 0.467 0.8533333333333334 0.5085 0.8373333333333334 0.5125 0.8286666666666667 0.51 0.816 0.51 0.8093333333333333 0.5125 0.8006666666666666 0.522 0.8006666666666666 0.5295 0.8106666666666666 0.5375 0.82 0.5405 0.8313333333333334 0.539 0.8373333333333334 0.544 0.8466666666666667 0.5455 0.8533333333333334 0.55 0.852 0.572 0.8553333333333333 0.61 0.8513333333333334 0.6545 0.8513333333333334 0.6965 0.842 0.702 0.838 0.7005 0.8333333333333334 0.7025 0.8253333333333334 0.7 0.8093333333333333 0.6995 0.7906666666666666 0.701 0.744 0.699 0.732 0.701 0.6886666666666666 0.7015 0.668 0.6995 0.6073333333333333 0.704 0.5533333333333333 0.7025 0.5366666666666666 0.7045 0.5193333333333333 0.7035 0.512 0.7055 0.486 0.7035 0.45666666666666667 0.706 0.45266666666666666 0.704 0.42866666666666664 0.703 0.4146666666666667 0.7055 0.412 0.7035 0.40066666666666667 0.705 0.39266666666666666 0.7035 0.39 0.6995 0.39 0.651 0.394 0.6055 0.3913333333333333 0.599 0.3893333333333333 0.5655 0.3913333333333333 0.544 0.39466666666666667 0.5395 0.39066666666666666 0.5155 0.392 0.4975 0.3893333333333333 0.46 0.392 0.456 0.39066666666666666 0.4455 0.38533333333333336 0.4435 0.38333333333333336 0.446 0.38133333333333336 0.443 0.38866666666666666 0.439 0.388 0.39 0.39 0.379 0.3953333333333333 0.374 0.3893333333333333 0.355 0.39466666666666667 0.352 0.40066666666666667 0.352 0.406 0.3485 0.412 0.3485 0.4146666666666667 0.3535 0.41933333333333334 0.3515 0.4246666666666667 0.3575 0.43066666666666664 0.352 0.44266666666666665 0.35 0.5426666666666666 0.3505 0.5673333333333334 0.348 0.5806666666666667 0.3505 0.6786666666666666 0.35 0.7026666666666667 0.349 0.706 0.3455 0.722 0.3495 0.768 0.3495 0.772 0.3485 0.77 0.3455 0.7786666666666666 0.345
2 0.7693333333333333 0.484 0.79 0.4845 0.7913333333333333 0.487 0.792 0.5585 0.788 0.5655 0.756 0.566 0.704 0.566 0.6846666666666666 0.564 0.684 0.4915 0.6853333333333333 0.4865 0.6933333333333334 0.485 0.7686666666666667 0.484
2 0.6573333333333333 0.571 0.6733333333333333 0.572 0.6766666666666666 0.5745 0.678 0.618 0.676 0.6505 0.668 0.6525 0.6 0.654 0.58 0.6535 0.57 0.651 0.568 0.613 0.57 0.574 0.588 0.572 0.6566666666666666 0.571
2 0.5873333333333334 0.3985 0.654 0.398 0.6753333333333333 0.4 0.6766666666666666 0.467 0.676 0.477 0.6726666666666666 0.479 0.5866666666666667 0.481 0.5753333333333334 0.481 0.57 0.478 0.5686666666666667 0.422 0.57 0.4005 0.5866666666666667 0.3985
2 0.7653333333333333 0.3975 0.784 0.3975 0.792 0.4 0.7933333333333333 0.451 0.79 0.4775 0.7806666666666666 0.4795 0.7086666666666667 0.48 0.688 0.4795 0.6833333333333333 0.4755 0.6846666666666666 0.4005 0.688 0.399 0.7646666666666667 0.398
2 0.4646666666666667 0.398 0.548 0.3985 0.5573333333333333 0.399 0.5606666666666666 0.401 0.562 0.4775 0.554 0.481 0.532 0.4815 0.4553333333333333 0.4805 0.45266666666666666 0.4695 0.45266666666666666 0.403 0.4553333333333333 0.3985 0.464 0.398
2 0.49133333333333334 0.4855 0.5606666666666666 0.4865 0.5626666666666666 0.4985 0.562 0.565 0.56 0.5665 0.47333333333333333 0.568 0.46 0.568 0.45466666666666666 0.566 0.452 0.521 0.454 0.4875 0.456 0.486 0.49066666666666664 0.486
2 0.628 0.4845 0.6726666666666666 0.4855 0.676 0.4875 0.6766666666666666 0.5605 0.6746666666666666 0.565 0.6666666666666666 0.566 0.5733333333333334 0.566 0.5693333333333334 0.564 0.5706666666666667 0.4865 0.6273333333333333 0.4845
2 0.7126666666666667 0.571 0.736 0.57 0.7906666666666666 0.572 0.7913333333333333 0.648 0.7893333333333333 0.651 0.7773333333333333 0.652 0.6973333333333334 0.6525 0.686 0.652 0.684 0.649 0.684 0.576 0.688 0.5715 0.712 0.571
2 0.4746666666666667 0.573 0.5613333333333334 0.574 0.5633333333333334 0.6505 0.56 0.6535 0.5306666666666666 0.6555 0.4553333333333333 0.654 0.452 0.613 0.454 0.576 0.456 0.573 0.474 0.573
3 0.6233333333333333 0.3935 0.6573333333333333 0.395 0.774 0.393 0.7933333333333333 0.3935 0.798 0.3965 0.798 0.576 0.7973333333333333 0.603 0.7946666666666666 0.609 0.7966666666666666 0.615 0.7966666666666666 0.654 0.7933333333333333 0.656 0.762 0.655 0.7586666666666667 0.6565 0.6986666666666667 0.657 0.6913333333333334 0.6555 0.6586666666666666 0.658 0.532 0.6585 0.5293333333333333 0.654 0.5326666666666666 0.652 0.5573333333333333 0.652 0.562 0.649 0.5613333333333334 0.574 0.5573333333333333 0.5725 0.49133333333333334 0.5725 0.4646666666666667 0.573 0.4553333333333333 0.5765 0.4553333333333333 0.6515 0.462 0.653 0.48133333333333334 0.6515 0.5153333333333333 0.653 0.5233333333333333 0.6515 0.5246666666666666 0.655 0.5233333333333333 0.658 0.518 0.659 0.48133333333333334 0.6595 0.4553333333333333 0.6595 0.45066666666666666 0.657 0.4493333333333333 0.652 0.44666666666666666 0.3975 0.4493333333333333 0.395 0.48333333333333334 0.394 0.6226666666666667 0.3935