0 0.6273333333333333 0.528 0.64 0.5325 0.6466666666666666 0.5425 0.644 0.554 0.6366666666666667 0.5605 0.6286666666666667 0.563 0.6193333333333333 0.563 0.61 0.56 0.6026666666666667 0.5545 0.6 0.5485 0.6006666666666667 0.5395 0.6046666666666667 0.534 0.6133333333333333 0.529 0.6266666666666667 0.528
0 0.41133333333333333 0.363 0.42 0.366 0.4246666666666667 0.37 0.428 0.376 0.42866666666666664 0.385 0.41933333333333334 0.395 0.4053333333333333 0.399 0.3933333333333333 0.3975 0.38666666666666666 0.393 0.382 0.385 0.382 0.376 0.386 0.369 0.392 0.365 0.4 0.3625 0.4106666666666667 0.363
0 0.41733333333333333 0.5285 0.42866666666666664 0.5365 0.42933333333333334 0.547 0.41933333333333334 0.559 0.4073333333333333 0.5625 0.398 0.5615 0.38866666666666666 0.557 0.38333333333333336 0.5495 0.38333333333333336 0.543 0.38666666666666666 0.5365 0.3953333333333333 0.5295 0.404 0.5275 0.4166666666666667 0.5285
0 0.7586666666666667 0.6145 0.7686666666666667 0.6165 0.7773333333333333 0.6235 0.7793333333333333 0.6355 0.776 0.6425 0.7686666666666667 0.6475 0.7526666666666667 0.649 0.7433333333333333 0.6455 0.7373333333333333 0.6405 0.7353333333333333 0.63 0.7386666666666667 0.6225 0.7466666666666667 0.617 0.758 0.615
0 0.408 0.445 0.42133333333333334 0.4495 0.42933333333333334 0.46 0.42933333333333334 0.468 0.42533333333333334 0.474 0.418 0.479 0.408 0.4815 0.3933333333333333 0.479 0.386 0.474 0.382 0.467 0.382 0.4595 0.3873333333333333 0.4505 0.3953333333333333 0.446 0.4073333333333333 0.445
4 0.8386666666666667 0.445 0.8493333333333334 0.4485 0.8573333333333333 0.458 0.8546666666666667 0.471 0.846 0.4775 0.8386666666666667 0.4795 0.824 0.4775 0.8166666666666667 0.472 0.8133333333333334 0.465 0.8133333333333334 0.4565 0.8173333333333334 0.45 0.8273333333333334 0.4455 0.838 0.445
4 0.5253333333333333 0.6125 0.5353333333333333 0.615 0.5426666666666666 0.621 0.546 0.6275 0.5433333333333333 0.64 0.5293333333333333 0.6475 0.5166666666666667 0.6475 0.5086666666666667 0.6445 0.5013333333333333 0.637 0.5 0.632 0.5006666666666667 0.6265 0.506 0.6185 0.5133333333333333 0.614 0.5246666666666666 0.6125
4 0.6353333333333333 0.4355 0.6433333333333333 0.4375 0.65 0.442 0.654 0.4535 0.652 0.4605 0.648 0.464 0.632 0.4695 0.62 0.468 0.612 0.4625 0.6086666666666667 0.457 0.6086666666666667 0.446 0.6193333333333333 0.4375 0.6346666666666667 0.4355
4 0.836 0.5255 0.852 0.5315 0.8566666666666667 0.538 0.8573333333333333 0.544 0.8546666666666667 0.551 0.8473333333333334 0.5575 0.8346666666666667 0.56 0.8266666666666667 0.5585 0.8173333333333334 0.5535 0.8133333333333334 0.542 0.8173333333333334 0.5315 0.8353333333333334 0.5255
1 0.4086666666666667 0.3615 0.4146666666666667 0.362 0.4246666666666667 0.3665 0.42866666666666664 0.365 0.44466666666666665 0.367 0.482 0.3665 0.4866666666666667 0.3625 0.49333333333333335 0.366 0.5166666666666667 0.367 0.5533333333333333 0.3655 0.6046666666666667 0.367 0.6086666666666667 0.363 0.6273333333333333 0.367 0.642 0.3665 0.642 0.3645 0.6366666666666667 0.365 0.636 0.3625 0.6413333333333333 0.3625 0.6433333333333333 0.3645 0.6493333333333333 0.3625 0.6566666666666666 0.364 0.6646666666666666 0.3625 0.672 0.367 0.6826666666666666 0.3665 0.6993333333333334 0.3615 0.716 0.364 0.7266666666666667 0.362 0.7493333333333333 0.3625 0.754 0.3645 0.762 0.363 0.7653333333333333 0.365 0.7733333333333333 0.364 0.782 0.3665 0.7913333333333333 0.363 0.796 0.365 0.8033333333333333 0.363 0.8086666666666666 0.365 0.8226666666666667 0.364 0.8333333333333334 0.366 0.8413333333333334 0.373 0.8446666666666667 0.38 0.8406666666666667 0.3835 0.8426666666666667 0.3915 0.8373333333333334 0.3935 0.8373333333333334 0.3985 0.8426666666666667 0.4025 0.842 0.418 0.8446666666666667 0.422 0.8453333333333334 0.434 0.842 0.4355 0.8426666666666667 0.439 0.8386666666666667 0.4395 0.8366666666666667 0.4425 0.8486666666666667 0.4495 0.8553333333333333 0.459 0.8526666666666667 0.47 0.842 0.4805 0.846 0.4835 0.8453333333333334 0.489 0.8366666666666667 0.491 0.842 0.4935 0.842 0.496 0.8353333333333334 0.495 0.834 0.4965 0.8346666666666667 0.5155 0.8373333333333334 0.525 0.8413333333333334 0.5245 0.846 0.5275 0.856 0.5415 0.852 0.5515 0.8413333333333334 0.5605 0.8453333333333334 0.5635 0.8453333333333334 0.606 0.8446666666666667 0.6145 0.8406666666666667 0.6155 0.84 0.6195 0.8446666666666667 0.622 0.8453333333333334 0.6255 0.8446666666666667 0.632 0.84 0.632 0.838 0.63 0.8373333333333334 0.6415 0.8386666666666667 0.6435 0.8426666666666667 0.643 0.8453333333333334 0.6495 0.8446666666666667 0.6685 0.842 0.672 0.8413333333333334 0.6815 0.8446666666666667 0.684 0.8453333333333334 0.697 0.8413333333333334 0.707 0.8353333333333334 0.71 0.8313333333333334 0.7115 0.8033333333333333 0.711 0.8 0.7125 0.7906666666666666 0.711 0.786 0.7125 0.768 0.712 0.754 0.7145 0.734 0.713 0.7306666666666667 0.716 0.7106666666666667 0.7165 0.706 0.72 0.7033333333333334 0.718 0.6966666666666667 0.7185 0.696 0.7165 0.6926666666666667 0.719 0.6893333333333334 0.716 0.6786666666666666 0.714 0.67 0.72 0.6646666666666666 0.72 0.6693333333333333 0.717 0.6613333333333333 0.715 0.6533333333333333 0.716 0.6473333333333333 0.72 0.63 0.719 0.622 0.7215 0.6026666666666667 0.72 0.598 0.7215 0.586 0.7185 0.5793333333333334 0.72 0.56 0.719 0.5566666666666666 0.723 0.5306666666666666 0.7185 0.49333333333333335 0.72 0.488 0.722 0.472 0.72 0.4666666666666667 0.724 0.46266666666666667 0.7235 0.45666666666666667 0.726 0.446 0.7215 0.44266666666666665 0.7235 0.432 0.7225 0.42866666666666664 0.7245 0.42533333333333334 0.72 0.42133333333333334 0.72 0.4146666666666667 0.722 0.41133333333333333 0.727 0.4046666666666667 0.723 0.38866666666666666 0.724 0.37666666666666665 0.7225 0.37 0.7165 0.368 0.7105 0.37066666666666664 0.6995 0.368 0.686 0.36933333333333335 0.662 0.37066666666666664 0.6705 0.37333333333333335 0.6715 0.37666666666666665 0.668 0.37866666666666665 0.6125 0.37666666666666665 0.5845 0.37333333333333335 0.5815 0.36933333333333335 0.5855 0.36933333333333335 0.579 0.37266666666666665 0.581 0.37666666666666665 0.5795 0.37466666666666665 0.574 0.37733333333333335 0.5715 0.37866666666666665 0.5185 0.38066666666666665 0.513 0.376 0.5085 0.37866666666666665 0.505 0.37333333333333335 0.5015 0.36933333333333335 0.5025 0.36933333333333335 0.4965 0.37333333333333335 0.498 0.378 0.4955 0.38 0.4535 0.378 0.3945 0.37333333333333335 0.3895 0.378 0.3875 0.37866666666666665 0.3705 0.38666666666666666 0.365 0.408 0.3615
2 0.5466666666666666 0.587 0.55 0.5885 0.5513333333333333 0.596 0.5506666666666666 0.666 0.5433333333333333 0.668 0.51 0.667 0.44666666666666666 0.67 0.44266666666666665 0.6665 0.442 0.6545 0.44266666666666665 0.6015 0.44533333333333336 0.588 0.546 0.587
2 0.6946666666666667 0.415 0.76 0.415 0.7733333333333333 0.418 0.774 0.491 0.7686666666666667 0.494 0.738 0.495 0.674 0.4945 0.6693333333333333 0.4915 0.67 0.4185 0.674 0.4155 0.694 0.415
2 0.6273333333333333 0.414 0.658 0.415 0.6626666666666666 0.419 0.6633333333333333 0.4925 0.6613333333333333 0.495 0.644 0.4955 0.5606666666666666 0.4955 0.558 0.4925 0.558 0.417 0.5633333333333334 0.415 0.6266666666666667 0.414
2 0.772 0.5855 0.774 0.5915 0.7733333333333333 0.617 0.758 0.6135 0.7393333333333333 0.605 0.7266666666666667 0.6045 0.7133333333333334 0.612 0.7093333333333334 0.6245 0.72 0.635 0.75 0.6485 0.7613333333333333 0.649 0.776 0.6465 0.7733333333333333 0.663 0.7653333333333333 0.665 0.7273333333333334 0.664 0.6926666666666667 0.666 0.674 0.666 0.6693333333333333 0.662 0.6713333333333333 0.587 0.7233333333333334 0.584 0.7713333333333333 0.5855
2 0.5166666666666667 0.4135 0.5446666666666666 0.415 0.55 0.418 0.5513333333333333 0.4635 0.55 0.493 0.5466666666666666 0.495 0.5173333333333333 0.496 0.446 0.4955 0.44333333333333336 0.4905 0.442 0.4665 0.44266666666666665 0.4215 0.446 0.4145 0.516 0.4135
2 0.7273333333333334 0.4995 0.7686666666666667 0.5 0.7726666666666666 0.501 0.774 0.504 0.7733333333333333 0.5765 0.7693333333333333 0.579 0.734 0.58 0.6733333333333333 0.5795 0.6693333333333333 0.576 0.668 0.526 0.6706666666666666 0.5015 0.7266666666666667 0.4995
2 0.5233333333333333 0.5005 0.548 0.501 0.5506666666666666 0.503 0.5506666666666666 0.579 0.5326666666666666 0.5815 0.466 0.5825 0.44666666666666666 0.582 0.44333333333333336 0.5785 0.442 0.5365 0.44466666666666665 0.502 0.5226666666666666 0.5005
2 0.6126666666666667 0.5845 0.6313333333333333 0.586 0.6546666666666666 0.585 0.664 0.588 0.6653333333333333 0.6495 0.6633333333333333 0.665 0.6573333333333333 0.6665 0.568 0.6685 0.5586666666666666 0.665 0.5573333333333333 0.5975 0.5593333333333333 0.588 0.612 0.585
2 0.6166666666666667 0.4995 0.6586666666666666 0.4995 0.6633333333333333 0.5015 0.664 0.575 0.6606666666666666 0.5795 0.602 0.58 0.562 0.58 0.5586666666666666 0.578 0.558 0.5045 0.5613333333333334 0.501 0.616 0.4995
3 0.4573333333333333 0.4095 0.6106666666666667 0.4115 0.768 0.4105 0.7793333333333333 0.413 0.78 0.6055 0.776 0.609 0.776 0.614 0.774 0.6125 0.772 0.5875 0.7586666666666667 0.586 0.6773333333333333 0.5865 0.672 0.588 0.6706666666666666 0.5905 0.67 0.635 0.672 0.6435 0.6706666666666666 0.655 0.6746666666666666 0.6625 0.7093333333333334 0.6635 0.7313333333333333 0.6615 0.734 0.659 0.742 0.6615 0.766 0.6615 0.772 0.6575 0.7726666666666666 0.654 0.77 0.651 0.7793333333333333 0.642 0.78 0.6625 0.7793333333333333 0.666 0.7766666666666666 0.667 0.734 0.666 0.71 0.669 0.6633333333333333 0.668 0.6626666666666666 0.5885 0.656 0.586 0.5806666666666667 0.5865 0.568 0.588 0.5593333333333333 0.592 0.5593333333333333 0.6625 0.58 0.6665 0.628 0.666 0.648 0.664 0.6493333333333333 0.6685 0.6266666666666667 0.6705 0.6 0.6695 0.5633333333333334 0.6715 0.5466666666666666 0.67 0.5273333333333333 0.6725 0.4493333333333333 0.674 0.43866666666666665 0.669 0.438 0.565 0.44066666666666665 0.5425 0.438 0.5285 0.43666666666666665 0.414 0.44066666666666665 0.41 0.45666666666666667 0.4095