4 0.9046666666666666 0.453 0.9153333333333333 0.456 0.9246666666666666 0.467 0.9213333333333333 0.4805 0.9146666666666666 0.4855 0.9053333333333333 0.488 0.8866666666666667 0.4845 0.8786666666666667 0.4725 0.8793333333333333 0.4635 0.886 0.4565 0.8966666666666666 0.453 0.904 0.453
4 0.5746666666666667 0.633 0.5866666666666667 0.637 0.5946666666666667 0.6435 0.596 0.649 0.596 0.6545 0.592 0.661 0.586 0.6655 0.5746666666666667 0.6685 0.5586666666666666 0.6655 0.5526666666666666 0.6605 0.5493333333333333 0.6515 0.5513333333333333 0.6425 0.5553333333333333 0.6385 0.5653333333333334 0.6335 0.574 0.633
4 0.9133333333333333 0.537 0.9246666666666666 0.5465 0.9253333333333333 0.558 0.9173333333333333 0.5675 0.9046666666666666 0.5705 0.894 0.569 0.8846666666666667 0.564 0.8806666666666667 0.555 0.8813333333333333 0.5485 0.8833333333333333 0.5435 0.8906666666666667 0.5375 0.8973333333333333 0.536 0.9126666666666666 0.537
4 0.9013333333333333 0.3705 0.916 0.376 0.9206666666666666 0.38 0.922 0.392 0.9146666666666666 0.402 0.9006666666666666 0.406 0.8913333333333333 0.4055 0.8846666666666667 0.4025 0.8766666666666667 0.3905 0.8773333333333333 0.3835 0.8813333333333333 0.3775 0.892 0.3715 0.9006666666666666 0.3705
0 0.4713333333333333 0.457 0.4846666666666667 0.4655 0.488 0.476 0.4806666666666667 0.4875 0.4666666666666667 0.4925 0.4553333333333333 0.491 0.4493333333333333 0.488 0.44266666666666665 0.481 0.44133333333333336 0.4725 0.44266666666666665 0.467 0.4493333333333333 0.4595 0.45866666666666667 0.4565 0.4706666666666667 0.457
0 0.4673333333333333 0.538 0.4806666666666667 0.542 0.48733333333333334 0.552 0.484 0.564 0.4746666666666667 0.571 0.4686666666666667 0.5725 0.45866666666666667 0.5725 0.4493333333333333 0.5695 0.442 0.5595 0.44266666666666665 0.5515 0.44733333333333336 0.5435 0.456 0.539 0.4666666666666667 0.538
0 0.47 0.3755 0.47733333333333333 0.3785 0.484 0.385 0.486 0.398 0.478 0.407 0.4666666666666667 0.411 0.45266666666666666 0.4095 0.44533333333333336 0.4045 0.44133333333333336 0.3975 0.44066666666666665 0.387 0.446 0.38 0.452 0.3765 0.4693333333333333 0.3755
0 0.6953333333333334 0.54 0.7053333333333334 0.548 0.7066666666666667 0.561 0.6993333333333334 0.5695 0.6873333333333334 0.5735 0.6746666666666666 0.5725 0.666 0.568 0.6606666666666666 0.562 0.6593333333333333 0.553 0.6626666666666666 0.546 0.672 0.5395 0.69 0.5385 0.6946666666666667 0.54
0 0.472 0.622 0.4866666666666667 0.6305 0.4886666666666667 0.642 0.484 0.6505 0.4693333333333333 0.6565 0.45666666666666667 0.6555 0.446 0.65 0.44333333333333336 0.6355 0.4493333333333333 0.626 0.46 0.622 0.4713333333333333 0.622
2 0.698 0.4235 0.7193333333333334 0.424 0.7213333333333334 0.4255 0.7226666666666667 0.5015 0.72 0.504 0.6846666666666666 0.5055 0.624 0.505 0.618 0.5035 0.6146666666666667 0.4275 0.6206666666666667 0.4245 0.6973333333333334 0.4235
2 0.718 0.5095 0.7233333333333334 0.514 0.7246666666666667 0.588 0.72 0.59 0.6653333333333333 0.592 0.6213333333333333 0.592 0.6186666666666667 0.5905 0.6166666666666667 0.513 0.6233333333333333 0.5105 0.7173333333333334 0.5095
2 0.5433333333333333 0.424 0.606 0.425 0.608 0.428 0.6093333333333333 0.4965 0.606 0.505 0.536 0.5065 0.5046666666666667 0.5065 0.502 0.505 0.5006666666666667 0.4345 0.5013333333333333 0.428 0.5046666666666667 0.425 0.5426666666666666 0.424
2 0.8313333333333334 0.4225 0.836 0.425 0.8366666666666667 0.4285 0.8393333333333334 0.4715 0.8373333333333334 0.5015 0.8313333333333334 0.503 0.7386666666666667 0.5045 0.7306666666666667 0.5015 0.7313333333333333 0.4255 0.7353333333333333 0.4235 0.8306666666666667 0.4225
2 0.8073333333333333 0.5085 0.8346666666666667 0.509 0.8386666666666667 0.5115 0.8413333333333334 0.5425 0.8386666666666667 0.5885 0.8293333333333334 0.59 0.7353333333333333 0.5905 0.7326666666666667 0.588 0.7313333333333333 0.512 0.746 0.5095 0.8066666666666666 0.509
2 0.68 0.5955 0.7206666666666667 0.596 0.7253333333333334 0.5985 0.7266666666666667 0.672 0.7246666666666667 0.6765 0.72 0.6775 0.6613333333333333 0.679 0.6266666666666667 0.679 0.6193333333333333 0.676 0.618 0.6025 0.622 0.5975 0.6793333333333333 0.5955
2 0.5333333333333333 0.511 0.606 0.511 0.61 0.5155 0.6093333333333333 0.5905 0.534 0.593 0.504 0.591 0.5006666666666667 0.5575 0.5026666666666667 0.513 0.5046666666666667 0.5115 0.5326666666666666 0.511
3 0.7166666666666667 0.4185 0.77 0.4195 0.7906666666666666 0.418 0.832 0.419 0.8426666666666667 0.421 0.844 0.534 0.846 0.546 0.846 0.6785 0.8286666666666667 0.6805 0.762 0.681 0.7513333333333333 0.683 0.736 0.6815 0.6546666666666666 0.6835 0.6093333333333333 0.6815 0.5753333333333334 0.6845 0.562 0.683 0.5606666666666666 0.681 0.5726666666666667 0.677 0.5993333333333334 0.678 0.6093333333333333 0.677 0.6113333333333333 0.675 0.6106666666666667 0.602 0.6086666666666667 0.5985 0.6026666666666667 0.5975 0.5526666666666666 0.5965 0.5053333333333333 0.6005 0.502 0.622 0.504 0.675 0.5113333333333333 0.677 0.5473333333333333 0.6785 0.5506666666666666 0.682 0.53 0.684 0.5086666666666667 0.684 0.5 0.682 0.49666666666666665 0.6425 0.498 0.6145 0.5 0.6115 0.49733333333333335 0.606 0.49666666666666665 0.585 0.49533333333333335 0.422 0.5093333333333333 0.4205 0.716 0.419
2 0.5573333333333333 0.596 0.606 0.597 0.6106666666666667 0.6005 0.6113333333333333 0.6765 0.6086666666666667 0.679 0.572 0.681 0.552 0.679 0.5046666666666667 0.6795 0.502 0.6755 0.5033333333333333 0.6 0.5066666666666667 0.598 0.5393333333333333 0.598 0.5566666666666666 0.596
2 0.7433333333333333 0.5955 0.832 0.595 0.8386666666666667 0.5965 0.842 0.6265 0.842 0.6705 0.8386666666666667 0.6755 0.834 0.676 0.7393333333333333 0.6775 0.734 0.6755 0.7326666666666667 0.598 0.7373333333333333 0.595 0.7426666666666667 0.5955
1 0.5466666666666666 0.3695 0.564 0.37 0.576 0.3735 0.5893333333333334 0.3715 0.6013333333333334 0.376 0.606 0.376 0.616 0.3715 0.6333333333333333 0.3745 0.654 0.3695 0.668 0.3715 0.674 0.3695 0.7053333333333334 0.3695 0.7106666666666667 0.3715 0.7306666666666667 0.371 0.734 0.3725 0.7393333333333333 0.3695 0.7466666666666667 0.3695 0.7546666666666667 0.3725 0.7693333333333333 0.3695 0.778 0.372 0.7946666666666666 0.3695 0.814 0.373 0.8206666666666667 0.372 0.8233333333333334 0.3695 0.8446666666666667 0.371 0.848 0.3695 0.8693333333333333 0.3695 0.8866666666666667 0.3735 0.904 0.3725 0.9126666666666666 0.3765 0.918 0.3825 0.9193333333333333 0.3905 0.9146666666666666 0.3995 0.9086666666666666 0.404 0.9126666666666666 0.408 0.9146666666666666 0.441 0.9113333333333333 0.453 0.9186666666666666 0.46 0.922 0.4735 0.9186666666666666 0.4805 0.9106666666666666 0.488 0.9146666666666666 0.497 0.914 0.5365 0.922 0.5465 0.9246666666666666 0.5545 0.9186666666666666 0.5645 0.9086666666666666 0.5705 0.9153333333333333 0.574 0.9153333333333333 0.7125 0.9113333333333333 0.724 0.9013333333333333 0.7285 0.8933333333333333 0.728 0.8886666666666667 0.73 0.8833333333333333 0.728 0.87 0.73 0.8373333333333334 0.7295 0.8186666666666667 0.7325 0.7773333333333333 0.7325 0.7666666666666667 0.7345 0.7106666666666667 0.734 0.7033333333333334 0.7315 0.69 0.734 0.65 0.7345 0.626 0.732 0.6226666666666667 0.7335 0.616 0.7325 0.6126666666666667 0.735 0.6053333333333333 0.733 0.5966666666666667 0.7345 0.5726666666666667 0.733 0.5306666666666666 0.736 0.5206666666666667 0.735 0.51 0.7375 0.49733333333333335 0.7375 0.49266666666666664 0.7345 0.4846666666666667 0.7375 0.4746666666666667 0.7345 0.456 0.7375 0.45 0.7345 0.44266666666666665 0.7345 0.434 0.7295 0.428 0.72 0.428 0.5515 0.43 0.5415 0.42733333333333334 0.451 0.43066666666666664 0.42 0.428 0.4075 0.42933333333333334 0.3835 0.432 0.379 0.446 0.3725 0.456 0.3735 0.5046666666666667 0.3705 0.53 0.3725 0.546 0.37