4 0.21466666666666667 0.529 0.22866666666666666 0.5325 0.24133333333333334 0.543 0.24333333333333335 0.5485 0.242 0.56 0.234 0.568 0.214 0.5805 0.20533333333333334 0.5895 0.18733333333333332 0.5955 0.16866666666666666 0.5935 0.15666666666666668 0.5855 0.15066666666666667 0.577 0.152 0.5625 0.162 0.5525 0.17933333333333334 0.5445 0.19533333333333333 0.5325 0.214 0.529
4 0.18466666666666667 0.7585 0.19933333333333333 0.762 0.208 0.7685 0.21533333333333332 0.779 0.20733333333333334 0.794 0.19933333333333333 0.798 0.18733333333333332 0.8005 0.17933333333333334 0.8005 0.16866666666666666 0.797 0.15866666666666668 0.7895 0.15466666666666667 0.7825 0.15466666666666667 0.774 0.16 0.7645 0.16933333333333334 0.759 0.184 0.7585
4 0.186 0.434 0.19733333333333333 0.437 0.20666666666666667 0.4425 0.214 0.453 0.21466666666666667 0.4665 0.20466666666666666 0.478 0.19866666666666666 0.481 0.18333333333333332 0.4835 0.172 0.4825 0.16 0.477 0.15133333333333332 0.4665 0.15 0.4575 0.15266666666666667 0.448 0.162 0.4385 0.172 0.4345 0.18533333333333332 0.434
4 0.186 0.314 0.202 0.3175 0.22 0.317 0.23066666666666666 0.3205 0.242 0.3315 0.24466666666666667 0.346 0.23933333333333334 0.356 0.22733333333333333 0.3635 0.21266666666666667 0.3655 0.20266666666666666 0.3625 0.18133333333333335 0.3665 0.17266666666666666 0.366 0.15733333333333333 0.3595 0.148 0.3485 0.146 0.3375 0.148 0.3285 0.158 0.3185 0.17 0.314 0.18533333333333332 0.314
4 0.19266666666666668 0.6585 0.204 0.663 0.20933333333333334 0.668 0.214 0.679 0.21333333333333335 0.6855 0.2 0.6975 0.17933333333333334 0.7005 0.164 0.696 0.15733333333333333 0.6905 0.15266666666666667 0.6825 0.15333333333333332 0.671 0.16133333333333333 0.6615 0.16933333333333334 0.657 0.192 0.6585
4 0.21733333333333332 0.426 0.228 0.4285 0.24066666666666667 0.438 0.24466666666666667 0.4485 0.242 0.46 0.22733333333333333 0.4705 0.21333333333333335 0.472 0.19933333333333333 0.481 0.18333333333333332 0.484 0.16666666666666666 0.4805 0.154 0.471 0.15 0.461 0.15333333333333332 0.447 0.16266666666666665 0.438 0.17066666666666666 0.4345 0.18933333333333333 0.4325 0.19933333333333333 0.4275 0.21666666666666667 0.426
4 0.218 0.628 0.22666666666666666 0.63 0.24066666666666667 0.6395 0.24333333333333335 0.6445 0.24266666666666667 0.655 0.20733333333333334 0.6925 0.2 0.6975 0.186 0.7005 0.172 0.699 0.15866666666666668 0.692 0.15266666666666667 0.6825 0.15333333333333332 0.6705 0.19333333333333333 0.632 0.20466666666666666 0.628 0.21733333333333332 0.628
4 0.21733333333333332 0.721 0.22933333333333333 0.7255 0.23666666666666666 0.731 0.24133333333333334 0.738 0.24133333333333334 0.745 0.208 0.793 0.19933333333333333 0.798 0.18533333333333332 0.8005 0.16866666666666666 0.797 0.15866666666666668 0.7895 0.154 0.7805 0.156 0.7695 0.188 0.729 0.19733333333333333 0.723 0.21666666666666667 0.721
4 0.19466666666666665 0.55 0.21 0.561 0.21466666666666667 0.576 0.206 0.589 0.18666666666666668 0.5955 0.168 0.593 0.16 0.5885 0.15133333333333332 0.578 0.15066666666666667 0.5675 0.156 0.557 0.16866666666666666 0.55 0.178 0.5475 0.194 0.55
0 0.8153333333333334 0.459 0.828 0.462 0.836 0.467 0.842 0.4735 0.8433333333333334 0.4825 0.8406666666666667 0.4925 0.836 0.4985 0.8273333333333334 0.5045 0.812 0.5085 0.794 0.5065 0.7826666666666666 0.5005 0.7766666666666666 0.492 0.7753333333333333 0.482 0.7813333333333333 0.47 0.7906666666666666 0.4625 0.8033333333333333 0.459 0.8146666666666667 0.459
0 0.7893333333333333 0.6815 0.804 0.6925 0.8073333333333333 0.6995 0.8066666666666666 0.71 0.7986666666666666 0.721 0.7793333333333333 0.7265 0.766 0.7255 0.7526666666666667 0.7205 0.746 0.714 0.744 0.701 0.7486666666666667 0.693 0.7606666666666667 0.684 0.7733333333333333 0.6815 0.7886666666666666 0.6815
0 0.844 0.3385 0.854 0.3435 0.8626666666666667 0.3515 0.864 0.3695 0.856 0.381 0.842 0.3885 0.832 0.3905 0.8126666666666666 0.3885 0.8013333333333333 0.3835 0.7933333333333333 0.3695 0.7933333333333333 0.3585 0.7986666666666666 0.3495 0.8106666666666666 0.3405 0.8273333333333334 0.337 0.8433333333333334 0.3385
0 0.7733333333333333 0.786 0.78 0.7885 0.7873333333333333 0.7965 0.7886666666666666 0.8105 0.7786666666666666 0.8215 0.762 0.8265 0.7453333333333333 0.8255 0.736 0.821 0.7273333333333334 0.8105 0.7266666666666667 0.803 0.7306666666666667 0.7965 0.748 0.7855 0.7726666666666666 0.786
0 0.8046666666666666 0.5745 0.822 0.587 0.824 0.602 0.8206666666666667 0.6095 0.8133333333333334 0.616 0.806 0.6195 0.7933333333333333 0.6215 0.78 0.6205 0.7686666666666667 0.6155 0.7606666666666667 0.606 0.76 0.5945 0.766 0.5845 0.7753333333333333 0.5775 0.7893333333333333 0.574 0.804 0.5745
2 0.2653333333333333 0.6135 0.3973333333333333 0.6195 0.40066666666666667 0.6215 0.398 0.7015 0.39466666666666667 0.717 0.384 0.719 0.33 0.718 0.3 0.715 0.26466666666666666 0.7145 0.25733333333333336 0.7115 0.25733333333333336 0.6225 0.25866666666666666 0.6165 0.26466666666666666 0.614
2 0.45666666666666667 0.39 0.5426666666666666 0.3925 0.5733333333333334 0.397 0.5746666666666667 0.404 0.568 0.456 0.5666666666666667 0.4985 0.5653333333333334 0.503 0.562 0.505 0.498 0.5035 0.456 0.5 0.43133333333333335 0.5005 0.4206666666666667 0.4985 0.41933333333333334 0.4865 0.424 0.394 0.42933333333333334 0.39 0.456 0.39
2 0.4866666666666667 0.51 0.5606666666666666 0.5145 0.564 0.5175 0.556 0.6095 0.5533333333333333 0.6165 0.546 0.618 0.418 0.613 0.4126666666666667 0.61 0.4186666666666667 0.511 0.42133333333333334 0.509 0.43 0.5085 0.486 0.51
2 0.43666666666666665 0.6215 0.5473333333333333 0.626 0.5533333333333333 0.628 0.546 0.7175 0.542 0.725 0.53 0.726 0.41 0.7205 0.4073333333333333 0.719 0.4066666666666667 0.6745 0.41133333333333333 0.6245 0.4146666666666667 0.621 0.436 0.6215
2 0.6126666666666667 0.396 0.6966666666666667 0.398 0.7326666666666667 0.4005 0.7373333333333333 0.4025 0.738 0.425 0.7286666666666667 0.491 0.7253333333333334 0.5085 0.7206666666666667 0.512 0.6153333333333333 0.5085 0.5773333333333334 0.505 0.5766666666666667 0.493 0.5866666666666667 0.4 0.592 0.3955 0.612 0.396
2 0.2833333333333333 0.382 0.3953333333333333 0.3885 0.4013333333333333 0.3875 0.41133333333333333 0.391 0.412 0.436 0.4093333333333333 0.451 0.4086666666666667 0.4945 0.4053333333333333 0.498 0.39666666666666667 0.4985 0.2653333333333333 0.4945 0.2613333333333333 0.492 0.25933333333333336 0.424 0.262 0.3865 0.2673333333333333 0.382 0.2826666666666667 0.382
2 0.29133333333333333 0.502 0.39466666666666667 0.5065 0.4053333333333333 0.5085 0.4066666666666667 0.5185 0.402 0.6065 0.40066666666666667 0.6105 0.3913333333333333 0.6115 0.2793333333333333 0.607 0.26066666666666666 0.604 0.258 0.599 0.25733333333333336 0.536 0.26 0.505 0.26466666666666666 0.502 0.2906666666666667 0.502
2 0.572 0.6275 0.6586666666666666 0.6295 0.7013333333333334 0.6325 0.7073333333333334 0.6345 0.7053333333333334 0.6705 0.6993333333333334 0.712 0.696 0.7305 0.6926666666666667 0.732 0.6086666666666667 0.7305 0.556 0.726 0.5573333333333333 0.6815 0.5633333333333334 0.6325 0.5673333333333334 0.627 0.5713333333333334 0.6275
2 0.5826666666666667 0.5145 0.7133333333333334 0.519 0.722 0.5225 0.722 0.539 0.7113333333333334 0.6175 0.7073333333333334 0.6245 0.6973333333333334 0.6255 0.5666666666666667 0.619 0.5653333333333334 0.608 0.5733333333333334 0.5265 0.5766666666666667 0.5155 0.582 0.5145
1 0.218 0.313 0.31933333333333336 0.317 0.37466666666666665 0.317 0.40066666666666667 0.3195 0.43266666666666664 0.3185 0.48733333333333334 0.3235 0.49266666666666664 0.3215 0.524 0.3225 0.5346666666666666 0.3245 0.5466666666666666 0.3235 0.5633333333333334 0.3265 0.606 0.326 0.6626666666666666 0.33 0.7233333333333334 0.33 0.7613333333333333 0.3335 0.784 0.333 0.794 0.335 0.794 0.338 0.7813333333333333 0.3405 0.768 0.3485 0.7593333333333333 0.3595 0.76 0.368 0.768 0.38 0.7793333333333333 0.387 0.7893333333333333 0.389 0.804 0.3885 0.83 0.3945 0.8306666666666667 0.4035 0.8213333333333334 0.4535 0.8153333333333334 0.457 0.8033333333333333 0.455 0.7873333333333333 0.4485 0.7686666666666667 0.449 0.756 0.4545 0.7486666666666667 0.461 0.7446666666666667 0.468 0.744 0.4755 0.7453333333333333 0.481 0.7593333333333333 0.4915 0.7913333333333333 0.507 0.8133333333333334 0.512 0.8046666666666666 0.5595 0.7993333333333333 0.566 0.778 0.553 0.7593333333333333 0.5505 0.7446666666666667 0.555 0.7286666666666667 0.571 0.7293333333333333 0.5775 0.7346666666666667 0.5865 0.7593333333333333 0.6075 0.7633333333333333 0.6135 0.7746666666666666 0.62 0.7913333333333333 0.624 0.7873333333333333 0.658 0.7826666666666666 0.664 0.7693333333333333 0.653 0.752 0.648 0.742 0.6485 0.726 0.6565 0.7173333333333334 0.6645 0.716 0.6715 0.718 0.68 0.736 0.6995 0.7473333333333333 0.7175 0.7573333333333333 0.7245 0.7733333333333333 0.73 0.7693333333333333 0.757 0.7686666666666667 0.7585 0.7653333333333333 0.756 0.7553333333333333 0.746 0.7353333333333333 0.741 0.722 0.743 0.7113333333333334 0.75 0.704 0.7605 0.7046666666666667 0.769 0.7113333333333334 0.782 0.7106666666666667 0.786 0.7066666666666667 0.787 0.5246666666666666 0.781 0.3606666666666667 0.772 0.33466666666666667 0.773 0.25466666666666665 0.7675 0.23333333333333334 0.764 0.23266666666666666 0.7615 0.24266666666666667 0.7475 0.24333333333333335 0.739 0.23866666666666667 0.73 0.22733333333333333 0.722 0.22 0.719 0.20333333333333334 0.7195 0.19333333333333333 0.7225 0.182 0.7325 0.18066666666666667 0.7315 0.18066666666666667 0.7045 0.18533333333333332 0.702 0.19666666666666666 0.701 0.20866666666666667 0.694 0.22933333333333333 0.6715 0.24333333333333335 0.6605 0.24666666666666667 0.6545 0.246 0.645 0.24266666666666667 0.6395 0.22466666666666665 0.628 0.2 0.6275 0.182 0.6375 0.178 0.63 0.17866666666666667 0.6015 0.18066666666666667 0.5985 0.20266666666666666 0.593 0.23733333333333334 0.568 0.24666666666666667 0.5535 0.24533333333333332 0.547 0.23866666666666667 0.538 0.22133333333333333 0.5285 0.20533333333333334 0.528 0.18266666666666667 0.5385 0.178 0.537 0.18 0.4875 0.20066666666666666 0.482 0.20866666666666667 0.4765 0.23466666666666666 0.4685 0.24266666666666667 0.4625 0.24733333333333332 0.4545 0.24666666666666667 0.444 0.23066666666666666 0.4285 0.22066666666666668 0.4255 0.20266666666666666 0.426 0.18 0.4315 0.17666666666666667 0.4275 0.17733333333333334 0.3695 0.19266666666666668 0.366 0.204 0.3655 0.214 0.3675 0.226 0.3655 0.238 0.3595 0.246 0.349 0.246 0.336 0.238 0.324 0.222 0.315 0.20133333333333334 0.314 0.21733333333333332 0.313
3 0.254 0.3765 0.2673333333333333 0.3755 0.306 0.3785 0.4806666666666667 0.3835 0.5113333333333333 0.3865 0.5653333333333334 0.387 0.6813333333333333 0.393 0.7226666666666667 0.393 0.744 0.395 0.748 0.3975 0.74 0.4635 0.7366666666666667 0.471 0.7353333333333333 0.502 0.722 0.5815 0.7126666666666667 0.6585 0.7073333333333334 0.6815 0.706 0.7095 0.6993333333333334 0.737 0.6746666666666666 0.7375 0.668 0.735 0.6186666666666667 0.735 0.6126666666666667 0.733 0.5946666666666667 0.734 0.526 0.7295 0.42133333333333334 0.727 0.356 0.7225 0.2753333333333333 0.72 0.252 0.7165 0.25066666666666665 0.6215 0.25466666666666665 0.461 0.254 0.377