4 0.3006666666666667 0.3685 0.314 0.372 0.32133333333333336 0.3785 0.324 0.385 0.32 0.398 0.31333333333333335 0.403 0.306 0.4045 0.29533333333333334 0.4045 0.2846666666666667 0.401 0.274 0.39 0.274 0.3835 0.2786666666666667 0.3745 0.28733333333333333 0.3695 0.3 0.3685
4 0.31533333333333335 0.203 0.33 0.2085 0.33866666666666667 0.219 0.3393333333333333 0.2235 0.3353333333333333 0.232 0.32866666666666666 0.2365 0.32133333333333336 0.238 0.312 0.238 0.30333333333333334 0.2355 0.28933333333333333 0.2235 0.292 0.21 0.304 0.2035 0.31466666666666665 0.203
4 0.29333333333333333 0.4545 0.30866666666666664 0.46 0.31466666666666665 0.4665 0.31666666666666665 0.473 0.312 0.485 0.2966666666666667 0.493 0.28933333333333333 0.493 0.27466666666666667 0.488 0.26866666666666666 0.483 0.26466666666666666 0.4745 0.2653333333333333 0.467 0.2753333333333333 0.4585 0.2826666666666667 0.455 0.2926666666666667 0.4545
4 0.2866666666666667 0.543 0.3 0.548 0.30733333333333335 0.5595 0.304 0.5725 0.29733333333333334 0.578 0.2866666666666667 0.582 0.272 0.5815 0.266 0.579 0.258 0.571 0.256 0.5645 0.25666666666666665 0.554 0.2633333333333333 0.548 0.27466666666666667 0.5435 0.286 0.543
4 0.31066666666666665 0.2845 0.32266666666666666 0.289 0.332 0.3 0.32866666666666666 0.313 0.318 0.319 0.2966666666666667 0.3175 0.2906666666666667 0.315 0.2833333333333333 0.3075 0.2833333333333333 0.2965 0.2886666666666667 0.289 0.2966666666666667 0.285 0.31 0.2845
0 0.7073333333333334 0.482 0.72 0.4855 0.7273333333333334 0.4935 0.726 0.5085 0.722 0.5125 0.7126666666666667 0.515 0.6986666666666667 0.514 0.692 0.5085 0.6886666666666666 0.5015 0.6913333333333334 0.4875 0.6986666666666667 0.483 0.7066666666666667 0.482
0 0.7146666666666667 0.4075 0.7253333333333334 0.4145 0.7286666666666667 0.427 0.7246666666666667 0.435 0.714 0.44 0.7013333333333334 0.439 0.6913333333333334 0.4265 0.6913333333333334 0.417 0.694 0.412 0.7033333333333334 0.407 0.714 0.4075
0 0.7133333333333334 0.333 0.7246666666666667 0.3395 0.7293333333333333 0.348 0.7266666666666667 0.36 0.7133333333333334 0.3655 0.706 0.365 0.698 0.361 0.692 0.353 0.6906666666666667 0.3425 0.7006666666666667 0.3345 0.7126666666666667 0.333
0 0.7153333333333334 0.2625 0.7266666666666667 0.2685 0.7313333333333333 0.282 0.728 0.2885 0.7166666666666667 0.294 0.7046666666666667 0.291 0.6986666666666667 0.2865 0.694 0.2775 0.694 0.2695 0.6993333333333334 0.264 0.7053333333333334 0.262 0.7146666666666667 0.2625
0 0.7066666666666667 0.56 0.718 0.5635 0.7253333333333334 0.5735 0.724 0.585 0.7206666666666667 0.589 0.71 0.594 0.694 0.5925 0.6866666666666666 0.581 0.6873333333333334 0.5705 0.6926666666666667 0.5635 0.6973333333333334 0.5605 0.706 0.56
1 0.32666666666666666 0.2085 0.33466666666666667 0.215 0.3406666666666667 0.224 0.3453333333333333 0.2225 0.3586666666666667 0.2235 0.38866666666666666 0.23 0.428 0.234 0.43666666666666665 0.237 0.4826666666666667 0.241 0.49 0.244 0.5026666666666667 0.2445 0.5106666666666667 0.248 0.5266666666666666 0.248 0.5326666666666666 0.251 0.5446666666666666 0.2505 0.56 0.255 0.5693333333333334 0.2545 0.588 0.2585 0.6033333333333334 0.2585 0.6086666666666667 0.261 0.6293333333333333 0.262 0.6326666666666667 0.264 0.6513333333333333 0.2655 0.6533333333333333 0.269 0.6673333333333333 0.269 0.662 0.272 0.6646666666666666 0.274 0.672 0.274 0.6753333333333333 0.2715 0.6786666666666666 0.275 0.682 0.2745 0.6853333333333333 0.272 0.6993333333333334 0.269 0.7013333333333334 0.265 0.714 0.2645 0.724 0.269 0.728 0.279 0.7266666666666667 0.286 0.7226666666666667 0.286 0.7226666666666667 0.2895 0.7106666666666667 0.296 0.71 0.301 0.706 0.301 0.704 0.304 0.7093333333333334 0.307 0.7053333333333334 0.3105 0.7053333333333334 0.3225 0.7086666666666667 0.3245 0.714 0.335 0.7233333333333334 0.3415 0.7266666666666667 0.349 0.7233333333333334 0.359 0.7 0.3725 0.7053333333333334 0.397 0.7026666666666667 0.4045 0.7173333333333334 0.4105 0.7246666666666667 0.4185 0.724 0.432 0.7166666666666667 0.4375 0.706 0.4415 0.7066666666666667 0.446 0.7006666666666667 0.4495 0.7013333333333334 0.4615 0.704 0.466 0.7006666666666667 0.47 0.7033333333333334 0.4765 0.7013333333333334 0.4805 0.712 0.484 0.7133333333333334 0.492 0.7153333333333334 0.491 0.714 0.4875 0.7173333333333334 0.488 0.72 0.493 0.7233333333333334 0.492 0.724 0.504 0.72 0.51 0.702 0.517 0.6986666666666667 0.5215 0.6986666666666667 0.531 0.7026666666666667 0.5285 0.706 0.5325 0.7073333333333334 0.5605 0.72 0.57 0.7173333333333334 0.576 0.72 0.577 0.7213333333333334 0.5815 0.72 0.5845 0.716 0.5845 0.7166666666666667 0.588 0.71 0.592 0.696 0.593 0.6893333333333334 0.5975 0.6706666666666666 0.5965 0.6593333333333333 0.5995 0.654 0.5975 0.6293333333333333 0.5965 0.6226666666666667 0.598 0.6193333333333333 0.6025 0.602 0.597 0.5786666666666667 0.596 0.5673333333333334 0.599 0.556 0.595 0.5493333333333333 0.597 0.5386666666666666 0.5945 0.5246666666666666 0.5945 0.5226666666666666 0.5985 0.5186666666666667 0.595 0.5113333333333333 0.5945 0.5013333333333333 0.5995 0.49133333333333334 0.598 0.486 0.5945 0.472 0.593 0.44266666666666665 0.593 0.43666666666666665 0.5985 0.428 0.599 0.42533333333333334 0.5935 0.414 0.593 0.41133333333333333 0.5975 0.404 0.5915 0.39866666666666667 0.591 0.386 0.5915 0.376 0.5965 0.37266666666666665 0.5965 0.36933333333333335 0.5915 0.36333333333333334 0.5915 0.3626666666666667 0.595 0.35933333333333334 0.5915 0.358 0.595 0.354 0.5955 0.34933333333333333 0.591 0.318 0.5905 0.31333333333333335 0.592 0.31266666666666665 0.595 0.28933333333333333 0.596 0.2886666666666667 0.592 0.2793333333333333 0.587 0.25733333333333336 0.5875 0.25466666666666665 0.591 0.25 0.5915 0.24466666666666667 0.5915 0.23933333333333334 0.5885 0.242 0.585 0.24 0.5815 0.246 0.5535 0.24466666666666667 0.546 0.24066666666666667 0.547 0.23733333333333334 0.539 0.244 0.536 0.242 0.527 0.24533333333333332 0.5225 0.24533333333333332 0.5175 0.242 0.5045 0.24466666666666667 0.5025 0.24466666666666667 0.512 0.24733333333333332 0.5145 0.24866666666666667 0.5135 0.24866666666666667 0.498 0.252 0.4945 0.25133333333333335 0.4905 0.242 0.4875 0.24466666666666667 0.4835 0.252 0.4795 0.256 0.465 0.25533333333333336 0.4525 0.252 0.4475 0.24666666666666667 0.4455 0.24666666666666667 0.4425 0.25533333333333336 0.439 0.252 0.4285 0.25533333333333336 0.428 0.25866666666666666 0.42 0.25866666666666666 0.4005 0.26266666666666666 0.3895 0.266 0.345 0.2713333333333333 0.3185 0.2673333333333333 0.3085 0.25866666666666666 0.31 0.25866666666666666 0.3035 0.2673333333333333 0.3025 0.27 0.3 0.27266666666666667 0.262 0.28 0.223 0.282 0.221 0.29 0.2205 0.2906666666666667 0.213 0.3 0.206 0.31733333333333336 0.205 0.326 0.2085
2 0.3393333333333333 0.3605 0.43133333333333335 0.3695 0.44 0.372 0.442 0.3765 0.438 0.4135 0.43866666666666665 0.435 0.43533333333333335 0.45 0.3626666666666667 0.446 0.3293333333333333 0.442 0.3273333333333333 0.429 0.33 0.3885 0.33266666666666667 0.3655 0.334 0.362 0.33866666666666667 0.3605
2 0.46066666666666667 0.2895 0.528 0.2965 0.5506666666666666 0.302 0.5486666666666666 0.373 0.5446666666666666 0.375 0.48133333333333334 0.37 0.4513333333333333 0.365 0.4533333333333333 0.3025 0.4553333333333333 0.2915 0.46 0.2895
2 0.456 0.4585 0.5406666666666666 0.463 0.5433333333333333 0.4645 0.5446666666666666 0.4825 0.5413333333333333 0.5405 0.536 0.5435 0.446 0.5395 0.43866666666666665 0.537 0.44333333333333336 0.46 0.44866666666666666 0.458 0.4553333333333333 0.4585
2 0.46 0.373 0.54 0.3805 0.548 0.3835 0.5466666666666666 0.445 0.5433333333333333 0.457 0.484 0.455 0.44533333333333336 0.45 0.4493333333333333 0.3765 0.45266666666666666 0.3725 0.4593333333333333 0.373
2 0.576 0.3035 0.6453333333333333 0.3115 0.6506666666666666 0.314 0.6513333333333333 0.37 0.6493333333333333 0.383 0.6466666666666666 0.3855 0.5666666666666667 0.378 0.558 0.3755 0.5593333333333333 0.3085 0.5633333333333334 0.303 0.5753333333333334 0.3035
2 0.3486666666666667 0.274 0.36133333333333334 0.277 0.388 0.2785 0.436 0.285 0.44533333333333336 0.2885 0.44333333333333336 0.3535 0.442 0.363 0.43933333333333335 0.3645 0.33866666666666667 0.355 0.3353333333333333 0.353 0.3373333333333333 0.294 0.3413333333333333 0.2765 0.348 0.274
2 0.572 0.3835 0.6486666666666666 0.3915 0.6493333333333333 0.449 0.648 0.463 0.6446666666666667 0.4655 0.5633333333333334 0.46 0.552 0.4565 0.556 0.3875 0.5606666666666666 0.383 0.5713333333333334 0.3835
2 0.5566666666666666 0.465 0.628 0.4695 0.6466666666666666 0.474 0.646 0.5435 0.642 0.5485 0.5493333333333333 0.5435 0.5513333333333333 0.4735 0.5526666666666666 0.4665 0.556 0.465
3 0.346 0.2695 0.39 0.275 0.404 0.2785 0.4846666666666667 0.2875 0.5 0.291 0.582 0.2995 0.654 0.311 0.6566666666666666 0.3205 0.6493333333333333 0.546 0.6486666666666666 0.5505 0.6413333333333333 0.552 0.46266666666666667 0.546 0.404 0.5415 0.396 0.543 0.33066666666666666 0.54 0.318 0.5385 0.314 0.536 0.318 0.47 0.3233333333333333 0.4405 0.32266666666666666 0.421 0.32466666666666666 0.404 0.3293333333333333 0.3905 0.3273333333333333 0.3725 0.33466666666666667 0.3115 0.33466666666666667 0.273 0.33866666666666667 0.269 0.3453333333333333 0.2695
2 0.3273333333333333 0.4495 0.43066666666666664 0.456 0.436 0.4585 0.43133333333333335 0.5325 0.428 0.5375 0.39266666666666666 0.538 0.32066666666666666 0.535 0.31866666666666665 0.5335 0.31933333333333336 0.498 0.3273333333333333 0.45