4 0.7526666666666667 0.527 0.766 0.5335 0.77 0.5445 0.766 0.554 0.7613333333333333 0.558 0.7506666666666667 0.562 0.736 0.5605 0.73 0.557 0.7246666666666667 0.55 0.724 0.54 0.7273333333333334 0.5335 0.734 0.529 0.7426666666666667 0.5265 0.752 0.527
4 0.5313333333333333 0.6355 0.5426666666666666 0.6435 0.5453333333333333 0.655 0.538 0.665 0.5313333333333333 0.6685 0.522 0.67 0.5133333333333333 0.669 0.5046666666666667 0.665 0.5 0.659 0.49866666666666665 0.6485 0.5013333333333333 0.643 0.5093333333333333 0.6365 0.5186666666666667 0.634 0.5306666666666666 0.6355
4 0.6346666666666667 0.451 0.6406666666666667 0.453 0.648 0.4595 0.6513333333333333 0.471 0.648 0.477 0.6413333333333333 0.482 0.6306666666666667 0.4855 0.6186666666666667 0.485 0.61 0.4805 0.6046666666666667 0.4735 0.604 0.465 0.6073333333333333 0.4585 0.6153333333333333 0.453 0.634 0.451
4 0.846 0.5395 0.8553333333333333 0.5425 0.86 0.547 0.864 0.5535 0.864 0.5595 0.8566666666666667 0.5705 0.8453333333333334 0.5745 0.8346666666666667 0.574 0.824 0.5695 0.818 0.5575 0.82 0.5495 0.8273333333333334 0.5425 0.8366666666666667 0.5395 0.8453333333333334 0.5395
0 0.6266666666666667 0.5455 0.6413333333333333 0.5525 0.646 0.5605 0.646 0.5665 0.6406666666666667 0.575 0.626 0.582 0.616 0.5815 0.6066666666666667 0.5775 0.6006666666666667 0.572 0.598 0.5655 0.5993333333333334 0.5565 0.606 0.5495 0.6146666666666667 0.546 0.626 0.5455
0 0.398 0.3805 0.4073333333333333 0.3835 0.4146666666666667 0.39 0.418 0.4045 0.41 0.413 0.3973333333333333 0.4175 0.3873333333333333 0.417 0.37866666666666665 0.4135 0.37266666666666665 0.4085 0.37 0.4015 0.37 0.3935 0.37333333333333335 0.387 0.38466666666666666 0.382 0.3973333333333333 0.3805
0 0.4 0.465 0.4146666666666667 0.4695 0.422 0.4805 0.422 0.4875 0.4186666666666667 0.4925 0.4086666666666667 0.499 0.40066666666666667 0.501 0.384 0.499 0.37733333333333335 0.495 0.37266666666666665 0.487 0.37333333333333335 0.478 0.37933333333333336 0.47 0.386 0.4665 0.3993333333333333 0.465
0 0.7666666666666667 0.632 0.7806666666666666 0.638 0.7853333333333333 0.6445 0.786 0.6535 0.7793333333333333 0.6625 0.7653333333333333 0.667 0.7513333333333333 0.6655 0.7433333333333333 0.66 0.74 0.6535 0.74 0.646 0.75 0.635 0.766 0.632
0 0.5 0.453 0.514 0.459 0.5186666666666667 0.468 0.5186666666666667 0.474 0.5146666666666667 0.4805 0.5086666666666667 0.485 0.5006666666666667 0.487 0.49133333333333334 0.487 0.4806666666666667 0.484 0.47333333333333333 0.477 0.4713333333333333 0.47 0.4726666666666667 0.463 0.47733333333333333 0.458 0.488 0.453 0.49933333333333335 0.453
1 0.8266666666666667 0.371 0.8366666666666667 0.373 0.8486666666666667 0.3825 0.8486666666666667 0.393 0.844 0.394 0.8413333333333334 0.4255 0.8446666666666667 0.4395 0.8486666666666667 0.4285 0.852 0.441 0.8513333333333334 0.5385 0.8626666666666667 0.553 0.86 0.5645 0.8506666666666667 0.5745 0.8533333333333334 0.58 0.8546666666666667 0.6045 0.854 0.67 0.852 0.679 0.8553333333333333 0.698 0.852 0.7225 0.8426666666666667 0.727 0.8 0.7305 0.7926666666666666 0.734 0.776 0.734 0.7686666666666667 0.732 0.7653333333333333 0.735 0.7573333333333333 0.7355 0.7373333333333333 0.7325 0.7093333333333334 0.7385 0.65 0.738 0.636 0.741 0.6126666666666667 0.74 0.6006666666666667 0.7415 0.584 0.7395 0.5573333333333333 0.743 0.5473333333333333 0.74 0.5293333333333333 0.7445 0.498 0.742 0.496 0.7445 0.488 0.7465 0.46 0.748 0.418 0.7445 0.4106666666666667 0.7445 0.39866666666666667 0.748 0.37933333333333336 0.744 0.36933333333333335 0.7375 0.36866666666666664 0.735 0.36533333333333334 0.7155 0.366 0.6215 0.364 0.5935 0.36666666666666664 0.564 0.3626666666666667 0.563 0.362 0.5545 0.3626666666666667 0.552 0.366 0.5525 0.37066666666666664 0.549 0.366 0.5445 0.3626666666666667 0.546 0.36133333333333334 0.5145 0.362 0.4905 0.364 0.4875 0.35933333333333334 0.4685 0.3586666666666667 0.431 0.35933333333333334 0.411 0.3626666666666667 0.411 0.36133333333333334 0.408 0.36533333333333334 0.4045 0.36733333333333335 0.394 0.36333333333333334 0.3905 0.364 0.3875 0.37333333333333335 0.383 0.394 0.3795 0.406 0.381 0.4146666666666667 0.376 0.4206666666666667 0.3765 0.422 0.3795 0.42333333333333334 0.3765 0.4266666666666667 0.3765 0.43 0.3805 0.43666666666666665 0.381 0.44866666666666666 0.3805 0.44866666666666666 0.3765 0.4513333333333333 0.3755 0.4613333333333333 0.3765 0.46 0.38 0.4633333333333333 0.381 0.474 0.3805 0.47733333333333333 0.378 0.48333333333333334 0.3805 0.49666666666666665 0.3805 0.498 0.379 0.5 0.3805 0.5193333333333333 0.3805 0.526 0.3775 0.5333333333333333 0.3785 0.5393333333333333 0.376 0.556 0.377 0.5606666666666666 0.379 0.62 0.378 0.6253333333333333 0.376 0.668 0.3775 0.6726666666666666 0.3765 0.6713333333333333 0.373 0.6826666666666666 0.3725 0.6946666666666667 0.373 0.6993333333333334 0.376 0.706 0.375 0.7213333333333334 0.377 0.7226666666666667 0.373 0.728 0.3725 0.7346666666666667 0.373 0.7373333333333333 0.377 0.7473333333333333 0.377 0.754 0.373 0.7673333333333333 0.3715 0.816 0.373 0.826 0.371
2 0.7386666666666667 0.5135 0.744 0.5145 0.7666666666666667 0.512 0.776 0.5135 0.78 0.5465 0.7793333333333333 0.5905 0.772 0.594 0.694 0.5955 0.6813333333333333 0.5955 0.6726666666666666 0.592 0.6713333333333333 0.516 0.738 0.5135
2 0.6586666666666666 0.428 0.6613333333333333 0.4315 0.662 0.445 0.662 0.508 0.6373333333333333 0.51 0.5606666666666666 0.511 0.5546666666666666 0.508 0.5533333333333333 0.4305 0.556 0.4285 0.592 0.429 0.622 0.4265 0.658 0.428
2 0.7533333333333333 0.4245 0.7706666666666667 0.425 0.7746666666666666 0.4285 0.7766666666666666 0.468 0.7746666666666666 0.505 0.7613333333333333 0.507 0.696 0.509 0.674 0.5085 0.67 0.5055 0.6693333333333333 0.429 0.6746666666666666 0.427 0.7526666666666667 0.4245
2 0.5426666666666666 0.5165 0.5466666666666666 0.518 0.548 0.5235 0.55 0.597 0.5473333333333333 0.5985 0.502 0.601 0.448 0.6015 0.442 0.6005 0.44 0.594 0.438 0.557 0.438 0.524 0.44 0.5195 0.542 0.5165
2 0.488 0.4285 0.5433333333333333 0.431 0.5473333333333333 0.476 0.5473333333333333 0.5085 0.5433333333333333 0.5115 0.5346666666666666 0.512 0.45866666666666667 0.513 0.44133333333333336 0.513 0.438 0.5095 0.434 0.4355 0.43666666666666665 0.4325 0.44266666666666665 0.431 0.48733333333333334 0.4285
2 0.6446666666666667 0.6015 0.6626666666666666 0.602 0.666 0.6045 0.6673333333333333 0.682 0.6246666666666667 0.686 0.6013333333333334 0.685 0.5846666666666667 0.6865 0.564 0.686 0.56 0.6815 0.558 0.606 0.568 0.604 0.644 0.6015
2 0.6546666666666666 0.5145 0.6613333333333333 0.515 0.6633333333333333 0.5185 0.6646666666666666 0.595 0.578 0.598 0.564 0.598 0.5573333333333333 0.595 0.5553333333333333 0.5605 0.5566666666666666 0.517 0.654 0.5145
2 0.49333333333333335 0.605 0.55 0.6055 0.5526666666666666 0.6845 0.55 0.687 0.5213333333333333 0.689 0.458 0.69 0.44533333333333336 0.69 0.44266666666666665 0.687 0.44133333333333336 0.6095 0.444 0.6075 0.49266666666666664 0.605
2 0.776 0.5985 0.78 0.603 0.7826666666666666 0.6375 0.7706666666666667 0.6325 0.76 0.631 0.7453333333333333 0.6215 0.73 0.6205 0.7193333333333334 0.6265 0.7146666666666667 0.635 0.7146666666666667 0.641 0.7246666666666667 0.651 0.7373333333333333 0.656 0.7533333333333333 0.666 0.7666666666666667 0.667 0.7806666666666666 0.6625 0.7806666666666666 0.6785 0.774 0.6805 0.724 0.681 0.7046666666666667 0.683 0.678 0.683 0.6746666666666666 0.679 0.6726666666666666 0.638 0.6746666666666666 0.6025 0.684 0.6005 0.7753333333333333 0.5985
3 0.7373333333333333 0.4205 0.7773333333333333 0.4205 0.782 0.426 0.7866666666666666 0.635 0.7826666666666666 0.6385 0.78 0.6335 0.78 0.608 0.7753333333333333 0.6005 0.758 0.599 0.744 0.601 0.6813333333333333 0.6015 0.6733333333333333 0.6065 0.6746666666666666 0.677 0.678 0.6815 0.6813333333333333 0.6815 0.6853333333333333 0.68 0.7593333333333333 0.6795 0.7686666666666667 0.676 0.7793333333333333 0.676 0.78 0.664 0.786 0.656 0.7866666666666666 0.683 0.7153333333333334 0.6875 0.6693333333333333 0.687 0.62 0.6905 0.5526666666666666 0.69 0.52 0.6935 0.4633333333333333 0.6945 0.44133333333333336 0.6945 0.438 0.6905 0.42866666666666664 0.428 0.43733333333333335 0.426 0.48333333333333334 0.4245 0.534 0.425 0.5733333333333334 0.423 0.6273333333333333 0.4245 0.7366666666666667 0.4205