4 0.074 0.675 0.08533333333333333 0.6835 0.08866666666666667 0.6955 0.082 0.707 0.06733333333333333 0.711 0.06066666666666667 0.71 0.052 0.703 0.048 0.695 0.048 0.6885 0.05 0.6835 0.058 0.677 0.06333333333333334 0.675 0.07333333333333333 0.675
4 0.082 0.507 0.092 0.5125 0.096 0.5195 0.096 0.5275 0.09 0.539 0.07866666666666666 0.5415 0.06666666666666667 0.54 0.06 0.5365 0.056 0.529 0.056 0.5225 0.059333333333333335 0.515 0.06533333333333333 0.51 0.07266666666666667 0.507 0.08133333333333333 0.507
4 0.07533333333333334 0.59 0.08666666666666667 0.595 0.09133333333333334 0.6015 0.09266666666666666 0.6085 0.092 0.614 0.086 0.6235 0.078 0.626 0.06 0.6235 0.052 0.6135 0.05266666666666667 0.6025 0.05733333333333333 0.595 0.06733333333333333 0.5905 0.07466666666666667 0.59
4 0.09266666666666666 0.345 0.10333333333333333 0.352 0.104 0.366 0.09733333333333333 0.3735 0.08466666666666667 0.3795 0.07266666666666667 0.3765 0.06733333333333333 0.3725 0.064 0.367 0.064 0.359 0.07266666666666667 0.3485 0.082 0.345 0.092 0.345
4 0.18666666666666668 0.5015 0.19333333333333333 0.507 0.19533333333333333 0.5195 0.18933333333333333 0.5305 0.178 0.5355 0.16866666666666666 0.535 0.16 0.529 0.15533333333333332 0.5225 0.15466666666666667 0.5135 0.15733333333333333 0.5075 0.168 0.5015 0.186 0.5015
0 0.42533333333333334 0.4945 0.43933333333333335 0.5025 0.44333333333333336 0.516 0.436 0.527 0.426 0.532 0.4166666666666667 0.5335 0.408 0.533 0.3973333333333333 0.5265 0.3933333333333333 0.5215 0.39266666666666666 0.5105 0.396 0.5025 0.4013333333333333 0.498 0.41133333333333333 0.4945 0.4246666666666667 0.4945
0 0.5193333333333333 0.4165 0.532 0.425 0.534 0.437 0.5293333333333333 0.4465 0.5153333333333333 0.4535 0.504 0.4535 0.49466666666666664 0.451 0.486 0.4425 0.4846666666666667 0.431 0.48733333333333334 0.4245 0.49533333333333335 0.418 0.508 0.415 0.5186666666666667 0.4165
0 0.5126666666666667 0.694 0.5266666666666666 0.701 0.5326666666666666 0.7135 0.526 0.728 0.5193333333333333 0.732 0.506 0.7345 0.494 0.7315 0.488 0.7275 0.482 0.72 0.4806666666666667 0.71 0.4826666666666667 0.703 0.49266666666666664 0.695 0.5013333333333333 0.6925 0.512 0.694
0 0.5133333333333333 0.597 0.526 0.6025 0.5333333333333333 0.6145 0.5333333333333333 0.625 0.53 0.63 0.5253333333333333 0.6335 0.514 0.637 0.502 0.637 0.49266666666666664 0.634 0.48533333333333334 0.6275 0.4826666666666667 0.6205 0.484 0.609 0.48933333333333334 0.603 0.498 0.5985 0.5126666666666667 0.597
0 0.5146666666666667 0.5065 0.5233333333333333 0.509 0.53 0.5145 0.5333333333333333 0.519 0.534 0.528 0.5253333333333333 0.541 0.51 0.5445 0.498 0.5435 0.49066666666666664 0.54 0.4846666666666667 0.5315 0.484 0.523 0.48733333333333334 0.515 0.49466666666666664 0.509 0.5033333333333333 0.5065 0.514 0.5065
1 0.5473333333333333 0.337 0.5533333333333333 0.338 0.5566666666666666 0.3415 0.554 0.4465 0.556 0.4865 0.5553333333333333 0.6235 0.5513333333333333 0.7165 0.5493333333333333 0.721 0.5433333333333333 0.724 0.536 0.724 0.5286666666666666 0.721 0.5153333333333333 0.7315 0.49733333333333335 0.731 0.48333333333333334 0.72 0.43933333333333335 0.72 0.38466666666666666 0.716 0.2673333333333333 0.7125 0.236 0.7095 0.16466666666666666 0.708 0.15933333333333333 0.706 0.11733333333333333 0.703 0.118 0.6995 0.12533333333333332 0.697 0.134 0.6875 0.134 0.675 0.12 0.664 0.11133333333333334 0.6635 0.09466666666666666 0.668 0.09 0.6675 0.09266666666666666 0.628 0.094 0.6245 0.10066666666666667 0.621 0.122 0.6185 0.13266666666666665 0.6135 0.13666666666666666 0.609 0.138 0.599 0.134 0.5915 0.12466666666666666 0.5865 0.106 0.588 0.1 0.5945 0.102 0.5985 0.09866666666666667 0.601 0.08666666666666667 0.592 0.09266666666666666 0.588 0.094 0.5455 0.09866666666666667 0.54 0.104 0.5395 0.10066666666666667 0.5365 0.10333333333333333 0.5355 0.104 0.5295 0.10866666666666666 0.5295 0.10666666666666667 0.54 0.13 0.54 0.14133333333333334 0.529 0.14133333333333334 0.5205 0.132 0.5115 0.11666666666666667 0.511 0.11466666666666667 0.512 0.126 0.5155 0.13133333333333333 0.522 0.12466666666666666 0.522 0.12266666666666666 0.5175 0.12133333333333333 0.521 0.11666666666666667 0.523 0.106 0.525 0.09866666666666667 0.5235 0.09533333333333334 0.53 0.08733333333333333 0.531 0.08466666666666667 0.5345 0.08066666666666666 0.5355 0.086 0.5385 0.08466666666666667 0.5405 0.07333333333333333 0.5395 0.07666666666666666 0.5365 0.07733333333333334 0.5235 0.07533333333333334 0.522 0.06733333333333333 0.523 0.066 0.519 0.07733333333333334 0.513 0.08533333333333333 0.5145 0.08733333333333333 0.512 0.086 0.5085 0.09333333333333334 0.505 0.09 0.4975 0.09266666666666666 0.4965 0.09533333333333334 0.5025 0.09933333333333333 0.4935 0.10266666666666667 0.457 0.10066666666666667 0.413 0.10466666666666667 0.3815 0.11066666666666666 0.381 0.114 0.387 0.118 0.3885 0.13266666666666665 0.3875 0.14133333333333334 0.383 0.14733333333333334 0.373 0.142 0.362 0.124 0.3555 0.17533333333333334 0.35 0.17866666666666667 0.345 0.186 0.345 0.18266666666666667 0.3485 0.18466666666666667 0.3495 0.21666666666666667 0.3495 0.22666666666666666 0.3465 0.24466666666666667 0.348 0.248 0.341 0.252 0.341 0.25266666666666665 0.345 0.256 0.3465 0.2793333333333333 0.347 0.32133333333333336 0.3445 0.32666666666666666 0.341 0.3626666666666667 0.3435 0.37466666666666665 0.3415 0.3913333333333333 0.3425 0.44533333333333336 0.339 0.5466666666666666 0.337
2 0.41 0.3905 0.4806666666666667 0.3895 0.4846666666666667 0.393 0.482 0.4745 0.42333333333333334 0.4765 0.37733333333333335 0.476 0.374 0.474 0.37466666666666665 0.396 0.37866666666666665 0.3925 0.4093333333333333 0.3905
2 0.276 0.5735 0.36133333333333334 0.575 0.36133333333333334 0.646 0.36 0.659 0.356 0.663 0.2733333333333333 0.6615 0.25333333333333335 0.658 0.256 0.577 0.25866666666666666 0.5735 0.2753333333333333 0.5735
2 0.4026666666666667 0.5745 0.4766666666666667 0.5755 0.482 0.578 0.4826666666666667 0.6565 0.4806666666666667 0.6665 0.4746666666666667 0.668 0.38666666666666666 0.6645 0.36933333333333335 0.662 0.37 0.578 0.37333333333333335 0.574 0.402 0.5745
2 0.39466666666666667 0.482 0.482 0.483 0.4846666666666667 0.511 0.4826666666666667 0.52 0.48333333333333334 0.5595 0.482 0.5675 0.47733333333333333 0.5695 0.39266666666666666 0.5685 0.372 0.5665 0.37266666666666665 0.486 0.37733333333333335 0.483 0.394 0.482
2 0.21 0.483 0.24933333333333332 0.484 0.252 0.4865 0.24933333333333332 0.564 0.24733333333333332 0.5665 0.228 0.5675 0.154 0.566 0.14866666666666667 0.564 0.15 0.5375 0.14733333333333334 0.5215 0.15133333333333332 0.487 0.15533333333333332 0.484 0.20933333333333334 0.483
2 0.24866666666666667 0.3955 0.254 0.3975 0.25533333333333336 0.401 0.25266666666666665 0.4745 0.24866666666666667 0.478 0.21066666666666667 0.4795 0.15333333333333332 0.4775 0.152 0.455 0.156 0.4015 0.16 0.398 0.16866666666666666 0.397 0.248 0.3955
2 0.3626666666666667 0.393 0.36666666666666664 0.3955 0.36533333333333334 0.4735 0.35933333333333334 0.477 0.32133333333333336 0.478 0.262 0.477 0.26 0.4655 0.26266666666666666 0.3975 0.2653333333333333 0.395 0.2806666666666667 0.394 0.362 0.393
2 0.24533333333333332 0.5735 0.248 0.574 0.24933333333333332 0.5775 0.24666666666666667 0.6555 0.24133333333333334 0.659 0.23 0.6595 0.178 0.6595 0.144 0.6555 0.14666666666666667 0.575 0.15 0.572 0.24466666666666667 0.5735
2 0.31466666666666665 0.483 0.3626666666666667 0.483 0.36466666666666664 0.485 0.3626666666666667 0.5655 0.3586666666666667 0.568 0.3473333333333333 0.5685 0.2733333333333333 0.568 0.25933333333333336 0.566 0.256 0.563 0.26 0.4855 0.262 0.4835 0.26866666666666666 0.483 0.314 0.483
3 0.48733333333333334 0.384 0.492 0.387 0.492 0.417 0.484 0.425 0.4826666666666667 0.394 0.48 0.3915 0.388 0.393 0.38 0.395 0.37533333333333335 0.4015 0.374 0.4685 0.376 0.475 0.4786666666666667 0.475 0.482 0.473 0.48333333333333334 0.4415 0.49066666666666664 0.4535 0.49 0.504 0.484 0.516 0.48133333333333334 0.515 0.4826666666666667 0.4875 0.48 0.483 0.42133333333333334 0.484 0.4186666666666667 0.487 0.4206666666666667 0.491 0.4066666666666667 0.4925 0.40066666666666667 0.495 0.402 0.491 0.3973333333333333 0.4835 0.38 0.483 0.37466666666666665 0.4875 0.372 0.5025 0.37133333333333335 0.5645 0.37333333333333335 0.5665 0.4746666666666667 0.569 0.4806666666666667 0.5655 0.4826666666666667 0.546 0.484 0.544 0.4886666666666667 0.546 0.4886666666666667 0.5925 0.484 0.6025 0.482 0.581 0.47733333333333333 0.577 0.4146666666666667 0.5765 0.3933333333333333 0.5745 0.37333333333333335 0.5765 0.37133333333333335 0.58 0.36866666666666664 0.6235 0.37066666666666664 0.637 0.36866666666666664 0.6575 0.37066666666666664 0.661 0.3893333333333333 0.6635 0.3933333333333333 0.662 0.4186666666666667 0.662 0.45466666666666666 0.666 0.47733333333333333 0.6655 0.4806666666666667 0.663 0.482 0.6575 0.482 0.63 0.484 0.6295 0.488 0.6365 0.48733333333333334 0.669 0.4846666666666667 0.671 0.4666666666666667 0.6715 0.4573333333333333 0.6695 0.43533333333333335 0.6705 0.36 0.666 0.29 0.6655 0.2773333333333333 0.663 0.20666666666666667 0.663 0.18533333333333332 0.6615 0.182 0.6595 0.154 0.661 0.14 0.658 0.14 0.6125 0.14733333333333334 0.5275 0.14666666666666667 0.477 0.15 0.4425 0.15 0.4 0.154 0.394 0.164 0.393 0.4866666666666667 0.384