0 0.28875 0.395 0.29625 0.4033333333333333 0.29875 0.41 0.29875 0.43 0.29375 0.43833333333333335 0.285 0.44333333333333336 0.27375 0.44333333333333336 0.26625 0.43833333333333335 0.26 0.4266666666666667 0.26 0.41 0.26375 0.4 0.2725 0.3933333333333333 0.2875 0.395
0 0.39375 0.53 0.4 0.5383333333333333 0.40125 0.56 0.3975 0.5716666666666667 0.3875 0.58 0.37875 0.58 0.3725 0.5766666666666667 0.36375 0.5633333333333334 0.3625 0.5466666666666666 0.365 0.5383333333333333 0.375 0.5283333333333333 0.3875 0.5266666666666666 0.3925 0.53
0 0.275 0.525 0.2875 0.5166666666666667 0.29875 0.5166666666666667 0.3025 0.5183333333333333 0.31 0.5283333333333333 0.3125 0.5383333333333333 0.3125 0.545 0.30875 0.5566666666666666 0.29625 0.5666666666666667 0.285 0.5666666666666667 0.28 0.5633333333333334 0.2725 0.55 0.2725 0.53 0.275 0.5266666666666666
0 0.26625 0.26666666666666666 0.28 0.2733333333333333 0.285 0.2816666666666667 0.28625 0.29333333333333333 0.28375 0.30666666666666664 0.28 0.315 0.2725 0.32 0.26 0.31833333333333336 0.25125 0.31333333333333335 0.245 0.3 0.245 0.2866666666666667 0.24875 0.27666666666666667 0.2575 0.2683333333333333 0.265 0.26666666666666666
0 0.485 0.5033333333333333 0.495 0.5133333333333333 0.4975 0.52 0.4975 0.5366666666666666 0.48875 0.5516666666666666 0.4825 0.555 0.46875 0.5533333333333333 0.46125 0.545 0.45875 0.535 0.45875 0.5216666666666666 0.46125 0.5133333333333333 0.4675 0.505 0.47625 0.5016666666666667 0.48375 0.5033333333333333
4 0.4825 0.365 0.48875 0.37666666666666665 0.48875 0.39666666666666667 0.48125 0.4083333333333333 0.475 0.4116666666666667 0.46875 0.4116666666666667 0.45625 0.4033333333333333 0.45125 0.3933333333333333 0.45 0.38333333333333336 0.45375 0.37 0.46375 0.36 0.475 0.36 0.48125 0.365
4 0.65125 0.20833333333333334 0.6625 0.22 0.665 0.22666666666666666 0.665 0.23666666666666666 0.66125 0.25 0.6575 0.255 0.64875 0.26 0.64 0.26 0.62875 0.25333333333333335 0.62375 0.24 0.62375 0.22666666666666666 0.62875 0.215 0.63375 0.21 0.64 0.20666666666666667 0.65 0.20833333333333334
4 0.6125 0.6183333333333333 0.61875 0.6283333333333333 0.61875 0.6516666666666666 0.6125 0.6616666666666666 0.60625 0.665 0.59625 0.665 0.59 0.6616666666666666 0.58375 0.6516666666666666 0.5825 0.635 0.585 0.6266666666666667 0.59375 0.6166666666666667 0.60625 0.615 0.61125 0.6183333333333333
4 0.66 0.33666666666666667 0.67125 0.345 0.675 0.36666666666666664 0.6725 0.375 0.66625 0.38333333333333336 0.65875 0.38666666666666666 0.64625 0.38666666666666666 0.64125 0.38333333333333336 0.635 0.37 0.635 0.355 0.64 0.3433333333333333 0.6475 0.33666666666666667 0.65875 0.33666666666666667
2 0.42875 0.5866666666666667 0.4325 0.5966666666666667 0.435 0.6183333333333333 0.44125 0.7033333333333334 0.43875 0.7066666666666667 0.4325 0.7083333333333334 0.36375 0.72 0.355 0.72 0.35125 0.7166666666666667 0.34375 0.6666666666666666 0.34375 0.64 0.34 0.6216666666666667 0.34 0.6016666666666667 0.34625 0.5983333333333334 0.4275 0.5866666666666667
2 0.605 0.2916666666666667 0.61 0.3016666666666667 0.61 0.325 0.6125 0.33666666666666667 0.6175 0.4033333333333333 0.61625 0.41333333333333333 0.6125 0.4166666666666667 0.60375 0.41833333333333333 0.545 0.425 0.535 0.42833333333333334 0.5275 0.42833333333333334 0.52375 0.42333333333333334 0.51625 0.34833333333333333 0.51625 0.33 0.51375 0.31833333333333336 0.515 0.30666666666666664 0.555 0.2966666666666667 0.60375 0.2916666666666667
2 0.53 0.5733333333333334 0.5325 0.5883333333333334 0.53375 0.6216666666666667 0.53625 0.63 0.54 0.6883333333333334 0.5375 0.6916666666666667 0.5275 0.695 0.5 0.6966666666666667 0.47125 0.7033333333333334 0.45 0.7016666666666667 0.44125 0.63 0.43875 0.6 0.44 0.5883333333333334 0.44625 0.5833333333333334 0.48125 0.5766666666666667 0.4925 0.5766666666666667 0.51375 0.5716666666666667 0.52875 0.5733333333333334
2 0.405 0.3233333333333333 0.4075 0.33 0.40875 0.355 0.41125 0.365 0.41125 0.38166666666666665 0.4175 0.435 0.41625 0.445 0.3375 0.46 0.32625 0.46 0.3225 0.455 0.3225 0.43666666666666665 0.31625 0.405 0.315 0.37333333333333335 0.3125 0.3616666666666667 0.3125 0.33666666666666667 0.31625 0.3333333333333333 0.355 0.33 0.3875 0.3233333333333333 0.40375 0.3233333333333333
2 0.5775 0.49333333333333335 0.1025 0.13666666666666666
2 0.3375 0.59 0.335 0.5783333333333334 0.33625 0.5733333333333334 0.33375 0.5466666666666666 0.33 0.5283333333333333 0.32625 0.47 0.36125 0.46166666666666667 0.4125 0.455 0.41625 0.455 0.41875 0.4583333333333333 0.42125 0.4716666666666667 0.425 0.5083333333333333 0.425 0.5283333333333333 0.43 0.5633333333333334 0.42875 0.5766666666666667 0.3975 0.5816666666666667 0.39 0.585 0.3825 0.5833333333333334 0.365 0.5883333333333334 0.3525 0.5883333333333334 0.3425 0.5916666666666667 0.33875 0.59
2 0.62875 0.5583333333333333 0.63125 0.5916666666666667 0.63375 0.5966666666666667 0.63375 0.625 0.635 0.6333333333333333 0.6375 0.6366666666666667 0.63875 0.65 0.63875 0.675 0.63625 0.6783333333333333 0.6275 0.68 0.615 0.68 0.55625 0.69 0.54875 0.6883333333333334 0.545 0.6683333333333333 0.54375 0.6433333333333333 0.53875 0.6066666666666667 0.53875 0.5716666666666667 0.54375 0.5683333333333334 0.58 0.5633333333333334 0.58875 0.56 0.6075 0.56 0.6175 0.5566666666666666 0.6275 0.5583333333333333
2 0.50125 0.30666666666666664 0.5075 0.31166666666666665 0.50875 0.32166666666666666 0.50875 0.3433333333333333 0.5125 0.36333333333333334 0.51625 0.42833333333333334 0.51375 0.43166666666666664 0.48 0.435 0.4375 0.44333333333333336 0.42625 0.44333333333333336 0.42375 0.43833333333333335 0.41875 0.37666666666666665 0.41375 0.3433333333333333 0.41375 0.3233333333333333 0.42125 0.31833333333333336 0.465 0.31 0.5 0.30666666666666664
2 0.515 0.44 0.51875 0.44333333333333336 0.52 0.4533333333333333 0.52875 0.5583333333333333 0.525 0.5633333333333334 0.50125 0.565 0.47125 0.5716666666666667 0.455 0.5716666666666667 0.44625 0.575 0.43875 0.575 0.43625 0.5683333333333334 0.42625 0.47333333333333333 0.42625 0.45666666666666667 0.43 0.4533333333333333 0.47 0.445 0.51375 0.44166666666666665
1 0.6475 0.20833333333333334 0.655 0.21166666666666667 0.66125 0.22 0.66375 0.23333333333333334 0.6625 0.24333333333333335 0.65875 0.25166666666666665 0.65875 0.25833333333333336 0.66375 0.2783333333333333 0.66625 0.33166666666666667 0.6725 0.355 0.6725 0.37333333333333335 0.67 0.39 0.6725 0.4033333333333333 0.6725 0.425 0.68375 0.545 0.6875 0.62 0.695 0.6966666666666667 0.695 0.7333333333333333 0.6925 0.7366666666666667 0.685 0.7383333333333333 0.49625 0.765 0.4425 0.775 0.39875 0.78 0.39 0.7833333333333333 0.3325 0.79 0.3225 0.7933333333333333 0.305 0.7933333333333333 0.3025 0.7866666666666666 0.29875 0.735 0.29375 0.7033333333333334 0.2925 0.675 0.28375 0.6083333333333333 0.28125 0.5733333333333334 0.2725 0.5383333333333333 0.275 0.5266666666666666 0.275 0.5083333333333333 0.27 0.4766666666666667 0.26875 0.44166666666666665 0.26125 0.42833333333333334 0.2625 0.39666666666666667 0.25875 0.3566666666666667 0.25375 0.32 0.24625 0.3016666666666667 0.24625 0.285 0.24875 0.275 0.2575 0.2683333333333333 0.275 0.26666666666666666 0.2825 0.2633333333333333 0.32875 0.25833333333333336 0.43625 0.24 0.44875 0.24 0.485 0.23166666666666666 0.52875 0.22666666666666666 0.61 0.21166666666666667 0.63375 0.21166666666666667 0.64625 0.20833333333333334
3 0.61125 0.285 0.61625 0.31666666666666665 0.62125 0.4033333333333333 0.63 0.4866666666666667 0.63375 0.54 0.6325 0.5566666666666666 0.635 0.5616666666666666 0.635 0.5766666666666667 0.63875 0.595 0.6375 0.6066666666666667 0.64 0.615 0.63875 0.6233333333333333 0.6425 0.655 0.64125 0.68 0.60625 0.6883333333333334 0.58 0.69 0.53125 0.7 0.5175 0.7 0.43 0.715 0.4025 0.7166666666666667 0.395 0.72 0.36 0.725 0.34875 0.725 0.345 0.7166666666666667 0.3375 0.6266666666666667 0.33375 0.605 0.33375 0.59 0.32875 0.5566666666666666 0.32875 0.545 0.32625 0.5366666666666666 0.3275 0.5283333333333333 0.32125 0.48 0.32125 0.4633333333333333 0.315 0.43 0.31375 0.4066666666666667 0.31625 0.40166666666666667 0.3125 0.395 0.31125 0.38666666666666666 0.3075 0.33166666666666667 0.31375 0.3283333333333333 0.37625 0.32 0.38 0.31666666666666665 0.39875 0.31666666666666665 0.40625 0.31333333333333335 0.44125 0.31 0.49 0.3 0.5625 0.2916666666666667 0.58875 0.285 0.61 0.285