1 0.65625 0.23333333333333334 0.665 0.24 0.66875 0.24666666666666667 0.6675 0.26666666666666666 0.66 0.2783333333333333 0.665 0.285 0.665 0.30666666666666664 0.66875 0.33 0.66875 0.34833333333333333 0.67375 0.355 0.6775 0.36833333333333335 0.6775 0.38333333333333336 0.67 0.39666666666666667 0.675 0.4116666666666667 0.67625 0.42333333333333334 0.675 0.44 0.6775 0.4866666666666667 0.68 0.49833333333333335 0.67875 0.5033333333333333 0.685 0.5666666666666667 0.69125 0.6883333333333334 0.69625 0.7333333333333333 0.695 0.7783333333333333 0.69 0.7816666666666666 0.62375 0.785 0.53 0.795 0.45375 0.7983333333333333 0.29 0.8133333333333334 0.2825 0.8133333333333334 0.27625 0.8083333333333333 0.27625 0.7883333333333333 0.27375 0.775 0.27375 0.68 0.27 0.5616666666666666 0.27125 0.5283333333333333 0.26875 0.47333333333333333 0.27 0.45666666666666667 0.2675 0.43666666666666665 0.26875 0.37333333333333335 0.265 0.34 0.265 0.26 0.2775 0.24833333333333332 0.28875 0.24833333333333332 0.29375 0.25166666666666665 0.30375 0.26666666666666666 0.415 0.26 0.4575 0.26 0.5175 0.255 0.57125 0.255 0.59125 0.25166666666666665 0.63125 0.25333333333333335 0.63625 0.24166666666666667 0.64375 0.23333333333333334 0.655 0.23333333333333334
0 0.29125 0.365 0.2975 0.36833333333333335 0.3025 0.375 0.30625 0.39 0.3025 0.4083333333333333 0.295 0.41333333333333333 0.2775 0.41333333333333333 0.27125 0.4066666666666667 0.2675 0.3983333333333333 0.26875 0.37666666666666665 0.2775 0.36666666666666664 0.29 0.365
0 0.38375 0.5066666666666667 0.38875 0.51 0.39375 0.5183333333333333 0.39625 0.5366666666666666 0.39375 0.5466666666666666 0.38875 0.555 0.37625 0.56 0.36625 0.5583333333333333 0.35875 0.5483333333333333 0.355 0.53 0.35875 0.5166666666666667 0.365 0.5083333333333333 0.3725 0.505 0.3825 0.5066666666666667
0 0.295 0.49 0.30125 0.49333333333333335 0.30625 0.5016666666666667 0.31 0.5216666666666666 0.30875 0.5283333333333333 0.30375 0.5366666666666666 0.2925 0.5433333333333333 0.28375 0.5433333333333333 0.2725 0.5333333333333333 0.26875 0.5216666666666666 0.26875 0.5083333333333333 0.27125 0.5 0.27875 0.49166666666666664 0.29375 0.49
0 0.2925 0.24833333333333332 0.3 0.25666666666666665 0.30125 0.28 0.29625 0.29 0.2825 0.295 0.2725 0.29333333333333333 0.26625 0.2866666666666667 0.2625 0.275 0.2625 0.265 0.265 0.25666666666666665 0.2725 0.24833333333333332 0.29125 0.24833333333333332
0 0.48375 0.495 0.48875 0.5 0.4925 0.5083333333333333 0.49375 0.5233333333333333 0.49125 0.5333333333333333 0.48125 0.5433333333333333 0.4625 0.5433333333333333 0.45375 0.5266666666666666 0.45375 0.5116666666666667 0.45625 0.5033333333333333 0.46375 0.49333333333333335 0.4775 0.49166666666666664 0.4825 0.495
4 0.47875 0.35 0.485 0.35333333333333333 0.49375 0.37 0.49375 0.38166666666666665 0.49 0.3933333333333333 0.48125 0.4 0.465 0.3983333333333333 0.455 0.38333333333333336 0.455 0.37 0.45875 0.35833333333333334 0.465 0.3516666666666667 0.4775 0.35
4 0.66125 0.23166666666666666 0.67125 0.245 0.6725 0.25666666666666665 0.6675 0.27166666666666667 0.6625 0.27666666666666667 0.655 0.2783333333333333 0.645 0.27666666666666667 0.63625 0.26666666666666666 0.63375 0.26 0.63375 0.245 0.6425 0.23 0.655 0.22833333333333333 0.66 0.23166666666666666
4 0.6 0.62 0.61 0.6266666666666667 0.61375 0.635 0.615 0.6483333333333333 0.61125 0.665 0.59875 0.6733333333333333 0.59 0.6733333333333333 0.58125 0.6683333333333333 0.575 0.6483333333333333 0.5775 0.63 0.58125 0.625 0.59 0.62 0.59875 0.62
4 0.6675 0.34833333333333333 0.6725 0.3516666666666667 0.67875 0.36333333333333334 0.68 0.38333333333333336 0.6725 0.395 0.66625 0.3983333333333333 0.655 0.3983333333333333 0.65 0.395 0.6425 0.38166666666666665 0.6425 0.36333333333333334 0.64625 0.355 0.655 0.34833333333333333 0.66625 0.34833333333333333
2 0.3775 0.595 0.38625 0.5966666666666667 0.42125 0.5933333333333334 0.4275 0.5966666666666667 0.43125 0.7183333333333334 0.42625 0.7233333333333334 0.41875 0.725 0.36 0.73 0.33375 0.7283333333333334 0.33125 0.6733333333333333 0.3325 0.64 0.33 0.6083333333333333 0.33375 0.5983333333333334 0.35 0.6 0.36125 0.5966666666666667 0.36875 0.5983333333333334 0.37625 0.595
2 0.60875 0.31833333333333336 0.61375 0.3233333333333333 0.61625 0.3333333333333333 0.6175 0.37 0.62 0.37833333333333335 0.62 0.43833333333333335 0.55 0.44333333333333336 0.52875 0.44166666666666665 0.52375 0.365 0.525 0.3233333333333333 0.55875 0.32166666666666666 0.5725 0.31833333333333336 0.6075 0.31833333333333336
2 0.50625 0.5866666666666667 0.525 0.5866666666666667 0.53 0.5933333333333334 0.535 0.7083333333333334 0.5325 0.7133333333333334 0.52375 0.7166666666666667 0.49375 0.72 0.485 0.7183333333333334 0.4675 0.7216666666666667 0.4425 0.7216666666666667 0.44 0.7166666666666667 0.435 0.5983333333333334 0.44125 0.5933333333333334 0.4575 0.59 0.48625 0.59 0.505 0.5866666666666667
2 0.52125 0.455 0.52375 0.46 0.52875 0.5733333333333334 0.52375 0.5783333333333334 0.4575 0.5833333333333334 0.43625 0.5833333333333334 0.43375 0.58 0.42875 0.4766666666666667 0.43 0.46 0.43875 0.45666666666666667 0.45375 0.4583333333333333 0.48 0.455 0.52 0.455
2 0.32625 0.455 0.32375 0.43166666666666664 0.32125 0.335 0.3575 0.33 0.415 0.33 0.4175 0.33666666666666667 0.41875 0.355 0.4225 0.44166666666666665 0.41875 0.45 0.33625 0.45666666666666667 0.3275 0.455
2 0.61875 0.4483333333333333 0.6225 0.4533333333333333 0.625 0.47 0.62375 0.48333333333333334 0.6275 0.51 0.62625 0.5266666666666666 0.63 0.5683333333333334 0.625 0.5716666666666667 0.61375 0.5733333333333334 0.5775 0.5733333333333334 0.55 0.5766666666666667 0.53875 0.5766666666666667 0.53625 0.5716666666666667 0.53 0.45666666666666667 0.5325 0.4533333333333333 0.54125 0.45166666666666666 0.6175 0.4483333333333333
2 0.42125 0.46 0.42375 0.48833333333333334 0.42625 0.5816666666666667 0.4225 0.585 0.39625 0.585 0.3375 0.5916666666666667 0.33375 0.5916666666666667 0.33125 0.5866666666666667 0.3275 0.5416666666666666 0.32875 0.5183333333333333 0.32625 0.4666666666666667 0.33375 0.4633333333333333 0.35 0.46166666666666667 0.4025 0.4583333333333333 0.42 0.46
2 0.6275 0.5816666666666667 0.63125 0.5883333333333334 0.63375 0.6316666666666667 0.6375 0.645 0.63875 0.705 0.63625 0.7083333333333334 0.6275 0.71 0.56125 0.715 0.54625 0.715 0.5425 0.7116666666666667 0.5425 0.6766666666666666 0.54 0.665 0.54 0.635 0.5375 0.6116666666666667 0.53875 0.5883333333333334 0.54125 0.585 0.55375 0.5833333333333334 0.5675 0.585 0.5875 0.5816666666666667 0.62625 0.5816666666666667
2 0.515 0.325 0.52125 0.40166666666666667 0.52125 0.44 0.5175 0.445 0.46875 0.4483333333333333 0.4275 0.44666666666666666 0.4275 0.4083333333333333 0.425 0.39166666666666666 0.425 0.3566666666666667 0.4225 0.3333333333333333 0.4275 0.32666666666666666 0.4625 0.32666666666666666 0.47375 0.3233333333333333 0.51375 0.325
3 0.3575 0.325 0.36625 0.32666666666666666 0.38 0.3233333333333333 0.4275 0.3233333333333333 0.44 0.32 0.4825 0.32 0.49 0.31666666666666665 0.5375 0.31666666666666665 0.5625 0.31333333333333335 0.61625 0.31333333333333335 0.61875 0.31666666666666665 0.6225 0.3466666666666667 0.625 0.41333333333333333 0.6325 0.49833333333333335 0.6325 0.5283333333333333 0.63625 0.585 0.635 0.5916666666666667 0.64125 0.6383333333333333 0.64375 0.7066666666666667 0.64 0.7133333333333334 0.635 0.715 0.615 0.715 0.6025 0.7183333333333334 0.5725 0.7183333333333334 0.55125 0.7216666666666667 0.5425 0.72 0.50875 0.725 0.50125 0.7233333333333334 0.4825 0.7266666666666667 0.35 0.735 0.33 0.7333333333333333 0.32375 0.545 0.32875 0.545 0.33125 0.585 0.335 0.59 0.375 0.59 0.38 0.5866666666666667 0.4175 0.585 0.42375 0.5833333333333334 0.4275 0.5766666666666667 0.42375 0.5283333333333333 0.425 0.5183333333333333 0.4225 0.465 0.41875 0.4583333333333333 0.35125 0.46166666666666667 0.33 0.465 0.32625 0.4716666666666667 0.32875 0.4766666666666667 0.32875 0.5283333333333333 0.3275 0.53 0.32625 0.525 0.32375 0.5233333333333333 0.32375 0.4633333333333333 0.32 0.4533333333333333 0.31875 0.4266666666666667 0.32 0.40166666666666667 0.3175 0.33 0.32 0.32666666666666666 0.35625 0.325