0 0.35875 0.37666666666666665 0.365 0.37833333333333335 0.37375 0.3883333333333333 0.37375 0.4066666666666667 0.37125 0.4166666666666667 0.36375 0.42333333333333334 0.35375 0.42333333333333334 0.345 0.4116666666666667 0.34375 0.40166666666666667 0.34625 0.38666666666666666 0.35125 0.38 0.3575 0.37833333333333335
0 0.36625 0.49166666666666664 0.37125 0.5 0.3725 0.5116666666666667 0.36875 0.5266666666666666 0.36375 0.5316666666666666 0.3475 0.53 0.34125 0.5166666666666667 0.34125 0.5033333333333333 0.34375 0.49666666666666665 0.35125 0.48833333333333334 0.36 0.48833333333333334 0.365 0.49166666666666664
0 0.36875 0.27166666666666667 0.37625 0.28 0.37625 0.2866666666666667 0.37375 0.30666666666666664 0.3675 0.315 0.35375 0.31333333333333335 0.3475 0.30666666666666664 0.345 0.3 0.345 0.2866666666666667 0.35125 0.2733333333333333 0.3575 0.27 0.3675 0.27166666666666667
0 0.50375 0.5016666666666667 0.515 0.5083333333333333 0.51875 0.5183333333333333 0.51875 0.5283333333333333 0.515 0.5433333333333333 0.50875 0.5483333333333333 0.50125 0.55 0.4925 0.5483333333333333 0.485 0.5433333333333333 0.4825 0.5316666666666666 0.4825 0.5183333333333333 0.485 0.51 0.49 0.5033333333333333 0.5025 0.5016666666666667
0 0.4325 0.5133333333333333 0.43625 0.5233333333333333 0.43625 0.5366666666666666 0.43375 0.545 0.4275 0.5533333333333333 0.4225 0.555 0.415 0.555 0.40625 0.5483333333333333 0.4025 0.5316666666666666 0.40375 0.5216666666666666 0.41375 0.5083333333333333 0.425 0.5083333333333333 0.43125 0.5133333333333333
4 0.6975 0.36666666666666664 0.70625 0.37833333333333335 0.7075 0.3933333333333333 0.7025 0.4066666666666667 0.69375 0.415 0.68 0.415 0.67125 0.41 0.66875 0.4033333333333333 0.6675 0.385 0.67125 0.37333333333333335 0.68 0.365 0.68875 0.36333333333333334 0.69625 0.36666666666666664
4 0.695 0.23666666666666666 0.70375 0.24333333333333335 0.70875 0.26166666666666666 0.705 0.27666666666666667 0.69125 0.28833333333333333 0.6825 0.28833333333333333 0.67375 0.2833333333333333 0.67 0.2783333333333333 0.6675 0.27166666666666667 0.6675 0.255 0.67125 0.24666666666666667 0.6775 0.24 0.685 0.23666666666666666 0.69375 0.23666666666666666
4 0.5875 0.6783333333333333 0.5825 0.6683333333333333 0.5825 0.65 0.59 0.6366666666666667 0.5975 0.6333333333333333 0.60625 0.6333333333333333 0.61375 0.64 0.61875 0.6533333333333333 0.61875 0.6733333333333333 0.615 0.68 0.605 0.685 0.59375 0.6833333333333333 0.58875 0.6783333333333333
4 0.5075 0.365 0.51875 0.37 0.525 0.38 0.525 0.3983333333333333 0.52125 0.4083333333333333 0.51625 0.41333333333333333 0.5025 0.41333333333333333 0.495 0.4083333333333333 0.49 0.3983333333333333 0.48875 0.39 0.4925 0.37666666666666665 0.5 0.36833333333333335 0.50625 0.36666666666666664
1 0.695 0.24 0.70375 0.245 0.72125 0.24166666666666667 0.7275 0.24666666666666667 0.7275 0.4633333333333333 0.725 0.52 0.72625 0.5766666666666667 0.72375 0.7183333333333334 0.725 0.745 0.72375 0.7866666666666666 0.72 0.795 0.70375 0.795 0.685 0.79 0.665 0.79 0.63 0.7833333333333333 0.55875 0.7766666666666666 0.4825 0.765 0.46375 0.765 0.365 0.75 0.3625 0.7466666666666667 0.3625 0.7083333333333334 0.365 0.6533333333333333 0.36375 0.6266666666666667 0.36625 0.535 0.36375 0.5316666666666666 0.34625 0.525 0.34375 0.5166666666666667 0.345 0.49833333333333335 0.355 0.49 0.3625 0.49 0.36625 0.485 0.3675 0.47333333333333333 0.36625 0.435 0.36375 0.43166666666666664 0.36375 0.4266666666666667 0.35375 0.4216666666666667 0.345 0.4066666666666667 0.34875 0.38666666666666666 0.355 0.38 0.365 0.38 0.3675 0.37666666666666665 0.36875 0.32 0.36375 0.315 0.35625 0.31333333333333335 0.3475 0.30333333333333334 0.3475 0.28833333333333333 0.3525 0.27666666666666667 0.3625 0.2733333333333333 0.37875 0.28 0.38625 0.28 0.4 0.275 0.4325 0.2733333333333333 0.46 0.2683333333333333 0.50125 0.26666666666666666 0.53625 0.26 0.55625 0.26 0.58125 0.255 0.64 0.25 0.65 0.24666666666666667 0.67125 0.24833333333333332 0.68 0.24333333333333335 0.68875 0.245 0.69 0.24166666666666667 0.69375 0.24
2 0.4125 0.5783333333333334 0.45625 0.5816666666666667 0.465 0.58 0.48125 0.5833333333333334 0.48125 0.6916666666666667 0.4775 0.6966666666666667 0.44 0.6966666666666667 0.40625 0.6916666666666667 0.40375 0.6233333333333333 0.40625 0.6166666666666667 0.40625 0.5816666666666667 0.41125 0.5783333333333334
2 0.46375 0.45666666666666667 0.48375 0.46 0.48375 0.5083333333333333 0.48 0.5233333333333333 0.4825 0.545 0.4825 0.5683333333333334 0.48 0.5716666666666667 0.43 0.5716666666666667 0.41 0.57 0.40625 0.5666666666666667 0.40625 0.5516666666666666 0.41375 0.555 0.425 0.555 0.43125 0.55 0.43625 0.5383333333333333 0.435 0.52 0.42875 0.51 0.41625 0.5066666666666667 0.4075 0.515 0.405 0.5116666666666667 0.4075 0.505 0.40875 0.46 0.4625 0.45666666666666667
2 0.49125 0.3383333333333333 0.4925 0.3333333333333333 0.49625 0.33 0.57 0.32666666666666666 0.5725 0.33166666666666667 0.57375 0.3466666666666667 0.57375 0.39166666666666666 0.5725 0.43833333333333335 0.57125 0.445 0.56875 0.44666666666666666 0.50875 0.4483333333333333 0.4925 0.445 0.49 0.41833333333333333 0.49125 0.4066666666666667 0.50375 0.415 0.51625 0.415 0.5225 0.4083333333333333 0.52625 0.39166666666666666 0.52375 0.37666666666666665 0.515 0.36666666666666664 0.5025 0.36666666666666664 0.49375 0.37666666666666665 0.48875 0.37666666666666665 0.49125 0.36833333333333335 0.4925 0.34
2 0.49625 0.5816666666666667 0.5475 0.5833333333333334 0.57 0.5866666666666667 0.57125 0.605 0.5675 0.6216666666666667 0.57125 0.6366666666666667 0.57 0.6966666666666667 0.56625 0.705 0.56 0.7066666666666667 0.4875 0.6983333333333334 0.4875 0.595 0.48875 0.585 0.495 0.5816666666666667
2 0.6675 0.32 0.67 0.32666666666666666 0.67 0.365 0.665 0.3933333333333333 0.66875 0.41 0.66875 0.43833333333333335 0.66375 0.44666666666666666 0.58125 0.445 0.58 0.33666666666666667 0.58125 0.3283333333333333 0.585 0.325 0.5975 0.325 0.60875 0.32166666666666666 0.64875 0.32166666666666666 0.65875 0.31833333333333336 0.66625 0.32
2 0.4075 0.43166666666666664 0.40875 0.3433333333333333 0.41125 0.33666666666666667 0.45625 0.33666666666666667 0.46875 0.3333333333333333 0.4825 0.3333333333333333 0.485 0.33666666666666667 0.48625 0.37833333333333335 0.48375 0.4066666666666667 0.48375 0.44666666666666666 0.41625 0.45 0.40875 0.44666666666666666 0.40875 0.43333333333333335
2 0.645 0.455 0.665 0.455 0.66875 0.4633333333333333 0.6675 0.575 0.665 0.58 0.61 0.5766666666666667 0.59 0.5783333333333334 0.57875 0.5733333333333334 0.5775 0.5283333333333333 0.58 0.46 0.58375 0.45666666666666667 0.64375 0.455
2 0.62875 0.5866666666666667 0.665 0.5883333333333334 0.6675 0.5933333333333334 0.66875 0.6683333333333333 0.6675 0.7083333333333334 0.665 0.715 0.59 0.71 0.5775 0.705 0.575 0.6383333333333333 0.5775 0.6333333333333333 0.57875 0.59 0.58125 0.5866666666666667 0.6275 0.5866666666666667
2 0.5675 0.45666666666666667 0.57125 0.4583333333333333 0.5725 0.4683333333333333 0.57125 0.57 0.56875 0.575 0.49875 0.5733333333333334 0.4925 0.5716666666666667 0.49 0.5666666666666667 0.49125 0.55 0.51125 0.5483333333333333 0.51875 0.535 0.51875 0.5183333333333333 0.5125 0.505 0.50875 0.5016666666666667 0.49 0.49833333333333335 0.49125 0.46166666666666667 0.49375 0.4583333333333333 0.51625 0.45666666666666667 0.56625 0.45666666666666667
3 0.6675 0.31333333333333335 0.6725 0.31833333333333336 0.67375 0.33 0.67375 0.35833333333333334 0.67125 0.37 0.66875 0.36666666666666664 0.66875 0.3383333333333333 0.66625 0.335 0.665 0.32666666666666666 0.66 0.32166666666666666 0.63875 0.32166666666666666 0.62625 0.325 0.6175 0.3233333333333333 0.605 0.32666666666666666 0.5875 0.325 0.58125 0.3333333333333333 0.58125 0.39666666666666667 0.57875 0.4066666666666667 0.57875 0.43 0.58 0.44333333333333336 0.5825 0.44666666666666666 0.66125 0.44666666666666666 0.6675 0.44166666666666665 0.67 0.42333333333333334 0.66875 0.415 0.67125 0.4116666666666667 0.67375 0.43833333333333335 0.66875 0.4483333333333333 0.66875 0.46 0.6625 0.455 0.59 0.455 0.58 0.46 0.5775 0.57 0.58125 0.5766666666666667 0.61875 0.5766666666666667 0.63 0.58 0.665 0.5783333333333334 0.6675 0.5716666666666667 0.66625 0.5316666666666666 0.66875 0.525 0.66375 0.5116666666666667 0.6675 0.5083333333333333 0.6675 0.4666666666666667 0.67125 0.4683333333333333 0.67375 0.475 0.67375 0.5333333333333333 0.67125 0.58 0.6725 0.615 0.67125 0.6266666666666667 0.66875 0.6316666666666667 0.67 0.6466666666666666 0.66625 0.6466666666666666 0.6675 0.6016666666666667 0.66375 0.59 0.58375 0.585 0.57875 0.5883333333333334 0.57875 0.6533333333333333 0.57625 0.66 0.57875 0.6716666666666666 0.5775 0.7016666666666667 0.58125 0.7066666666666667 0.62875 0.7133333333333334 0.66125 0.7133333333333334 0.665 0.71 0.66625 0.695 0.66375 0.68 0.665 0.6716666666666666 0.6625 0.665 0.6675 0.6516666666666666 0.67 0.6566666666666666 0.67125 0.6683333333333333 0.67125 0.7033333333333334 0.6675 0.72 0.63625 0.72 0.4675 0.7016666666666667 0.4125 0.6983333333333334 0.40375 0.6966666666666667 0.4 0.6916666666666667 0.4025 0.6416666666666667 0.40125 0.5866666666666667 0.40375 0.5766666666666667 0.40375 0.55 0.40875 0.56 0.40875 0.5666666666666667 0.4125 0.57 0.48 0.5733333333333334 0.48375 0.565 0.48375 0.5466666666666666 0.48875 0.5466666666666666 0.49 0.57 0.49375 0.5733333333333334 0.53125 0.5733333333333334 0.5675 0.5766666666666667 0.57125 0.57 0.5725 0.5233333333333333 0.5725 0.46 0.57 0.45666666666666667 0.49625 0.45666666666666667 0.4925 0.46 0.49 0.4716666666666667 0.49 0.5016666666666667 0.48375 0.5066666666666667 0.485 0.46166666666666667 0.4825 0.4583333333333333 0.41125 0.45666666666666667 0.40875 0.46 0.4075 0.5083333333333333 0.40375 0.5133333333333333 0.4025 0.41333333333333333 0.40625 0.38666666666666666 0.40375 0.38166666666666665 0.40625 0.3333333333333333 0.4175 0.33 0.455 0.33 0.475 0.32666666666666666 0.48375 0.3283333333333333 0.56875 0.32 0.6275 0.31833333333333336 0.66625 0.31333333333333335