1 0.33125 0.20166666666666666 0.34125 0.20833333333333334 0.3475 0.21666666666666667 0.3675 0.215 0.48125 0.23666666666666666 0.49375 0.23666666666666666 0.57625 0.25 0.59 0.25 0.6125 0.255 0.6275 0.255 0.64 0.26166666666666666 0.6425 0.27 0.64125 0.29 0.645 0.29833333333333334 0.64375 0.30333333333333334 0.65875 0.31333333333333335 0.6625 0.33666666666666667 0.6625 0.365 0.655 0.385 0.65375 0.4 0.655 0.42 0.6575 0.425 0.66 0.4483333333333333 0.65875 0.4583333333333333 0.66125 0.4683333333333333 0.6625 0.5166666666666667 0.65875 0.62 0.66 0.7566666666666667 0.65875 0.78 0.6575 0.7883333333333333 0.655 0.7916666666666666 0.615 0.7916666666666666 0.5575 0.7983333333333333 0.55 0.7966666666666666 0.50125 0.8 0.40375 0.8 0.36375 0.805 0.3025 0.8083333333333333 0.2825 0.8066666666666666 0.2775 0.7933333333333333 0.28 0.7316666666666667 0.28 0.6083333333333333 0.2825 0.5116666666666667 0.28125 0.49333333333333335 0.28375 0.4483333333333333 0.28375 0.22666666666666666 0.28625 0.20833333333333334 0.29 0.205 0.31 0.20666666666666667 0.32125 0.20166666666666666 0.33 0.20166666666666666
0 0.33375 0.3333333333333333 0.345 0.3433333333333333 0.3475 0.3566666666666667 0.34625 0.37833333333333335 0.335 0.3933333333333333 0.32 0.39166666666666666 0.31 0.38 0.30625 0.37 0.30625 0.355 0.3125 0.3383333333333333 0.32 0.33166666666666667 0.3325 0.3333333333333333
0 0.3325 0.47 0.34125 0.47833333333333333 0.34375 0.4866666666666667 0.3425 0.5183333333333333 0.33875 0.5283333333333333 0.3325 0.5333333333333333 0.32 0.5316666666666666 0.3125 0.5266666666666666 0.30625 0.5166666666666667 0.30375 0.505 0.305 0.485 0.31375 0.4716666666666667 0.32375 0.4683333333333333 0.33125 0.47
0 0.33875 0.20166666666666666 0.34875 0.21666666666666667 0.35 0.23333333333333334 0.345 0.24833333333333332 0.3375 0.25833333333333336 0.3325 0.26 0.3275 0.26 0.31875 0.255 0.31125 0.245 0.3075 0.225 0.31 0.20833333333333334 0.315 0.20166666666666666 0.32625 0.19833333333333333 0.3375 0.20166666666666666
0 0.51 0.49333333333333335 0.515 0.49666666666666665 0.52 0.505 0.5225 0.515 0.5225 0.535 0.5175 0.55 0.50875 0.5566666666666666 0.4925 0.5516666666666666 0.48875 0.545 0.48625 0.5333333333333333 0.48625 0.5133333333333333 0.49 0.5016666666666667 0.4975 0.49333333333333335 0.50875 0.49333333333333335
0 0.42 0.49833333333333335 0.42625 0.5033333333333333 0.43 0.5116666666666667 0.4325 0.5383333333333333 0.42875 0.5533333333333333 0.41875 0.5616666666666666 0.40875 0.5616666666666666 0.4025 0.5583333333333333 0.395 0.55 0.3925 0.5433333333333333 0.3925 0.515 0.3975 0.5033333333333333 0.40625 0.49666666666666665 0.41875 0.49833333333333335
4 0.67875 0.37166666666666665 0.6825 0.37333333333333335 0.68875 0.38333333333333336 0.69 0.41333333333333333 0.68375 0.4266666666666667 0.67625 0.43 0.6675 0.43 0.6625 0.42333333333333334 0.65875 0.41 0.65875 0.39 0.66375 0.375 0.66875 0.37166666666666665 0.6775 0.37166666666666665
4 0.68375 0.255 0.69 0.27 0.69125 0.28833333333333333 0.68625 0.3016666666666667 0.67625 0.30666666666666664 0.67 0.305 0.6625 0.29833333333333334 0.65875 0.285 0.65875 0.26666666666666666 0.66125 0.25666666666666665 0.66625 0.25333333333333335 0.6775 0.25166666666666665 0.6825 0.255
4 0.60375 0.6625 0.035 0.058333333333333334
4 0.51625 0.3466666666666667 0.5275 0.35833333333333334 0.53125 0.37 0.53125 0.385 0.52625 0.39666666666666667 0.51125 0.405 0.49875 0.39666666666666667 0.49375 0.38166666666666665 0.49375 0.36666666666666664 0.5 0.3516666666666667 0.50875 0.3466666666666667 0.515 0.3466666666666667
2 0.345 0.5816666666666667 0.34875 0.5816666666666667 0.3525 0.5883333333333334 0.36 0.5933333333333334 0.40375 0.5933333333333334 0.4125 0.5883333333333334 0.4325 0.5883333333333334 0.435 0.59 0.43625 0.6 0.43625 0.6633333333333333 0.43375 0.7133333333333334 0.43 0.7183333333333334 0.42625 0.7183333333333334 0.42375 0.715 0.38875 0.715 0.38625 0.72 0.3825 0.715 0.37625 0.715 0.3625 0.72 0.3525 0.7183333333333334 0.35 0.7216666666666667 0.345 0.7216666666666667 0.34125 0.7083333333333334 0.34125 0.66 0.345 0.5833333333333334
2 0.47 0.305 0.52125 0.31 0.53125 0.31666666666666665 0.535 0.39 0.53 0.39666666666666667 0.5325 0.4066666666666667 0.53125 0.435 0.53 0.44 0.52625 0.44333333333333336 0.51375 0.43666666666666665 0.45625 0.43333333333333335 0.44875 0.43 0.44875 0.31 0.455 0.305 0.46875 0.305
2 0.4975 0.59 0.515 0.5916666666666667 0.52125 0.5866666666666667 0.525 0.5866666666666667 0.52875 0.5966666666666667 0.52875 0.7083333333333334 0.52625 0.7183333333333334 0.5225 0.7216666666666667 0.51125 0.7183333333333334 0.4975 0.7216666666666667 0.4925 0.7166666666666667 0.48875 0.7166666666666667 0.48625 0.7216666666666667 0.48125 0.715 0.47625 0.715 0.47375 0.7116666666666667 0.46125 0.7116666666666667 0.45625 0.7166666666666667 0.46125 0.72 0.46 0.7216666666666667 0.45125 0.72 0.44625 0.7233333333333334 0.44375 0.7166666666666667 0.4425 0.645 0.44375 0.6066666666666667 0.44625 0.5966666666666667 0.475 0.5966666666666667 0.48 0.5933333333333334 0.49125 0.5966666666666667 0.49625 0.5916666666666667
2 0.595 0.31833333333333336 0.60875 0.32 0.61875 0.325 0.62125 0.33 0.62125 0.4166666666666667 0.61875 0.44 0.6125 0.445 0.56 0.44 0.55625 0.445 0.54625 0.44333333333333336 0.54375 0.45 0.54 0.435 0.54 0.335 0.5425 0.32166666666666666 0.54625 0.31666666666666665 0.59375 0.31833333333333336
2 0.36625 0.2916666666666667 0.405 0.295 0.43875 0.305 0.44125 0.32 0.43875 0.42833333333333334 0.39625 0.43 0.3725 0.425 0.35125 0.4266666666666667 0.34875 0.43166666666666664 0.34625 0.4166666666666667 0.34625 0.38333333333333336 0.34875 0.37166666666666665 0.34625 0.3383333333333333 0.3475 0.3 0.35 0.29333333333333333 0.365 0.2916666666666667
2 0.56125 0.4583333333333333 0.5775 0.46166666666666667 0.5975 0.46 0.61625 0.465 0.61875 0.47833333333333333 0.6175 0.5116666666666667 0.62 0.5416666666666666 0.6175 0.5466666666666666 0.6175 0.57 0.61625 0.5733333333333334 0.61125 0.575 0.55375 0.5716666666666667 0.5425 0.575 0.53875 0.5716666666666667 0.53875 0.4666666666666667 0.5425 0.46 0.56 0.4583333333333333
2 0.34875 0.43 0.3525 0.44 0.3725 0.43833333333333335 0.38375 0.445 0.405 0.44166666666666665 0.43125 0.44166666666666665 0.4375 0.44666666666666666 0.44 0.5283333333333333 0.4375 0.5316666666666666 0.4375 0.56 0.435 0.5716666666666667 0.42875 0.5733333333333334 0.40625 0.57 0.3525 0.57 0.34875 0.58 0.3475 0.5783333333333334 0.34375 0.565 0.34375 0.5233333333333333 0.34625 0.49166666666666664 0.345 0.475 0.3475 0.43166666666666664
2 0.58375 0.6 0.6125 0.6 0.61625 0.6033333333333334 0.6175 0.61 0.61625 0.64 0.6125 0.64 0.61 0.6366666666666667 0.595 0.64 0.58625 0.6583333333333333 0.58625 0.6716666666666666 0.59125 0.685 0.61625 0.685 0.61625 0.7066666666666667 0.61375 0.7116666666666667 0.61 0.7133333333333334 0.595 0.7133333333333334 0.585 0.7166666666666667 0.5775 0.7133333333333334 0.55875 0.715 0.54625 0.7116666666666667 0.545 0.715 0.53875 0.7166666666666667 0.53625 0.6966666666666667 0.53875 0.6033333333333334 0.54125 0.6 0.5825 0.6
2 0.44875 0.44333333333333336 0.46375 0.445 0.46875 0.4483333333333333 0.48875 0.44666666666666666 0.50125 0.4483333333333333 0.50625 0.45166666666666666 0.5275 0.4533333333333333 0.53125 0.4666666666666667 0.5325 0.525 0.53125 0.5466666666666666 0.52875 0.5533333333333333 0.52875 0.5683333333333334 0.525 0.575 0.48625 0.575 0.475 0.5716666666666667 0.46375 0.5733333333333334 0.44625 0.5683333333333334 0.445 0.4666666666666667 0.44875 0.445
3 0.3975 0.29 0.4225 0.295 0.43875 0.295 0.445 0.29833333333333334 0.4775 0.2966666666666667 0.51125 0.30333333333333334 0.53 0.30333333333333334 0.5525 0.31 0.57125 0.31 0.57625 0.31333333333333335 0.58125 0.31 0.605 0.31666666666666665 0.61875 0.315 0.62625 0.3233333333333333 0.62625 0.46 0.6225 0.6316666666666667 0.62375 0.6616666666666666 0.6225 0.6633333333333333 0.62125 0.66 0.615 0.63 0.615 0.6033333333333334 0.61 0.5933333333333334 0.6075 0.595 0.60625 0.6016666666666667 0.59 0.6 0.58375 0.605 0.57875 0.605 0.57125 0.5983333333333334 0.5625 0.5983333333333334 0.56125 0.5933333333333334 0.5525 0.5933333333333334 0.55 0.5983333333333334 0.54 0.5983333333333334 0.5375 0.6066666666666667 0.5375 0.7216666666666667 0.53625 0.7283333333333334 0.53125 0.7283333333333334 0.52875 0.7266666666666667 0.52625 0.7133333333333334 0.52875 0.7016666666666667 0.5275 0.665 0.53 0.635 0.53 0.615 0.52625 0.59 0.525 0.5883333333333334 0.5225 0.595 0.51875 0.5966666666666667 0.50375 0.595 0.5025 0.5983333333333334 0.49375 0.6 0.48125 0.5966666666666667 0.44875 0.595 0.44625 0.6 0.44625 0.6116666666666667 0.44375 0.6183333333333333 0.445 0.715 0.4425 0.7266666666666667 0.445 0.73 0.43875 0.7316666666666667 0.4325 0.73 0.43625 0.7233333333333334 0.4325 0.7133333333333334 0.435 0.6966666666666667 0.43375 0.6816666666666666 0.43625 0.6666666666666666 0.43625 0.5916666666666667 0.43375 0.5883333333333334 0.43375 0.58 0.43625 0.5783333333333334 0.4375 0.5633333333333334 0.435 0.5266666666666666 0.43875 0.5216666666666666 0.4375 0.44166666666666665 0.435 0.43666666666666665 0.43 0.44 0.39375 0.44 0.39 0.44666666666666666 0.3825 0.44166666666666665 0.3725 0.44333333333333336 0.36625 0.43833333333333335 0.35375 0.43833333333333335 0.34875 0.435 0.34625 0.44333333333333336 0.34625 0.465 0.34875 0.47 0.34875 0.48 0.34375 0.48 0.34 0.4683333333333333 0.34 0.39 0.345 0.38 0.3475 0.3883333333333333 0.3475 0.415 0.35125 0.42333333333333334 0.36375 0.4216666666666667 0.40375 0.425 0.42875 0.43 0.435 0.43 0.43875 0.425 0.44 0.30833333333333335 0.43375 0.3 0.425 0.2966666666666667 0.385 0.2966666666666667 0.3625 0.29333333333333333 0.35125 0.295 0.34875 0.3016666666666667 0.34875 0.34833333333333333 0.3425 0.34 0.34 0.2966666666666667 0.345 0.2833333333333333 0.37375 0.2833333333333333 0.39625 0.29