0 0.3425 0.445 0.35125 0.45166666666666666 0.355 0.4583333333333333 0.355 0.47 0.3525 0.4766666666666667 0.34875 0.48 0.33875 0.48 0.3325 0.4766666666666667 0.3275 0.465 0.32875 0.4533333333333333 0.335 0.44666666666666666 0.34125 0.445
0 0.36 0.5283333333333333 0.365 0.5316666666666666 0.3675 0.5366666666666666 0.3675 0.5533333333333333 0.3625 0.5616666666666666 0.34625 0.56 0.34125 0.555 0.34 0.55 0.34 0.54 0.34375 0.53 0.35125 0.5266666666666666 0.35875 0.5283333333333333
0 0.328125 0.385 0.02875 0.03666666666666667
0 0.4825 0.5 0.49125 0.5083333333333333 0.4925 0.5183333333333333 0.48875 0.53 0.48 0.5366666666666666 0.47 0.5333333333333333 0.46375 0.5216666666666666 0.46375 0.515 0.47 0.5016666666666667 0.48125 0.5
0 0.42375 0.5283333333333333 0.42875 0.5366666666666666 0.42875 0.5516666666666666 0.425 0.5583333333333333 0.41875 0.5616666666666666 0.40375 0.5566666666666666 0.40125 0.55 0.40125 0.5383333333333333 0.4075 0.5266666666666666 0.4175 0.525 0.4225 0.5283333333333333
4 0.47375 0.4083333333333333 0.47875 0.41833333333333333 0.47875 0.43 0.47375 0.43833333333333335 0.47 0.44 0.4625 0.44 0.45375 0.43166666666666664 0.4525 0.415 0.45625 0.4083333333333333 0.46125 0.405 0.4675 0.405 0.4725 0.4083333333333333
4 0.58875 0.39166666666666666 0.0275 0.03666666666666667
4 0.575 0.5666666666666667 0.58 0.5716666666666667 0.5825 0.5783333333333334 0.5825 0.59 0.57375 0.6016666666666667 0.5625 0.6 0.5575 0.5933333333333334 0.555 0.585 0.55625 0.5766666666666667 0.56125 0.5683333333333334 0.56875 0.565 0.57375 0.5666666666666667
4 0.57375 0.30833333333333335 0.0275 0.03666666666666667
1 0.5775 0.2916666666666667 0.58625 0.3016666666666667 0.58625 0.30666666666666664 0.58875 0.31 0.5875 0.31333333333333335 0.59125 0.31666666666666665 0.59375 0.3233333333333333 0.59875 0.3566666666666667 0.6 0.38166666666666665 0.6025 0.395 0.6075 0.40166666666666667 0.60875 0.4083333333333333 0.6175 0.4766666666666667 0.62375 0.5 0.63 0.5466666666666666 0.63875 0.5816666666666667 0.64 0.6016666666666667 0.64875 0.6416666666666667 0.6475 0.6533333333333333 0.6175 0.665 0.5975 0.6683333333333333 0.5875 0.6733333333333333 0.56875 0.6766666666666666 0.5525 0.6833333333333333 0.47375 0.7033333333333334 0.38375 0.73 0.37625 0.73 0.37375 0.7266666666666667 0.34875 0.5633333333333334 0.34125 0.5533333333333333 0.34 0.5483333333333333 0.34125 0.5166666666666667 0.335 0.485 0.32875 0.4683333333333333 0.32875 0.445 0.325 0.43166666666666664 0.3225 0.405 0.31625 0.39166666666666666 0.31625 0.375 0.32375 0.36833333333333335 0.34875 0.36666666666666664 0.35875 0.3616666666666667 0.40625 0.35 0.4775 0.325 0.5275 0.31166666666666665 0.55625 0.3016666666666667 0.5675 0.2916666666666667 0.57625 0.2916666666666667
2 0.429375 0.6241666666666666 0.07625 0.10166666666666667
2 0.555 0.355 0.5625 0.37166666666666665 0.565 0.3983333333333333 0.57125 0.42333333333333334 0.57 0.43333333333333335 0.56375 0.43833333333333335 0.51625 0.45166666666666666 0.51 0.45166666666666666 0.5075 0.44666666666666666 0.5025 0.41 0.4975 0.39 0.4975 0.37166666666666665 0.50625 0.36666666666666664 0.53375 0.36 0.54375 0.355 0.55375 0.355
2 0.51875 0.5516666666666666 0.52375 0.5616666666666666 0.53375 0.6233333333333333 0.53375 0.6333333333333333 0.52625 0.6383333333333333 0.47875 0.6533333333333333 0.47375 0.6533333333333333 0.47125 0.65 0.465 0.6066666666666667 0.46125 0.5983333333333334 0.45875 0.57 0.49 0.5583333333333333 0.505 0.5566666666666666 0.5175 0.5516666666666666
2 0.37375 0.49166666666666664 0.36625 0.46 0.36625 0.45 0.36375 0.44333333333333336 0.36 0.41333333333333333 0.3625 0.41 0.42 0.395 0.425 0.40166666666666667 0.42625 0.41833333333333333 0.43 0.43 0.43625 0.47333333333333333 0.42875 0.47833333333333333 0.40375 0.4866666666666667 0.3775 0.49333333333333335 0.375 0.49166666666666664
2 0.57 0.44333333333333336 0.57375 0.44666666666666666 0.5775 0.46166666666666667 0.57875 0.4766666666666667 0.58625 0.5116666666666667 0.585 0.525 0.52625 0.5416666666666666 0.52375 0.5383333333333333 0.52 0.5216666666666666 0.52 0.5116666666666667 0.51375 0.485 0.51375 0.4766666666666667 0.51125 0.4716666666666667 0.51125 0.46166666666666667 0.51375 0.4583333333333333 0.54625 0.4483333333333333 0.56875 0.445
2 0.43625 0.4816666666666667 0.44 0.49166666666666664 0.44375 0.5216666666666666 0.44625 0.525 0.45 0.5633333333333334 0.44125 0.5683333333333334 0.39625 0.5816666666666667 0.39 0.5816666666666667 0.385 0.57 0.3825 0.5583333333333333 0.38125 0.5333333333333333 0.375 0.5 0.435 0.4816666666666667
2 0.48875 0.375 0.49125 0.37833333333333335 0.495 0.39666666666666667 0.49875 0.42833333333333334 0.5025 0.44166666666666665 0.5025 0.4533333333333333 0.4975 0.4583333333333333 0.45 0.4716666666666667 0.44125 0.47 0.4375 0.445 0.4325 0.43 0.42875 0.3933333333333333 0.4325 0.39 0.46125 0.38 0.4875 0.375
2 0.445 0.48 0.49 0.465 0.50375 0.4633333333333333 0.50875 0.47333333333333333 0.50875 0.4866666666666667 0.51625 0.5133333333333333 0.51625 0.53 0.51875 0.5366666666666666 0.51875 0.5433333333333333 0.515 0.5466666666666666 0.4775 0.5583333333333333 0.4575 0.5616666666666666 0.455 0.5583333333333333 0.4525 0.5283333333333333 0.44625 0.5033333333333333 0.44375 0.4866666666666667 0.445 0.4816666666666667
2 0.54125 0.6333333333333333 0.5375 0.6116666666666667 0.535 0.6066666666666667 0.53375 0.5916666666666667 0.52875 0.575 0.5275 0.5516666666666666 0.5325 0.5466666666666666 0.57625 0.535 0.58 0.5316666666666666 0.58875 0.5316666666666666 0.59 0.535 0.6 0.58 0.60375 0.6116666666666667 0.59875 0.6183333333333333 0.5425 0.6333333333333333
3 0.5575 0.34833333333333333 0.56 0.35 0.56375 0.36 0.5675 0.37666666666666665 0.5725 0.41333333333333333 0.575 0.41833333333333333 0.575 0.42833333333333334 0.5825 0.4633333333333333 0.5825 0.47333333333333333 0.585 0.4766666666666667 0.59125 0.5066666666666667 0.5925 0.5416666666666666 0.59875 0.5533333333333333 0.6025 0.5733333333333334 0.6025 0.585 0.605 0.5916666666666667 0.60375 0.5966666666666667 0.6075 0.6116666666666667 0.60625 0.6183333333333333 0.60375 0.6216666666666667 0.59 0.6266666666666667 0.58125 0.6266666666666667 0.54625 0.6383333333333333 0.53875 0.6383333333333333 0.4925 0.6533333333333333 0.48625 0.6533333333333333 0.4575 0.665 0.4325 0.6683333333333333 0.41 0.6766666666666666 0.4025 0.6766666666666666 0.4 0.6733333333333333 0.39 0.62 0.39 0.61 0.385 0.5816666666666667 0.385 0.565 0.3875 0.565 0.38875 0.575 0.3925 0.58 0.40125 0.58 0.42625 0.57 0.4425 0.5666666666666667 0.4475 0.5566666666666666 0.44375 0.515 0.43875 0.49166666666666664 0.435 0.485 0.3925 0.495 0.37875 0.5016666666666667 0.37875 0.5166666666666667 0.38375 0.535 0.37875 0.5366666666666666 0.375 0.525 0.37 0.4816666666666667 0.37375 0.4816666666666667 0.375 0.48833333333333334 0.38125 0.49166666666666664 0.39625 0.485 0.43375 0.475 0.43375 0.455 0.43 0.43333333333333335 0.4275 0.42833333333333334 0.4275 0.42 0.42125 0.3983333333333333 0.41 0.3983333333333333 0.39625 0.405 0.37625 0.4083333333333333 0.37 0.41333333333333333 0.36625 0.41333333333333333 0.36375 0.4166666666666667 0.36375 0.42833333333333334 0.36875 0.45 0.36625 0.4533333333333333 0.36125 0.44166666666666665 0.3575 0.415 0.35875 0.4083333333333333 0.3625 0.405 0.37625 0.4033333333333333 0.38 0.4 0.38625 0.4 0.40125 0.3933333333333333 0.42 0.39 0.4425 0.38 0.455 0.37833333333333335 0.47125 0.37166666666666665 0.55625 0.34833333333333333