1 0.80625 0.10166666666666667 0.81 0.11333333333333333 0.81375 0.13833333333333334 0.81625 0.17666666666666667 0.815 0.195 0.79375 0.2 0.7825 0.21 0.77375 0.22166666666666668 0.7725 0.22833333333333333 0.7675 0.23333333333333334 0.765 0.24166666666666667 0.75625 0.24833333333333332 0.7525 0.26 0.7525 0.275 0.7575 0.2916666666666667 0.765 0.3016666666666667 0.78 0.31166666666666665 0.7925 0.31166666666666665 0.8 0.30833333333333335 0.81375 0.295 0.81875 0.2866666666666667 0.8225 0.2866666666666667 0.82625 0.29333333333333333 0.82875 0.3466666666666667 0.83875 0.44 0.83875 0.46166666666666667 0.8425 0.485 0.84375 0.5133333333333333 0.8475 0.5316666666666666 0.85 0.5783333333333334 0.85625 0.6283333333333333 0.86375 0.7316666666666667 0.875 0.835 0.875 0.865 0.86875 0.87 0.845 0.87 0.81625 0.875 0.745 0.88 0.73125 0.8833333333333333 0.68 0.885 0.63375 0.8916666666666667 0.60875 0.8916666666666667 0.59875 0.895 0.5375 0.8983333333333333 0.5225 0.9016666666666666 0.5025 0.9016666666666666 0.49 0.905 0.46875 0.905 0.35 0.9183333333333333 0.32625 0.9183333333333333 0.285 0.925 0.25375 0.925 0.25125 0.91 0.25 0.865 0.24625 0.8283333333333334 0.23875 0.65 0.2325 0.585 0.2325 0.55 0.2375 0.5466666666666666 0.265 0.555 0.2675 0.5483333333333333 0.26125 0.545 0.27125 0.545 0.27125 0.5383333333333333 0.28125 0.5316666666666666 0.28375 0.525 0.27875 0.52 0.27375 0.5216666666666666 0.265 0.51 0.26125 0.5166666666666667 0.2575 0.5133333333333333 0.25375 0.52 0.2475 0.5216666666666666 0.2425 0.5283333333333333 0.23875 0.5283333333333333 0.2375 0.535 0.23375 0.535 0.23875 0.5283333333333333 0.235 0.5266666666666666 0.22875 0.5166666666666667 0.21875 0.515 0.21625 0.52 0.2125 0.5133333333333333 0.21375 0.5066666666666667 0.2175 0.5083333333333333 0.22 0.505 0.22 0.5 0.23 0.49833333333333335 0.2325 0.495 0.23375 0.4866666666666667 0.23 0.48333333333333334 0.23375 0.4816666666666667 0.23875 0.48333333333333334 0.235 0.485 0.23375 0.48833333333333334 0.24 0.49166666666666664 0.25 0.48833333333333334 0.25125 0.48333333333333334 0.2575 0.48333333333333334 0.26125 0.49166666666666664 0.27 0.49166666666666664 0.26875 0.48833333333333334 0.26625 0.48833333333333334 0.27 0.48333333333333334 0.26125 0.48 0.26375 0.4766666666666667 0.25625 0.47 0.245 0.4666666666666667 0.23125 0.4666666666666667 0.22625 0.4633333333333333 0.22125 0.38 0.22375 0.36666666666666664 0.2275 0.36666666666666664 0.24125 0.37833333333333335 0.24375 0.375 0.2425 0.37 0.25125 0.365 0.25375 0.37 0.2575 0.37166666666666665 0.2625 0.36833333333333335 0.26 0.375 0.265 0.37666666666666665 0.265 0.365 0.27125 0.36333333333333334 0.27125 0.35833333333333334 0.27625 0.3516666666666667 0.27 0.3416666666666667 0.26125 0.3416666666666667 0.25875 0.345 0.26125 0.34833333333333333 0.25875 0.35 0.25375 0.34833333333333333 0.2575 0.3433333333333333 0.2575 0.34 0.25125 0.33166666666666667 0.2525 0.32666666666666666 0.2475 0.3233333333333333 0.24375 0.31666666666666665 0.245 0.31333333333333335 0.2475 0.31333333333333335 0.245 0.31833333333333336 0.24875 0.3233333333333333 0.2525 0.3233333333333333 0.2575 0.31 0.25625 0.30333333333333334 0.24625 0.28833333333333333 0.24 0.2866666666666667 0.2375 0.2816666666666667 0.22 0.2783333333333333 0.215 0.2733333333333333 0.21125 0.22833333333333333 0.21125 0.19833333333333333 0.21375 0.19333333333333333 0.2375 0.21166666666666667 0.2525 0.21 0.26 0.205 0.2675 0.19333333333333333 0.2675 0.185 0.27125 0.175 0.26875 0.16333333333333333 0.26375 0.16166666666666665 0.265 0.15666666666666668 0.25875 0.15166666666666667 0.2475 0.15333333333333332 0.2475 0.14666666666666667 0.25375 0.14833333333333334 0.25875 0.14333333333333334 0.25375 0.14166666666666666 0.25125 0.13666666666666666 0.2475 0.14166666666666666 0.2475 0.13833333333333334 0.2525 0.135 0.2525 0.12833333333333333 0.255 0.125 0.2925 0.12166666666666667 0.3475 0.11 0.4 0.105 0.42875 0.09833333333333333 0.47625 0.09333333333333334 0.525 0.08333333333333333 0.54875 0.08166666666666667 0.62 0.06833333333333333 0.6325 0.06833333333333333 0.6425 0.065 0.6675 0.06333333333333334 0.6775 0.06 0.69125 0.06 0.70875 0.055 0.73875 0.051666666666666666 0.745 0.051666666666666666 0.75125 0.056666666666666664 0.74625 0.06 0.745 0.07 0.73875 0.08666666666666667 0.73875 0.10666666666666667 0.7425 0.11833333333333333 0.74875 0.12666666666666668 0.765 0.13666666666666666 0.7775 0.135 0.7925 0.12333333333333334 0.795 0.11666666666666667 0.805 0.10333333333333333
0 0.22375 0.09833333333333333 0.2375 0.10833333333333334 0.245 0.12333333333333334 0.245 0.13166666666666665 0.24125 0.155 0.2375 0.165 0.22875 0.17166666666666666 0.21625 0.17333333333333334 0.2 0.17 0.19 0.155 0.18625 0.13666666666666666 0.19 0.11666666666666667 0.2 0.10333333333333333 0.2125 0.09666666666666666 0.2225 0.09833333333333333
0 0.3825 0.4866666666666667 0.395 0.49333333333333335 0.40125 0.5016666666666667 0.405 0.5183333333333333 0.40375 0.545 0.39375 0.5616666666666666 0.38375 0.5683333333333334 0.3725 0.5683333333333334 0.3575 0.5616666666666666 0.34875 0.55 0.34375 0.5283333333333333 0.3475 0.5083333333333333 0.3575 0.49333333333333335 0.3675 0.4866666666666667 0.38125 0.4866666666666667
0 0.2475 0.4683333333333333 0.255 0.4716666666666667 0.26125 0.47833333333333333 0.26875 0.5033333333333333 0.26875 0.515 0.26625 0.5233333333333333 0.2625 0.5316666666666666 0.25125 0.545 0.225 0.5433333333333333 0.2175 0.535 0.21 0.5166666666666667 0.21 0.49666666666666665 0.215 0.48333333333333334 0.22875 0.4683333333333333 0.24625 0.4683333333333333
0 0.5325 0.4533333333333333 0.54 0.4583333333333333 0.5525 0.4766666666666667 0.555 0.4866666666666667 0.555 0.5 0.5525 0.5116666666666667 0.5425 0.5266666666666666 0.52875 0.5333333333333333 0.5125 0.5333333333333333 0.50625 0.53 0.5 0.5216666666666666 0.49375 0.5033333333333333 0.49375 0.48333333333333334 0.4975 0.4716666666666667 0.50625 0.4583333333333333 0.515 0.4533333333333333 0.53125 0.4533333333333333
0 0.23375 0.28 0.24625 0.28833333333333333 0.255 0.3 0.25625 0.3283333333333333 0.25375 0.3383333333333333 0.245 0.3516666666666667 0.23125 0.35833333333333334 0.2225 0.35833333333333334 0.21625 0.355 0.20125 0.33666666666666667 0.2 0.30666666666666664 0.2025 0.2966666666666667 0.2125 0.285 0.22125 0.28 0.2325 0.28
4 0.72625 0.6416666666666667 0.7375 0.6466666666666666 0.745 0.655 0.75125 0.67 0.7525 0.6783333333333333 0.7525 0.6933333333333334 0.74875 0.7066666666666667 0.7425 0.7166666666666667 0.73125 0.7233333333333334 0.7125 0.7233333333333334 0.705 0.72 0.69375 0.705 0.69 0.6933333333333334 0.69 0.6716666666666666 0.69125 0.665 0.6975 0.6533333333333333 0.71125 0.6416666666666667 0.725 0.6416666666666667
4 0.80875 0.2 0.8175 0.20166666666666666 0.83 0.21333333333333335 0.83625 0.22666666666666666 0.83875 0.24 0.8375 0.25166666666666665 0.8325 0.265 0.82625 0.2733333333333333 0.81375 0.28 0.795 0.28 0.7875 0.275 0.78125 0.2683333333333333 0.775 0.24833333333333332 0.775 0.23166666666666666 0.77875 0.21833333333333332 0.785 0.21 0.79375 0.20333333333333334 0.8075 0.2
4 0.8 0.011666666666666667 0.80875 0.018333333333333333 0.815 0.028333333333333332 0.81875 0.041666666666666664 0.81875 0.05333333333333334 0.8175 0.06333333333333334 0.81125 0.07666666666666666 0.79625 0.08666666666666667 0.78125 0.08666666666666667 0.76625 0.07833333333333334 0.76125 0.07166666666666667 0.7575 0.06 0.75625 0.04 0.7625 0.021666666666666667 0.76875 0.015 0.78 0.008333333333333333 0.79375 0.008333333333333333 0.79875 0.011666666666666667
4 0.52125 0.23166666666666666 0.53875 0.245 0.545 0.26166666666666666 0.545 0.2816666666666667 0.54125 0.29333333333333333 0.5325 0.305 0.51875 0.31166666666666665 0.50125 0.30666666666666664 0.49375 0.3 0.4875 0.28833333333333333 0.485 0.26666666666666666 0.48625 0.25833333333333336 0.4925 0.24333333333333335 0.50875 0.23166666666666666 0.52 0.23166666666666666
2 0.32375 0.7683333333333333 0.325 0.7633333333333333 0.3225 0.7466666666666667 0.32125 0.7 0.31875 0.685 0.31875 0.6566666666666666 0.315 0.6266666666666667 0.31625 0.6183333333333333 0.31875 0.615 0.36625 0.6116666666666667 0.42875 0.6016666666666667 0.4525 0.6016666666666667 0.455 0.6083333333333333 0.4575 0.63 0.45625 0.6366666666666667 0.46125 0.6733333333333333 0.46375 0.735 0.46625 0.7466666666666667 0.4675 0.7716666666666666 0.46625 0.7916666666666666 0.44375 0.7966666666666666 0.3325 0.8083333333333333 0.32625 0.8 0.325 0.77
2 0.57375 0.185 0.57875 0.20666666666666667 0.5825 0.27666666666666667 0.58875 0.3433333333333333 0.58875 0.365 0.57625 0.37 0.55625 0.37 0.5325 0.37666666666666665 0.47375 0.38166666666666665 0.46125 0.385 0.4525 0.38333333333333336 0.45 0.37833333333333335 0.4475 0.3333333333333333 0.4425 0.295 0.44125 0.23666666666666666 0.43875 0.21833333333333332 0.44 0.205 0.44875 0.2 0.46 0.2 0.47 0.19666666666666666 0.48375 0.19666666666666666 0.55375 0.185 0.5725 0.185
2 0.58875 0.38333333333333336 0.5925 0.3883333333333333 0.59625 0.44333333333333336 0.59875 0.4533333333333333 0.6 0.49666666666666665 0.6025 0.5083333333333333 0.605 0.5483333333333333 0.60375 0.5683333333333334 0.585 0.5733333333333334 0.5525 0.575 0.48375 0.585 0.4675 0.585 0.46375 0.58 0.46125 0.5333333333333333 0.45625 0.49166666666666664 0.455 0.44666666666666666 0.45125 0.41833333333333333 0.4525 0.405 0.45625 0.4 0.475 0.395 0.5875 0.38333333333333336
2 0.665625 0.2633333333333333 0.15625 0.20333333333333334
2 0.29 0.24666666666666667 0.29 0.23166666666666666 0.29875 0.22166666666666668 0.31375 0.22166666666666668 0.33625 0.215 0.35625 0.21666666666666667 0.38 0.21 0.425 0.20666666666666667 0.42875 0.21666666666666667 0.43 0.25333333333333335 0.43875 0.355 0.44 0.37833333333333335 0.43875 0.38666666666666666 0.43625 0.3883333333333333 0.345 0.4 0.325 0.405 0.30375 0.405 0.30125 0.4 0.29875 0.355 0.295 0.32666666666666666 0.295 0.2866666666666667 0.2925 0.2783333333333333 0.29375 0.2683333333333333 0.29125 0.26 0.29125 0.24833333333333332
2 0.7375 0.3616666666666667 0.745 0.36666666666666664 0.74875 0.385 0.75375 0.45 0.75625 0.46 0.75625 0.4816666666666667 0.76125 0.5383333333333333 0.76 0.55 0.75625 0.5533333333333333 0.745 0.555 0.715 0.5566666666666666 0.68625 0.5616666666666666 0.64375 0.5633333333333334 0.635 0.5666666666666667 0.61875 0.5666666666666667 0.61625 0.56 0.60875 0.49 0.60625 0.4216666666666667 0.60375 0.41333333333333333 0.6025 0.39 0.60375 0.38333333333333336 0.61 0.37833333333333335 0.63 0.375 0.65125 0.375 0.68875 0.37 0.70375 0.365 0.73625 0.3616666666666667
2 0.44 0.4033333333333333 0.4425 0.41 0.44375 0.4483333333333333 0.45 0.505 0.45125 0.5516666666666666 0.45375 0.5683333333333334 0.4525 0.585 0.44125 0.59 0.4125 0.5916666666666667 0.395 0.5966666666666667 0.36 0.5983333333333334 0.335 0.6033333333333334 0.3175 0.6033333333333334 0.31375 0.5983333333333334 0.31125 0.5716666666666667 0.31125 0.5416666666666666 0.30875 0.5316666666666666 0.3075 0.48333333333333334 0.30375 0.4583333333333333 0.305 0.41833333333333333 0.41375 0.4033333333333333 0.43875 0.4033333333333333
2 0.605 0.585 0.60875 0.5983333333333334 0.615 0.685 0.6175 0.6966666666666667 0.6175 0.7166666666666667 0.62125 0.7483333333333333 0.62125 0.775 0.61625 0.7783333333333333 0.505 0.79 0.4825 0.79 0.47875 0.7833333333333333 0.475 0.7566666666666667 0.475 0.72 0.4725 0.7133333333333334 0.47 0.66 0.4675 0.645 0.46625 0.6116666666666667 0.46875 0.6016666666666667 0.48375 0.5966666666666667 0.53875 0.5916666666666667 0.55625 0.5866666666666667 0.60375 0.585
2 0.76125 0.5666666666666667 0.765 0.5816666666666667 0.77 0.6433333333333333 0.7725 0.6516666666666666 0.775 0.7016666666666667 0.7775 0.71 0.77625 0.72 0.78 0.7416666666666667 0.77875 0.7633333333333333 0.76375 0.7666666666666667 0.69375 0.77 0.665 0.775 0.63625 0.775 0.63125 0.7633333333333333 0.62 0.635 0.62 0.5833333333333334 0.62625 0.58 0.66125 0.575 0.76 0.5666666666666667
3 0.735 0.15 0.7375 0.15833333333333333 0.7475 0.30666666666666664 0.75125 0.3283333333333333 0.7525 0.36333333333333334 0.75625 0.38666666666666666 0.76 0.4483333333333333 0.7675 0.5166666666666667 0.7675 0.535 0.77 0.5483333333333333 0.76875 0.5566666666666666 0.77375 0.5933333333333334 0.77625 0.64 0.77875 0.6483333333333333 0.7825 0.7166666666666667 0.785 0.725 0.7875 0.7533333333333333 0.78625 0.7683333333333333 0.78125 0.7716666666666666 0.76875 0.7733333333333333 0.64125 0.7833333333333333 0.61375 0.7883333333333333 0.5925 0.7883333333333333 0.535 0.7966666666666666 0.51 0.7966666666666666 0.4625 0.8033333333333333 0.425 0.805 0.41125 0.8083333333333333 0.37 0.81 0.3325 0.8166666666666667 0.32375 0.815 0.32125 0.8116666666666666 0.32 0.8 0.3175 0.7366666666666667 0.31375 0.7083333333333334 0.31375 0.6833333333333333 0.30875 0.625 0.30875 0.5983333333333334 0.30125 0.5116666666666667 0.30375 0.49833333333333335 0.30125 0.495 0.3 0.48333333333333334 0.29625 0.41333333333333333 0.29375 0.4033333333333333 0.29125 0.36666666666666664 0.2925 0.36 0.29 0.3466666666666667 0.2825 0.21666666666666667 0.28625 0.21333333333333335 0.43125 0.195 0.455 0.18833333333333332 0.495 0.185 0.54 0.17833333333333334 0.54875 0.175 0.6375 0.165 0.655 0.16 0.73375 0.15