1 0.1925 0.15 0.22 0.14833333333333334 0.45375 0.165 0.535 0.16666666666666666 0.55375 0.17 0.5925 0.17 0.63875 0.175 0.8075 0.18166666666666667 0.82 0.185 0.8225 0.19166666666666668 0.82 0.20666666666666667 0.81625 0.21333333333333335 0.81125 0.21666666666666667 0.815 0.22166666666666668 0.82 0.22 0.82875 0.22333333333333333 0.8375 0.23333333333333334 0.8425 0.24666666666666667 0.84125 0.27166666666666667 0.83875 0.2733333333333333 0.835 0.2833333333333333 0.8225 0.295 0.81125 0.2966666666666667 0.80625 0.3016666666666667 0.80625 0.33 0.79625 0.3883333333333333 0.7925 0.39666666666666667 0.7925 0.405 0.7975 0.41 0.80875 0.41333333333333333 0.8175 0.42833333333333334 0.8175 0.45 0.80625 0.47 0.79625 0.4766666666666667 0.78625 0.47833333333333333 0.78375 0.48333333333333334 0.785 0.4866666666666667 0.7825 0.49 0.78 0.505 0.77625 0.55 0.77 0.5833333333333334 0.7675 0.615 0.7525 0.7133333333333334 0.75125 0.7366666666666667 0.73875 0.8066666666666666 0.735 0.8483333333333334 0.73 0.8616666666666667 0.6875 0.865 0.37875 0.87 0.27875 0.875 0.22375 0.8733333333333333 0.22 0.87 0.21875 0.865 0.21875 0.8366666666666667 0.215 0.7916666666666666 0.215 0.7533333333333333 0.2125 0.725 0.21375 0.705 0.21 0.665 0.21125 0.6216666666666667 0.20625 0.61 0.205 0.5983333333333334 0.20625 0.5833333333333334 0.20875 0.5783333333333334 0.20875 0.56 0.20625 0.545 0.20375 0.47333333333333333 0.205 0.44166666666666665 0.20125 0.43333333333333335 0.20125 0.4083333333333333 0.20375 0.4 0.1975 0.325 0.1975 0.25166666666666665 0.1925 0.23666666666666666 0.1925 0.21333333333333335 0.195 0.20666666666666667 0.19125 0.17333333333333334 0.1925 0.15166666666666667
0 0.23625 0.38666666666666666 0.24625 0.3933333333333333 0.25625 0.4066666666666667 0.26 0.42 0.26 0.43166666666666664 0.25625 0.44666666666666666 0.25 0.455 0.2375 0.46166666666666667 0.22375 0.46166666666666667 0.215 0.45666666666666667 0.2025 0.44166666666666665 0.2 0.435 0.2 0.41 0.205 0.39666666666666667 0.21375 0.3883333333333333 0.235 0.38666666666666666
0 0.37625 0.6066666666666667 0.38625 0.6233333333333333 0.3875 0.645 0.37875 0.6616666666666666 0.3625 0.6716666666666666 0.3475 0.67 0.33375 0.6583333333333333 0.32875 0.6483333333333333 0.32875 0.63 0.3325 0.6183333333333333 0.34375 0.605 0.3525 0.6016666666666667 0.36625 0.6016666666666667 0.375 0.6066666666666667
0 0.23875 0.5666666666666667 0.2525 0.5733333333333334 0.25875 0.5816666666666667 0.2625 0.595 0.2625 0.6083333333333333 0.25875 0.62 0.2525 0.6283333333333333 0.24 0.635 0.22875 0.635 0.21625 0.6283333333333333 0.20625 0.615 0.20375 0.6033333333333334 0.205 0.5883333333333334 0.215 0.5716666666666667 0.22375 0.5666666666666667 0.2375 0.5666666666666667
0 0.2325 0.19166666666666668 0.245 0.2 0.25 0.20666666666666667 0.25625 0.22666666666666666 0.25625 0.24166666666666667 0.25125 0.25833333333333336 0.245 0.26666666666666666 0.2325 0.2733333333333333 0.22125 0.2733333333333333 0.205 0.265 0.19625 0.25333333333333335 0.19 0.235 0.19125 0.215 0.2 0.19666666666666666 0.215 0.18833333333333332 0.22625 0.18833333333333332 0.23125 0.19166666666666668
0 0.50375 0.5933333333333334 0.51875 0.605 0.52375 0.6183333333333333 0.52375 0.63 0.51875 0.6466666666666666 0.51125 0.655 0.5025 0.66 0.4825 0.6583333333333333 0.47125 0.6466666666666666 0.46875 0.6383333333333333 0.46875 0.6183333333333333 0.4725 0.61 0.485 0.595 0.5025 0.5933333333333334
2 0.31 0.6483333333333333 0.325 0.65 0.335 0.665 0.35125 0.6733333333333333 0.36625 0.6733333333333333 0.37625 0.6683333333333333 0.38875 0.65 0.4175 0.65 0.42125 0.655 0.41875 0.7583333333333333 0.42 0.7683333333333333 0.4175 0.7933333333333333 0.38375 0.7983333333333333 0.2925 0.7966666666666666 0.29 0.775 0.29 0.6533333333333333 0.2925 0.65 0.30875 0.65
2 0.50375 0.285 0.53125 0.28833333333333333 0.57 0.28833333333333333 0.57875 0.29 0.58375 0.295 0.5825 0.32666666666666666 0.5775 0.36833333333333335 0.575 0.43833333333333335 0.57125 0.46166666666666667 0.5675 0.4666666666666667 0.535 0.465 0.5475 0.43833333333333335 0.5475 0.425 0.54375 0.41 0.5375 0.4 0.53875 0.3933333333333333 0.53375 0.38333333333333336 0.5275 0.38 0.5225 0.36833333333333335 0.5175 0.36333333333333334 0.505 0.35833333333333334 0.4975 0.35833333333333334 0.48875 0.365 0.4875 0.38333333333333336 0.49 0.39 0.485 0.4 0.4875 0.4066666666666667 0.48375 0.4083333333333333 0.48625 0.41333333333333333 0.48875 0.41333333333333333 0.4875 0.435 0.49 0.44666666666666666 0.49625 0.4583333333333333 0.49625 0.4633333333333333 0.445 0.465 0.43875 0.46166666666666667 0.4375 0.43333333333333335 0.44 0.4083333333333333 0.43875 0.4033333333333333 0.4425 0.29 0.445 0.285 0.45 0.2833333333333333 0.48625 0.2833333333333333 0.49375 0.2866666666666667 0.5025 0.285
2 0.475 0.655 0.48625 0.6616666666666666 0.50125 0.6633333333333333 0.51125 0.6583333333333333 0.52 0.65 0.5575 0.6516666666666666 0.5575 0.6833333333333333 0.555 0.6966666666666667 0.55375 0.745 0.55 0.765 0.55 0.78 0.5475 0.7916666666666666 0.53875 0.7966666666666666 0.44375 0.7966666666666666 0.43 0.795 0.4275 0.7916666666666666 0.42625 0.7633333333333333 0.43125 0.6583333333333333 0.435 0.65 0.46625 0.6483333333333333 0.47375 0.655
2 0.50375 0.4766666666666667 0.56625 0.4766666666666667 0.57 0.4816666666666667 0.5625 0.615 0.56 0.6333333333333333 0.55625 0.6383333333333333 0.525 0.6383333333333333 0.5225 0.61 0.525 0.6016666666666667 0.52 0.5816666666666667 0.5125 0.57 0.5075 0.5566666666666666 0.5 0.5466666666666666 0.48375 0.5416666666666666 0.4725 0.5566666666666666 0.4675 0.5583333333333333 0.4625 0.5683333333333334 0.4675 0.575 0.4675 0.5916666666666667 0.47125 0.595 0.47625 0.595 0.475 0.6016666666666667 0.46875 0.605 0.47 0.6083333333333333 0.4675 0.6366666666666667 0.435 0.6383333333333333 0.4325 0.6333333333333333 0.4325 0.58 0.435 0.5533333333333333 0.43375 0.53 0.4375 0.48 0.44125 0.4766666666666667 0.5025 0.4766666666666667
2 0.6525 0.2916666666666667 0.72125 0.295 0.73125 0.3 0.73125 0.31833333333333336 0.725 0.3566666666666667 0.725 0.375 0.72 0.405 0.72 0.41833333333333333 0.7125 0.465 0.71 0.47 0.70625 0.4716666666666667 0.60625 0.4683333333333333 0.58625 0.4666666666666667 0.5825 0.46166666666666667 0.59125 0.32166666666666666 0.595 0.295 0.5975 0.2916666666666667 0.65125 0.2916666666666667
2 0.3 0.275 0.415 0.28 0.42625 0.2816666666666667 0.43125 0.285 0.43125 0.3933333333333333 0.42875 0.415 0.42875 0.45 0.42375 0.4633333333333333 0.2925 0.4633333333333333 0.28875 0.46 0.285 0.37833333333333335 0.285 0.2916666666666667 0.2875 0.2783333333333333 0.2925 0.275 0.29875 0.275
2 0.70125 0.4816666666666667 0.7075 0.48333333333333334 0.71 0.4866666666666667 0.71 0.5016666666666667 0.695 0.6283333333333333 0.6925 0.6366666666666667 0.68625 0.64 0.57125 0.6383333333333333 0.56875 0.635 0.56875 0.6233333333333333 0.575 0.56 0.5775 0.5016666666666667 0.58 0.485 0.585 0.48 0.7 0.4816666666666667
2 0.41 0.47333333333333333 0.42625 0.4766666666666667 0.42375 0.585 0.425 0.615 0.4225 0.635 0.42 0.6383333333333333 0.3875 0.6366666666666667 0.39 0.6316666666666667 0.38875 0.6216666666666667 0.3925 0.6183333333333333 0.3925 0.5916666666666667 0.3875 0.5866666666666667 0.38625 0.58 0.37875 0.57 0.37875 0.5666666666666667 0.3725 0.5616666666666666 0.36875 0.5633333333333334 0.36625 0.57 0.35875 0.565 0.35 0.585 0.35 0.5916666666666667 0.35375 0.595 0.36875 0.595 0.3625 0.5983333333333334 0.35125 0.5983333333333334 0.33875 0.6083333333333333 0.3325 0.6183333333333333 0.32875 0.6333333333333333 0.325 0.64 0.29375 0.64 0.29 0.6366666666666667 0.2875 0.58 0.28875 0.56 0.28625 0.5566666666666666 0.28875 0.55 0.28625 0.515 0.28875 0.4766666666666667 0.29875 0.4716666666666667 0.40875 0.47333333333333333
2 0.6225 0.6483333333333333 0.68875 0.65 0.69125 0.6533333333333333 0.68625 0.7066666666666667 0.6825 0.7266666666666667 0.68375 0.7483333333333333 0.68 0.76 0.6775 0.79 0.66875 0.7966666666666666 0.665 0.795 0.66375 0.7916666666666666 0.66375 0.775 0.6575 0.76 0.65125 0.7333333333333333 0.63875 0.7066666666666667 0.6275 0.6966666666666667 0.61875 0.6966666666666667 0.6125 0.7 0.59875 0.7116666666666667 0.59375 0.7233333333333334 0.59375 0.7333333333333333 0.59875 0.745 0.6 0.7566666666666667 0.60375 0.7616666666666667 0.60625 0.7716666666666666 0.60875 0.775 0.6125 0.775 0.60875 0.7916666666666666 0.605 0.795 0.57375 0.7966666666666666 0.56 0.795 0.5575 0.7916666666666666 0.55625 0.785 0.56 0.7566666666666667 0.55875 0.735 0.56125 0.73 0.56375 0.6816666666666666 0.56875 0.6533333333333333 0.57125 0.65 0.62125 0.6483333333333333
3 0.3575 0.2683333333333333 0.3925 0.27166666666666667 0.4375 0.27166666666666667 0.475 0.27666666666666667 0.535 0.27666666666666667 0.63 0.2833333333333333 0.73125 0.285 0.7375 0.2866666666666667 0.74 0.295 0.72625 0.41 0.72375 0.41333333333333333 0.72375 0.44166666666666665 0.7175 0.4766666666666667 0.70875 0.5733333333333334 0.70375 0.595 0.70375 0.6116666666666667 0.6975 0.6533333333333333 0.69875 0.6566666666666666 0.695 0.69 0.68875 0.7283333333333334 0.6825 0.795 0.67625 0.8 0.66375 0.7983333333333333 0.67625 0.7866666666666666 0.67875 0.775 0.67875 0.7616666666666667 0.68125 0.7516666666666667 0.68 0.74 0.68625 0.7033333333333334 0.68625 0.685 0.69 0.6716666666666666 0.69 0.6533333333333333 0.6825 0.6483333333333333 0.57875 0.6483333333333333 0.57125 0.65 0.56625 0.6583333333333333 0.56375 0.6783333333333333 0.56375 0.7 0.56125 0.7116666666666667 0.5575 0.79 0.56 0.7933333333333333 0.5675 0.795 0.605 0.795 0.60375 0.8 0.54375 0.8 0.5025 0.8033333333333333 0.4025 0.8016666666666666 0.37125 0.805 0.28875 0.8033333333333333 0.28625 0.8 0.285 0.785 0.2825 0.6066666666666667 0.28375 0.5516666666666666 0.28125 0.52 0.2825 0.5133333333333333 0.27875 0.4066666666666667 0.2775 0.2683333333333333 0.35625 0.2683333333333333
4 0.5275 0.395 0.53625 0.4 0.54125 0.4066666666666667 0.54625 0.41833333333333333 0.5475 0.42833333333333334 0.545 0.445 0.54 0.455 0.5275 0.4683333333333333 0.5075 0.4683333333333333 0.5025 0.465 0.4925 0.45 0.48875 0.43833333333333335 0.48875 0.4216666666666667 0.4925 0.4116666666666667 0.5 0.40166666666666667 0.51125 0.395 0.52625 0.395
4 0.64375 0.7583333333333333 0.65375 0.76 0.66 0.7666666666666667 0.6625 0.775 0.6625 0.795 0.655 0.81 0.64 0.8183333333333334 0.63 0.8183333333333334 0.61875 0.8116666666666666 0.61125 0.7983333333333333 0.61125 0.7866666666666666 0.61875 0.7716666666666666 0.625 0.765 0.6325 0.76 0.6425 0.7583333333333333
4 0.8325 0.22166666666666668 0.84125 0.23166666666666666 0.845 0.24166666666666667 0.845 0.27 0.84 0.2816666666666667 0.8325 0.2916666666666667 0.81625 0.3 0.805 0.29833333333333334 0.79375 0.29 0.78875 0.2833333333333333 0.78625 0.2633333333333333 0.78875 0.24666666666666667 0.7925 0.23833333333333334 0.80375 0.225 0.81375 0.22 0.83125 0.22166666666666668
4 0.80375 0.4083333333333333 0.81 0.4116666666666667 0.8175 0.4216666666666667 0.81875 0.45 0.81625 0.4583333333333333 0.80875 0.47 0.79625 0.47833333333333333 0.77875 0.47833333333333333 0.77375 0.475 0.765 0.46166666666666667 0.76375 0.44333333333333336 0.76875 0.42833333333333334 0.77625 0.4166666666666667 0.78875 0.4083333333333333 0.8025 0.4083333333333333