1 0.7 0.145 0.7075 0.14666666666666667 0.7175 0.16333333333333333 0.73 0.16333333333333333 0.73375 0.17 0.7325 0.26 0.73 0.2833333333333333 0.73125 0.335 0.72875 0.36333333333333334 0.725 0.5083333333333333 0.72 0.815 0.71875 0.8416666666666667 0.71625 0.8466666666666667 0.69375 0.8466666666666667 0.38375 0.8083333333333333 0.365 0.8083333333333333 0.34125 0.8033333333333333 0.2925 0.8 0.25625 0.795 0.2475 0.7916666666666666 0.245 0.7883333333333333 0.245 0.77 0.255 0.6066666666666667 0.2575 0.5316666666666666 0.26125 0.5116666666666667 0.2575 0.505 0.2475 0.5033333333333333 0.24 0.49833333333333335 0.2325 0.4866666666666667 0.23375 0.4633333333333333 0.2375 0.45666666666666667 0.2475 0.4483333333333333 0.25875 0.4483333333333333 0.2625 0.43666666666666665 0.26375 0.42333333333333334 0.26375 0.385 0.2675 0.37166666666666665 0.24875 0.36 0.2425 0.3516666666666667 0.24125 0.3466666666666667 0.24125 0.33 0.24375 0.32166666666666666 0.24875 0.31333333333333335 0.25375 0.31 0.26625 0.30833333333333335 0.27 0.28833333333333333 0.27125 0.25 0.275 0.23666666666666666 0.25875 0.22666666666666666 0.25 0.21666666666666667 0.2475 0.21 0.2475 0.195 0.25125 0.18666666666666668 0.25875 0.17833333333333334 0.265 0.175 0.27375 0.17666666666666667 0.2975 0.195 0.31125 0.195 0.32875 0.19 0.43875 0.185 0.48875 0.17833333333333334 0.6375 0.16833333333333333 0.6575 0.165 0.66 0.165 0.665 0.175 0.66875 0.16166666666666665 0.67875 0.14666666666666667 0.69375 0.14333333333333334 0.69875 0.145
0 0.26125 0.30666666666666664 0.27375 0.31333333333333335 0.27875 0.32166666666666666 0.27875 0.3433333333333333 0.27375 0.3566666666666667 0.265 0.365 0.25625 0.365 0.24375 0.3566666666666667 0.24 0.34833333333333333 0.24 0.3283333333333333 0.2425 0.32 0.24875 0.31166666666666665 0.25375 0.30833333333333335 0.26 0.30833333333333335
0 0.345 0.47333333333333333 0.35125 0.47833333333333333 0.35625 0.48833333333333334 0.35625 0.5133333333333333 0.35125 0.525 0.3425 0.5333333333333333 0.33125 0.5333333333333333 0.32375 0.53 0.31375 0.515 0.3125 0.49833333333333335 0.315 0.4866666666666667 0.325 0.475 0.33375 0.4716666666666667 0.34375 0.47333333333333333
0 0.25625 0.44666666666666666 0.265 0.45166666666666666 0.27125 0.4633333333333333 0.27 0.48333333333333334 0.26625 0.49333333333333335 0.2575 0.505 0.2475 0.505 0.24 0.5016666666666667 0.23125 0.4866666666666667 0.23125 0.4666666666666667 0.23375 0.46 0.24375 0.4483333333333333 0.255 0.44666666666666666
0 0.2725 0.17333333333333334 0.28375 0.18333333333333332 0.28625 0.19166666666666668 0.28625 0.20166666666666666 0.28 0.22 0.275 0.22666666666666666 0.26875 0.23 0.255 0.225 0.2475 0.215 0.245 0.20166666666666666 0.2475 0.19 0.25375 0.18 0.2625 0.17333333333333334 0.27125 0.17333333333333334
0 0.45 0.465 0.46 0.4766666666666667 0.46375 0.48833333333333334 0.46375 0.5 0.46125 0.51 0.4575 0.52 0.45125 0.5266666666666666 0.435 0.5266666666666666 0.42375 0.52 0.42 0.5133333333333333 0.4175 0.5 0.42 0.48 0.4275 0.4683333333333333 0.44125 0.4633333333333333 0.44875 0.465
4 0.6975 0.295 0.70625 0.3016666666666667 0.71125 0.31 0.715 0.3233333333333333 0.715 0.335 0.7075 0.35 0.695 0.35833333333333334 0.675 0.3566666666666667 0.66125 0.33666666666666667 0.66125 0.32 0.67125 0.3016666666666667 0.6825 0.295 0.69625 0.295
4 0.69375 0.13666666666666666 0.705 0.14 0.71375 0.15 0.7175 0.165 0.7175 0.17666666666666667 0.71375 0.18833333333333332 0.7075 0.195 0.6925 0.20166666666666666 0.6825 0.2 0.67375 0.195 0.66625 0.17666666666666667 0.66625 0.165 0.67 0.15333333333333332 0.6775 0.14333333333333334 0.6925 0.13666666666666666
4 0.4675 0.2966666666666667 0.47875 0.31166666666666665 0.47875 0.3333333333333333 0.47625 0.3416666666666667 0.47125 0.34833333333333333 0.4575 0.3566666666666667 0.45 0.355 0.4375 0.3433333333333333 0.43375 0.3333333333333333 0.43375 0.31833333333333336 0.4375 0.30666666666666664 0.445 0.29833333333333334 0.45125 0.295 0.46625 0.2966666666666667
4 0.575 0.6333333333333333 0.585 0.6383333333333333 0.59 0.645 0.595 0.66 0.595 0.6783333333333333 0.59125 0.6883333333333334 0.58625 0.695 0.5775 0.7 0.5625 0.6983333333333334 0.555 0.6933333333333334 0.55 0.6866666666666666 0.54625 0.67 0.5475 0.655 0.5525 0.6433333333333333 0.56125 0.635 0.57375 0.6333333333333333
2 0.64125 0.25166666666666665 0.65625 0.25333333333333335 0.65875 0.25666666666666665 0.66 0.265 0.65875 0.30833333333333335 0.65625 0.32666666666666666 0.6575 0.34833333333333333 0.655 0.3516666666666667 0.655 0.395 0.65125 0.405 0.64 0.4066666666666667 0.54375 0.4066666666666667 0.54125 0.4033333333333333 0.54125 0.365 0.54375 0.3333333333333333 0.5425 0.31666666666666665 0.54375 0.29333333333333333 0.54625 0.285 0.54625 0.265 0.55125 0.26 0.5675 0.25666666666666665 0.60875 0.25666666666666665 0.64 0.25166666666666665
2 0.6425 0.5833333333333334 0.64875 0.5866666666666667 0.65 0.6233333333333333 0.6475 0.655 0.64875 0.67 0.64625 0.7416666666666667 0.64125 0.745 0.5575 0.7383333333333333 0.5325 0.735 0.52875 0.7316666666666667 0.53 0.6666666666666666 0.53375 0.61 0.5325 0.5933333333333334 0.53375 0.585 0.5375 0.58 0.64125 0.5833333333333334
2 0.46375 0.575 0.525 0.58 0.52625 0.6 0.52375 0.6183333333333333 0.5225 0.715 0.52125 0.7283333333333334 0.51875 0.7316666666666667 0.48 0.7316666666666667 0.4525 0.7266666666666667 0.4225 0.725 0.41625 0.7233333333333334 0.41375 0.72 0.4125 0.68 0.4175 0.625 0.41875 0.5833333333333334 0.42375 0.575 0.4625 0.575
2 0.4375 0.4166666666666667 0.5175 0.4166666666666667 0.52625 0.41833333333333333 0.53 0.4216666666666667 0.52875 0.5283333333333333 0.525 0.5683333333333334 0.4275 0.565 0.42 0.56 0.41875 0.5283333333333333 0.42125 0.515 0.425 0.5166666666666667 0.42875 0.5233333333333333 0.445 0.5283333333333333 0.45375 0.525 0.45875 0.5183333333333333 0.46375 0.5033333333333333 0.46125 0.47833333333333333 0.4525 0.4666666666666667 0.435 0.465 0.42875 0.4683333333333333 0.425 0.475 0.42125 0.475 0.425 0.42333333333333334 0.43 0.41833333333333333 0.43625 0.4166666666666667
2 0.42 0.26666666666666666 0.4225 0.2683333333333333 0.4225 0.31333333333333335 0.42 0.3333333333333333 0.41875 0.395 0.4175 0.4033333333333333 0.415 0.4066666666666667 0.405 0.4083333333333333 0.31875 0.4066666666666667 0.3175 0.385 0.32 0.37 0.31875 0.33166666666666667 0.32125 0.325 0.32125 0.28833333333333333 0.3225 0.27666666666666667 0.32875 0.2683333333333333 0.41875 0.26666666666666666
2 0.55125 0.4166666666666667 0.57125 0.42 0.64375 0.4166666666666667 0.6525 0.4216666666666667 0.65375 0.4766666666666667 0.65125 0.49 0.65125 0.5483333333333333 0.65 0.5683333333333334 0.64625 0.5733333333333334 0.5425 0.57 0.535 0.5633333333333334 0.535 0.5283333333333333 0.5375 0.5083333333333333 0.53625 0.48333333333333334 0.5375 0.46 0.54 0.45166666666666666 0.53875 0.42833333333333334 0.5425 0.41833333333333333 0.55 0.4166666666666667
2 0.31375 0.5683333333333334 0.3975 0.5733333333333334 0.4025 0.5716666666666667 0.41 0.575 0.41 0.6066666666666667 0.4075 0.6233333333333333 0.4075 0.6966666666666667 0.405 0.72 0.37 0.7216666666666667 0.3375 0.7166666666666667 0.31375 0.7166666666666667 0.30375 0.7133333333333334 0.30375 0.65 0.3075 0.6183333333333333 0.30875 0.575 0.31 0.57 0.3125 0.57
2 0.53 0.25833333333333336 0.53625 0.265 0.53375 0.36833333333333335 0.53125 0.3983333333333333 0.5275 0.405 0.5175 0.4066666666666667 0.42875 0.405 0.42625 0.40166666666666667 0.42625 0.355 0.42875 0.34833333333333333 0.4275 0.345 0.43125 0.34 0.43125 0.33666666666666667 0.4425 0.35 0.4525 0.3566666666666667 0.46 0.35833333333333334 0.46625 0.355 0.47625 0.3433333333333333 0.47875 0.33666666666666667 0.48 0.31666666666666665 0.47875 0.31 0.4725 0.3016666666666667 0.465 0.295 0.45625 0.29333333333333333 0.45125 0.295 0.445 0.305 0.43875 0.30666666666666664 0.4325 0.31833333333333336 0.4325 0.3283333333333333 0.43 0.3283333333333333 0.4275 0.30333333333333334 0.43 0.29833333333333334 0.43125 0.27166666666666667 0.43625 0.265 0.48625 0.2633333333333333 0.495 0.26 0.50875 0.26166666666666666 0.52875 0.25833333333333336
2 0.33125 0.4166666666666667 0.41375 0.4166666666666667 0.41625 0.42 0.41375 0.49 0.415 0.5166666666666667 0.41125 0.5583333333333333 0.4075 0.5633333333333334 0.32 0.56 0.31125 0.5566666666666666 0.31 0.535 0.3125 0.5266666666666666 0.3125 0.5166666666666667 0.31 0.515 0.31 0.495 0.3125 0.48833333333333334 0.31625 0.4266666666666667 0.3175 0.41833333333333333 0.33 0.4166666666666667
3 0.65875 0.245 0.6625 0.24833333333333332 0.66375 0.255 0.66375 0.2866666666666667 0.66 0.29833333333333334 0.66125 0.305 0.6575 0.315 0.65625 0.31 0.66 0.30666666666666664 0.6575 0.305 0.66 0.2966666666666667 0.65625 0.2866666666666667 0.6575 0.26166666666666666 0.65375 0.255 0.61875 0.25333333333333335 0.60625 0.25666666666666665 0.575 0.25666666666666665 0.55375 0.25833333333333336 0.5475 0.2633333333333333 0.5475 0.2866666666666667 0.54375 0.2966666666666667 0.545 0.3333333333333333 0.5425 0.345 0.5425 0.375 0.54 0.395 0.54 0.4033333333333333 0.5425 0.4066666666666667 0.65 0.4066666666666667 0.65375 0.4033333333333333 0.655 0.395 0.65375 0.38166666666666665 0.65625 0.36833333333333335 0.65375 0.3516666666666667 0.66125 0.3516666666666667 0.66125 0.42833333333333334 0.65875 0.495 0.65625 0.5 0.65875 0.525 0.65625 0.555 0.65625 0.6316666666666667 0.65375 0.6433333333333333 0.655 0.6716666666666666 0.6525 0.6866666666666666 0.65375 0.73 0.65125 0.7383333333333333 0.65125 0.7483333333333333 0.64875 0.7516666666666667 0.625 0.7516666666666667 0.615 0.7483333333333333 0.58125 0.745 0.53625 0.7433333333333333 0.50625 0.7383333333333333 0.49 0.7383333333333333 0.48 0.735 0.46375 0.7366666666666667 0.3925 0.7283333333333334 0.36875 0.7283333333333334 0.33375 0.7216666666666667 0.305 0.7216666666666667 0.3 0.72 0.29875 0.69 0.30125 0.6316666666666667 0.305 0.6 0.30375 0.58 0.30625 0.5633333333333334 0.305 0.56 0.3075 0.5166666666666667 0.31 0.515 0.31 0.5116666666666667 0.31 0.515 0.31375 0.5183333333333333 0.31125 0.5216666666666666 0.3125 0.5583333333333333 0.4075 0.565 0.4125 0.5583333333333333 0.41375 0.5316666666666666 0.4175 0.5183333333333333 0.42125 0.5316666666666666 0.41875 0.5483333333333333 0.42 0.56 0.42375 0.565 0.49 0.5666666666666667 0.515 0.57 0.52375 0.5683333333333334 0.5275 0.5616666666666666 0.53125 0.425 0.53 0.42 0.52625 0.4166666666666667 0.46875 0.41833333333333333 0.43875 0.415 0.43 0.41833333333333333 0.425 0.4266666666666667 0.4225 0.445 0.4225 0.47 0.41875 0.4766666666666667 0.415 0.495 0.41375 0.49333333333333335 0.41625 0.48 0.415 0.465 0.4175 0.43166666666666664 0.415 0.41833333333333333 0.32375 0.4166666666666667 0.31875 0.4216666666666667 0.3175 0.4266666666666667 0.315 0.44666666666666666 0.315 0.4683333333333333 0.31375 0.47833333333333333 0.31125 0.47833333333333333 0.31 0.455 0.31375 0.4116666666666667 0.3125 0.385 0.31625 0.355 0.31625 0.31833333333333336 0.32 0.2916666666666667 0.31875 0.28 0.32125 0.2633333333333333 0.3775 0.26166666666666666 0.48375 0.25333333333333335 0.54125 0.25333333333333335 0.55875 0.25 0.59875 0.25 0.61125 0.24666666666666667 0.6575 0.245