1 0.6125 0.12833333333333333 0.6225 0.13833333333333334 0.6275 0.175 0.63 0.21833333333333332 0.63 0.265 0.6325 0.27666666666666667 0.63125 0.285 0.63375 0.30666666666666664 0.6325 0.31 0.63625 0.3383333333333333 0.63875 0.41333333333333333 0.6475 0.54 0.6475 0.57 0.65125 0.6016666666666667 0.65 0.61 0.6525 0.6216666666666667 0.6525 0.6466666666666666 0.6575 0.7066666666666667 0.65625 0.7583333333333333 0.65875 0.7666666666666667 0.65875 0.7783333333333333 0.65125 0.7816666666666666 0.62125 0.7783333333333333 0.60125 0.785 0.5575 0.7883333333333333 0.50375 0.7866666666666666 0.4975 0.79 0.4775 0.7933333333333333 0.41625 0.795 0.40125 0.79 0.39625 0.795 0.3625 0.8 0.30375 0.8016666666666666 0.28875 0.81 0.2775 0.81 0.2675 0.8016666666666666 0.24875 0.8066666666666666 0.16625 0.81 0.16375 0.8016666666666666 0.16375 0.6883333333333334 0.16125 0.67 0.16375 0.6216666666666667 0.16125 0.6 0.16125 0.5116666666666667 0.15875 0.465 0.16 0.4266666666666667 0.15625 0.31166666666666665 0.1575 0.29 0.15375 0.21333333333333335 0.155 0.19 0.165 0.185 0.24625 0.18 0.24875 0.17666666666666667 0.25125 0.165 0.2625 0.15333333333333332 0.2825 0.15333333333333332 0.29 0.15833333333333333 0.3 0.175 0.33875 0.17333333333333334 0.35625 0.17 0.3625 0.15166666666666667 0.3725 0.14333333333333334 0.3925 0.14333333333333334 0.40375 0.15333333333333332 0.40375 0.15833333333333333 0.40875 0.16666666666666666 0.4175 0.16666666666666666 0.465 0.16166666666666665 0.46875 0.155 0.47 0.145 0.4775 0.13666666666666666 0.48625 0.13333333333333333 0.50125 0.13333333333333333 0.50625 0.13666666666666666 0.51125 0.14166666666666666 0.515 0.15 0.515 0.155 0.5175 0.15833333333333333 0.5225 0.15833333333333333 0.57375 0.15333333333333332 0.58 0.13666666666666666 0.585 0.13 0.58875 0.13 0.59125 0.12666666666666668 0.61125 0.12833333333333333
0 0.3875 0.385 0.39375 0.38666666666666666 0.40125 0.3933333333333333 0.4075 0.4083333333333333 0.4075 0.4216666666666667 0.40375 0.43166666666666664 0.3975 0.44166666666666665 0.38875 0.44666666666666666 0.37625 0.44666666666666666 0.36875 0.44333333333333336 0.3625 0.435 0.35875 0.4216666666666667 0.35875 0.4 0.365 0.39166666666666666 0.3725 0.38666666666666666 0.38625 0.385
0 0.28625 0.15166666666666667 0.2925 0.15666666666666668 0.29875 0.16666666666666666 0.2975 0.18666666666666668 0.29375 0.19666666666666666 0.27625 0.20666666666666667 0.2625 0.205 0.25375 0.195 0.2475 0.17833333333333334 0.2475 0.16666666666666666 0.25375 0.15666666666666668 0.265 0.15 0.285 0.15166666666666667
0 0.60625 0.12166666666666667 0.61875 0.12833333333333333 0.62625 0.14 0.6275 0.14666666666666667 0.62625 0.16166666666666665 0.615 0.17666666666666667 0.6075 0.18166666666666667 0.59125 0.18166666666666667 0.58625 0.17833333333333334 0.5775 0.16666666666666666 0.575 0.15166666666666667 0.575 0.14333333333333334 0.58 0.13166666666666665 0.58875 0.125 0.605 0.12166666666666667
0 0.4025 0.14666666666666667 0.4075 0.15666666666666668 0.4075 0.16333333333333333 0.405 0.16666666666666666 0.40125 0.18833333333333332 0.39625 0.195 0.3875 0.19833333333333333 0.36875 0.19666666666666666 0.3625 0.19 0.3575 0.17 0.35875 0.155 0.36375 0.14666666666666667 0.3775 0.14 0.39125 0.14 0.40125 0.14666666666666667
0 0.505 0.13166666666666665 0.51375 0.14 0.5175 0.14833333333333334 0.5175 0.155 0.51125 0.17833333333333334 0.5075 0.18333333333333332 0.49875 0.18833333333333332 0.4825 0.18833333333333332 0.47625 0.185 0.4725 0.17833333333333334 0.46625 0.15166666666666667 0.47125 0.14 0.47625 0.135 0.49625 0.13 0.50375 0.13166666666666665
4 0.63875 0.7116666666666667 0.65375 0.7216666666666667 0.65875 0.73 0.6575 0.7583333333333333 0.65125 0.7666666666666667 0.64 0.775 0.62375 0.775 0.61875 0.7716666666666666 0.6125 0.7633333333333333 0.60875 0.7483333333333333 0.61125 0.73 0.6175 0.7166666666666667 0.62625 0.7116666666666667 0.6375 0.7116666666666667
4 0.405 0.725 0.41875 0.7333333333333333 0.42625 0.7533333333333333 0.425 0.77 0.42125 0.7783333333333333 0.415 0.785 0.4075 0.7883333333333333 0.3975 0.7883333333333333 0.3875 0.7833333333333333 0.3825 0.7766666666666666 0.37875 0.76 0.37875 0.7466666666666667 0.3825 0.7366666666666667 0.3925 0.7266666666666667 0.40375 0.725
4 0.29125 0.7483333333333333 0.3 0.7533333333333333 0.305 0.76 0.30875 0.7716666666666666 0.3075 0.7933333333333333 0.29875 0.8083333333333333 0.2925 0.8116666666666666 0.2775 0.8116666666666666 0.27125 0.8083333333333333 0.26375 0.7916666666666666 0.26125 0.78 0.2625 0.7683333333333333 0.27125 0.7533333333333333 0.27875 0.7483333333333333 0.29 0.7483333333333333
4 0.52375 0.7183333333333334 0.5375 0.7316666666666667 0.54 0.7383333333333333 0.54 0.76 0.53375 0.7733333333333333 0.5225 0.7816666666666666 0.50875 0.7816666666666666 0.50375 0.7783333333333333 0.49625 0.77 0.4925 0.755 0.49625 0.7316666666666667 0.50375 0.7216666666666667 0.50875 0.7183333333333334 0.5225 0.7183333333333334
2 0.55875 0.23666666666666666 0.56375 0.275 0.56375 0.31333333333333335 0.56625 0.31666666666666665 0.565 0.33166666666666667 0.5675 0.375 0.5425 0.38 0.4775 0.38333333333333336 0.465 0.38333333333333336 0.46 0.38 0.45625 0.24833333333333332 0.46 0.24333333333333335 0.4725 0.24 0.495 0.24 0.5375 0.235 0.5575 0.23666666666666666
2 0.57375 0.5433333333333333 0.57875 0.55 0.58 0.5666666666666667 0.58125 0.6183333333333333 0.58375 0.6233333333333333 0.5825 0.6383333333333333 0.585 0.6483333333333333 0.58375 0.6916666666666667 0.58125 0.695 0.53125 0.6966666666666667 0.51375 0.7 0.47625 0.7 0.4725 0.695 0.4675 0.5566666666666666 0.4725 0.55 0.48375 0.5483333333333333 0.5725 0.5433333333333333
2 0.33875 0.25333333333333335 0.36375 0.24833333333333332 0.44 0.245 0.4425 0.25 0.44625 0.3433333333333333 0.44875 0.3616666666666667 0.44875 0.38 0.4475 0.38333333333333336 0.44 0.38666666666666666 0.39875 0.3883333333333333 0.39125 0.38333333333333336 0.37625 0.38333333333333336 0.3625 0.39166666666666666 0.34375 0.39 0.34375 0.355 0.34125 0.34833333333333333 0.3425 0.34 0.34 0.325 0.33875 0.255
2 0.5625 0.38666666666666666 0.5675 0.3883333333333333 0.57 0.395 0.5725 0.43166666666666664 0.5725 0.495 0.575 0.505 0.57625 0.5283333333333333 0.5675 0.5333333333333333 0.51625 0.535 0.475 0.54 0.47 0.5383333333333333 0.46625 0.5283333333333333 0.46125 0.4 0.47 0.3933333333333333 0.56125 0.38666666666666666
2 0.44375 0.395 0.45 0.4 0.4525 0.415 0.45125 0.435 0.45625 0.5383333333333333 0.4475 0.5416666666666666 0.35625 0.5483333333333333 0.35125 0.5483333333333333 0.3475 0.545 0.3475 0.49166666666666664 0.345 0.47333333333333333 0.34625 0.4066666666666667 0.3525 0.4033333333333333 0.35875 0.405 0.3575 0.42333333333333334 0.3625 0.43666666666666665 0.3725 0.44666666666666666 0.3875 0.45 0.3975 0.445 0.4025 0.43833333333333335 0.40625 0.4266666666666667 0.4075 0.41333333333333333 0.405 0.40166666666666667 0.4075 0.3983333333333333 0.4425 0.395
2 0.32875 0.405 0.33375 0.4066666666666667 0.335 0.41333333333333333 0.335 0.46 0.33875 0.4716666666666667 0.335 0.4766666666666667 0.335 0.4866666666666667 0.3375 0.49 0.3375 0.5116666666666667 0.335 0.5266666666666666 0.3375 0.545 0.3275 0.55 0.245 0.5566666666666666 0.23125 0.5566666666666666 0.2275 0.5533333333333333 0.2275 0.46 0.225 0.43166666666666664 0.22625 0.41333333333333333 0.23125 0.41 0.25 0.41 0.26625 0.4066666666666667 0.3275 0.405
2 0.32375 0.255 0.32625 0.26 0.3275 0.2916666666666667 0.33 0.3016666666666667 0.32875 0.31666666666666665 0.3325 0.36 0.33125 0.39 0.3275 0.3933333333333333 0.31625 0.395 0.2575 0.4 0.22625 0.4 0.225 0.39666666666666667 0.225 0.31666666666666665 0.2225 0.295 0.22375 0.265 0.22875 0.26 0.2375 0.25833333333333336 0.2775 0.25666666666666665 0.29 0.25333333333333335 0.3225 0.255
2 0.284375 0.6391666666666667 0.11625 0.15833333333333333
2 0.45625 0.5533333333333333 0.45875 0.5833333333333334 0.45875 0.6183333333333333 0.46125 0.63 0.46 0.7 0.44875 0.7033333333333334 0.365 0.7083333333333334 0.35625 0.7083333333333334 0.35125 0.7016666666666667 0.34875 0.6583333333333333 0.34875 0.56 0.395 0.5533333333333333 0.455 0.5533333333333333
3 0.56375 0.23 0.57 0.24833333333333332 0.5725 0.275 0.57125 0.295 0.575 0.32166666666666666 0.57375 0.33 0.57625 0.345 0.58125 0.48333333333333334 0.58375 0.49166666666666664 0.5825 0.535 0.585 0.5466666666666666 0.58625 0.5733333333333334 0.585 0.5916666666666667 0.59125 0.6633333333333333 0.59 0.6966666666666667 0.5875 0.7 0.58 0.7016666666666667 0.47 0.7066666666666667 0.4525 0.71 0.40875 0.71 0.39625 0.7133333333333334 0.36375 0.715 0.2725 0.7166666666666667 0.24375 0.7216666666666667 0.2275 0.7216666666666667 0.22375 0.6966666666666667 0.22375 0.5466666666666666 0.22 0.515 0.22375 0.4816666666666667 0.22125 0.4766666666666667 0.22125 0.4 0.21875 0.39666666666666667 0.22 0.37166666666666665 0.2175 0.3616666666666667 0.22 0.34833333333333333 0.21875 0.3383333333333333 0.22125 0.335 0.22125 0.33 0.21875 0.3283333333333333 0.21625 0.3 0.21625 0.27166666666666667 0.22 0.265 0.22 0.25833333333333336 0.22375 0.255 0.2475 0.255 0.2825 0.25 0.2875 0.25166666666666665 0.28625 0.255 0.2475 0.255 0.24125 0.25833333333333336 0.22875 0.25833333333333336 0.22125 0.2683333333333333 0.22 0.27166666666666667 0.22375 0.2916666666666667 0.2225 0.30333333333333334 0.22625 0.32666666666666666 0.22625 0.3416666666666667 0.22375 0.3516666666666667 0.22375 0.375 0.22625 0.39666666666666667 0.23 0.40166666666666667 0.29625 0.395 0.30375 0.39666666666666667 0.3275 0.3933333333333333 0.33125 0.39 0.33 0.30333333333333334 0.32625 0.29333333333333333 0.325 0.26166666666666666 0.3175 0.25333333333333335 0.2925 0.25166666666666665 0.3275 0.24833333333333332 0.33875 0.245 0.3625 0.24666666666666667 0.39875 0.24166666666666667 0.4475 0.24 0.46125 0.23666666666666666 0.49 0.23666666666666666 0.505 0.23333333333333334 0.52375 0.23333333333333334 0.53375 0.23 0.5625 0.23