1 0.22375 0.08333333333333333 0.2325 0.08833333333333333 0.245 0.08666666666666667 0.24875 0.08333333333333333 0.29125 0.08333333333333333 0.30125 0.08833333333333333 0.3075 0.08833333333333333 0.3175 0.08333333333333333 0.36125 0.085 0.3725 0.08833333333333333 0.3825 0.085 0.44625 0.08833333333333333 0.45125 0.085 0.48375 0.08333333333333333 0.50125 0.08833333333333333 0.5175 0.08333333333333333 0.575 0.085 0.65125 0.08166666666666667 0.6675 0.08833333333333333 0.67 0.09333333333333334 0.67375 0.11333333333333333 0.6725 0.12 0.665 0.13333333333333333 0.6675 0.135 0.66625 0.14166666666666666 0.66875 0.15166666666666667 0.6725 0.15666666666666668 0.69375 0.15666666666666668 0.70375 0.14666666666666667 0.70625 0.135 0.7125 0.135 0.71625 0.15833333333333333 0.71625 0.22 0.71375 0.22333333333333333 0.70625 0.22166666666666668 0.70125 0.225 0.6925 0.225 0.6825 0.23333333333333334 0.6775 0.24666666666666667 0.68 0.25 0.69 0.24833333333333332 0.69625 0.24 0.69625 0.25333333333333335 0.69875 0.25666666666666665 0.70625 0.24666666666666667 0.71 0.25333333333333335 0.7175 0.25333333333333335 0.7225 0.24833333333333332 0.725 0.25166666666666665 0.7225 0.255 0.7225 0.26666666666666666 0.72 0.27 0.7125 0.2683333333333333 0.7125 0.275 0.70875 0.275 0.705 0.285 0.69875 0.2783333333333333 0.695 0.28 0.6925 0.2683333333333333 0.69 0.265 0.685 0.265 0.6825 0.26 0.675 0.25666666666666665 0.67375 0.265 0.66125 0.2733333333333333 0.66125 0.2833333333333333 0.65875 0.2916666666666667 0.6625 0.295 0.665 0.3016666666666667 0.66875 0.30333333333333334 0.67 0.30833333333333335 0.675 0.31 0.67375 0.31333333333333335 0.6775 0.31833333333333336 0.69875 0.315 0.69875 0.31 0.705 0.3 0.71625 0.3 0.7175 0.30666666666666664 0.7175 0.395 0.71375 0.3983333333333333 0.70125 0.39666666666666667 0.69125 0.4 0.68 0.41333333333333333 0.67625 0.4216666666666667 0.67625 0.43833333333333335 0.68 0.46 0.6975 0.475 0.72 0.475 0.72125 0.48333333333333334 0.72375 0.72 0.72625 0.7783333333333333 0.72625 0.8116666666666666 0.72375 0.8216666666666667 0.715 0.825 0.63625 0.8266666666666667 0.55 0.825 0.52875 0.8283333333333334 0.41 0.8266666666666667 0.19625 0.83 0.1975 0.825 0.2025 0.8216666666666667 0.205 0.8166666666666667 0.21 0.815 0.22125 0.7983333333333333 0.2225 0.7766666666666666 0.21375 0.755 0.19625 0.7433333333333333 0.18125 0.745 0.165 0.7566666666666667 0.16 0.7566666666666667 0.1575 0.7533333333333333 0.1575 0.655 0.16 0.6483333333333333 0.19 0.6516666666666666 0.2025 0.645 0.20625 0.6466666666666666 0.21375 0.64 0.22375 0.62 0.22 0.605 0.215 0.5983333333333334 0.215 0.595 0.20625 0.585 0.1875 0.575 0.16 0.575 0.16 0.4766666666666667 0.16375 0.4683333333333333 0.17125 0.4683333333333333 0.175 0.47 0.175 0.47333333333333333 0.17875 0.4766666666666667 0.1875 0.4766666666666667 0.1875 0.48 0.1925 0.485 0.2075 0.48333333333333334 0.2225 0.4666666666666667 0.22125 0.4633333333333333 0.22625 0.45666666666666667 0.22125 0.4483333333333333 0.22 0.43666666666666665 0.21625 0.43166666666666664 0.21375 0.43166666666666664 0.2125 0.4266666666666667 0.2025 0.42 0.195 0.4083333333333333 0.1775 0.395 0.16125 0.395 0.16125 0.305 0.16375 0.295 0.175 0.295 0.1825 0.2966666666666667 0.185 0.3 0.185 0.305 0.19 0.31 0.19125 0.31666666666666665 0.19625 0.315 0.2025 0.30833333333333335 0.20625 0.315 0.21 0.30833333333333335 0.215 0.305 0.21625 0.3 0.21625 0.2966666666666667 0.2125 0.2916666666666667 0.2075 0.2916666666666667 0.21 0.29 0.2225 0.295 0.2275 0.2916666666666667 0.22375 0.2866666666666667 0.22 0.2866666666666667 0.215 0.2733333333333333 0.2125 0.2733333333333333 0.20875 0.2683333333333333 0.2025 0.2683333333333333 0.2025 0.255 0.2 0.25166666666666665 0.2 0.24666666666666667 0.19125 0.23166666666666666 0.18 0.22333333333333333 0.17125 0.22333333333333333 0.16875 0.21833333333333332 0.16125 0.21666666666666667 0.16375 0.15 0.1625 0.14333333333333334 0.165 0.135 0.1675 0.13333333333333333 0.17125 0.14 0.1825 0.13666666666666666 0.18625 0.15333333333333332 0.1925 0.16166666666666665 0.20625 0.16166666666666665 0.21875 0.15333333333333332 0.22625 0.145 0.22625 0.135 0.2225 0.12833333333333333 0.21625 0.125 0.21875 0.12166666666666667 0.21875 0.115 0.21125 0.11166666666666666 0.21125 0.10166666666666667 0.20625 0.1 0.205 0.095 0.2125 0.085 0.2225 0.085
1 0.10375 0 0.19125 0 0.19375 0.0033333333333333335 0.20375 0 0.25875 0 0.26375 0.0033333333333333335 0.28 0.0033333333333333335 0.28875 0 0.2925 0.0033333333333333335 0.29625 0 0.4125 0 0.42125 0.0033333333333333335 0.42375 0 0.45625 0 0.46 0.0033333333333333335 0.4625 0 0.53375 0 0.5375 0.0033333333333333335 0.5525 0 0.605 0 0.60875 0.0033333333333333335 0.61875 0.0033333333333333335 0.62125 0 0.65125 0 0.65375 0.0033333333333333335 0.6675 0.0033333333333333335 0.6775 0 0.765 0 0.7675 0.0033333333333333335 0.77125 0.13 0.77375 0.15666666666666668 0.7725 0.17166666666666666 0.775 0.18666666666666668 0.77625 0.225 0.77625 0.31 0.77875 0.325 0.78 0.36666666666666664 0.78 0.3933333333333333 0.7775 0.415 0.78 0.475 0.7775 0.485 0.7775 0.515 0.78 0.5216666666666666 0.77875 0.5333333333333333 0.78125 0.5583333333333333 0.78 0.59 0.785 0.605 0.785 0.62 0.78125 0.6366666666666667 0.78375 0.645 0.78125 0.655 0.78125 0.6716666666666666 0.78625 0.6783333333333333 0.78875 0.6966666666666667 0.78875 0.71 0.78625 0.7116666666666667 0.78625 0.7166666666666667 0.78875 0.72 0.78875 0.7433333333333333 0.78125 0.7466666666666667 0.78125 0.7566666666666667 0.7825 0.7583333333333333 0.78625 0.755 0.78875 0.7583333333333333 0.78625 0.7616666666666667 0.7925 0.775 0.79125 0.8033333333333333 0.79375 0.8166666666666667 0.7925 0.8333333333333334 0.795 0.8733333333333333 0.795 0.885 0.7925 0.8933333333333333 0.7925 0.925 0.795 0.935 0.79625 0.9633333333333334 0.79375 0.97 0.79625 0.995 0.78875 0.9983333333333333 0.78375 0.995 0.77375 0.995 0.77 0.9983333333333333 0.765 0.995 0.755 0.9983333333333333 0.73625 0.995 0.7325 0.9983333333333333 0.7275 0.9983333333333333 0.72 0.9933333333333333 0.615 0.9933333333333333 0.6025 0.995 0.59875 0.9983333333333333 0.58875 0.9933333333333333 0.51125 0.9933333333333333 0.50625 0.9966666666666667 0.42125 0.995 0.41625 0.9983333333333333 0.4075 0.995 0.3925 0.9966666666666667 0.3875 0.9933333333333333 0.3375 0.9933333333333333 0.325 0.9983333333333333 0.32 0.995 0.30375 0.9933333333333333 0.25375 0.9966666666666667 0.24625 0.9933333333333333 0.23625 0.995 0.2225 0.9916666666666667 0.19625 0.995 0.1925 0.9983333333333333 0.1825 0.995 0.105 0.995 0.08625 0.9983333333333333 0.08125 0.995 0.08125 0.9166666666666666 0.08375 0.8833333333333333 0.0825 0.84 0.085 0.8083333333333333 0.08375 0.775 0.08625 0.7616666666666667 0.08625 0.6883333333333334 0.09 0.6383333333333333 0.08875 0.5966666666666667 0.09125 0.565 0.08875 0.5383333333333333 0.09125 0.525 0.0925 0.485 0.0925 0.38333333333333336 0.095 0.36666666666666664 0.09375 0.32666666666666666 0.09625 0.315 0.095 0.29 0.0975 0.2683333333333333 0.09625 0.23 0.09875 0.22333333333333333 0.0975 0.18666666666666668 0.1 0.16833333333333333 0.09875 0.135 0.10125 0.10833333333333334 0.1 0.06666666666666667 0.1025 0.05 0.10125 0.005 0.10375 0.0016666666666666668
0 0.1775 0.3983333333333333 0.19 0.405 0.2 0.4216666666666667 0.2 0.445 0.19625 0.45666666666666667 0.19125 0.4633333333333333 0.1775 0.47 0.15625 0.4666666666666667 0.15 0.46 0.14375 0.44666666666666666 0.14375 0.42833333333333334 0.14875 0.41333333333333333 0.16 0.4 0.17625 0.3983333333333333
0 0.1925 0.058333333333333334 0.1975 0.06666666666666667 0.2025 0.08333333333333333 0.20125 0.09833333333333333 0.19375 0.11666666666666667 0.18125 0.12333333333333334 0.16625 0.12333333333333334 0.1575 0.11833333333333333 0.1525 0.11166666666666666 0.14625 0.09666666666666666 0.14625 0.08 0.15125 0.06666666666666667 0.1625 0.055 0.185 0.05333333333333334 0.19125 0.058333333333333334
0 0.19 0.5816666666666667 0.19625 0.5883333333333334 0.19875 0.595 0.2 0.6283333333333333 0.19375 0.6416666666666667 0.1875 0.6483333333333333 0.17875 0.6516666666666666 0.1625 0.6516666666666666 0.15125 0.645 0.14125 0.6233333333333333 0.14125 0.6083333333333333 0.15 0.5883333333333334 0.16 0.5783333333333334 0.18 0.5766666666666667 0.18875 0.5816666666666667
0 0.1775 0.22333333333333333 0.18875 0.23 0.2 0.24666666666666667 0.19875 0.2783333333333333 0.195 0.2866666666666667 0.1825 0.29333333333333333 0.16625 0.29333333333333333 0.15625 0.28833333333333333 0.14875 0.28 0.1475 0.2683333333333333 0.14375 0.25833333333333336 0.145 0.245 0.15625 0.22833333333333333 0.165 0.22333333333333333 0.17625 0.22333333333333333
0 0.18 0.7616666666666667 0.18875 0.7683333333333333 0.19625 0.7816666666666666 0.19875 0.7883333333333333 0.19875 0.805 0.1925 0.8233333333333334 0.18625 0.8316666666666667 0.17625 0.8366666666666667 0.16 0.8366666666666667 0.15 0.83 0.14 0.8116666666666666 0.14 0.7916666666666666 0.14625 0.775 0.155 0.765 0.17 0.7583333333333333 0.17875 0.7616666666666667
4 0.7025 0.3983333333333333 0.71625 0.40166666666666667 0.72875 0.41333333333333333 0.7325 0.4266666666666667 0.7325 0.44166666666666665 0.72625 0.46 0.71625 0.47 0.6975 0.4716666666666667 0.69 0.4666666666666667 0.67875 0.45 0.67875 0.4266666666666667 0.6825 0.4116666666666667 0.6925 0.40166666666666667 0.70125 0.4
4 0.4425 0.3933333333333333 0.4525 0.3983333333333333 0.45875 0.4066666666666667 0.46375 0.42333333333333334 0.46375 0.43833333333333335 0.46 0.4483333333333333 0.45125 0.46 0.43875 0.4666666666666667 0.42625 0.465 0.41875 0.46 0.41 0.445 0.4075 0.4266666666666667 0.41125 0.41 0.42 0.3983333333333333 0.43 0.3933333333333333 0.44125 0.3933333333333333
4 0.70625 0.05 0.7175 0.056666666666666664 0.725 0.07333333333333333 0.72625 0.08166666666666667 0.725 0.095 0.71875 0.11166666666666666 0.70625 0.12 0.69375 0.12 0.685 0.11666666666666667 0.675 0.105 0.67125 0.09 0.67125 0.07833333333333334 0.68125 0.055 0.68875 0.05 0.705 0.05
4 0.70875 0.225 0.71875 0.23 0.72375 0.23666666666666666 0.73 0.25333333333333335 0.73 0.26666666666666666 0.7275 0.27666666666666667 0.72 0.29 0.705 0.2966666666666667 0.69 0.29333333333333333 0.68125 0.2833333333333333 0.67625 0.27166666666666667 0.675 0.25 0.685 0.23166666666666666 0.6925 0.22666666666666666 0.7075 0.225
2 0.575 0.17833333333333334 0.6375 0.17833333333333334 0.6425 0.18833333333333332 0.64125 0.215 0.64375 0.25 0.6425 0.25833333333333336 0.645 0.3383333333333333 0.6425 0.345 0.6375 0.35 0.58375 0.3516666666666667 0.52125 0.35 0.5175 0.34833333333333333 0.51625 0.345 0.515 0.32666666666666666 0.515 0.24833333333333332 0.5125 0.21166666666666667 0.515 0.185 0.52 0.18 0.57375 0.17833333333333334
2 0.37875 0.7233333333333334 0.37625 0.6883333333333334 0.37625 0.59 0.37875 0.5616666666666666 0.3775 0.5566666666666666 0.37875 0.5516666666666666 0.3825 0.5483333333333333 0.40625 0.5466666666666666 0.50625 0.5483333333333333 0.51 0.6566666666666666 0.50875 0.7183333333333334 0.50375 0.7233333333333334 0.4825 0.725 0.38 0.7233333333333334
2 0.43375 0.17833333333333334 0.45625 0.18166666666666667 0.4625 0.17833333333333334 0.49875 0.18 0.50375 0.18666666666666668 0.50625 0.32 0.505 0.3416666666666667 0.50375 0.3466666666666667 0.49875 0.35 0.4775 0.3516666666666667 0.37875 0.34833333333333333 0.37625 0.2966666666666667 0.3775 0.18333333333333332 0.385 0.18 0.41125 0.18 0.415 0.17666666666666667 0.4325 0.17833333333333334
2 0.53125 0.3616666666666667 0.64 0.3616666666666667 0.64375 0.365 0.64625 0.40166666666666667 0.645 0.415 0.6475 0.43333333333333335 0.6475 0.515 0.645 0.53 0.6425 0.5333333333333333 0.63625 0.535 0.52375 0.535 0.5175 0.5316666666666666 0.515 0.52 0.51625 0.4066666666666667 0.51375 0.3933333333333333 0.51375 0.37333333333333335 0.5175 0.36333333333333334 0.53 0.3616666666666667
2 0.365 0.36333333333333334 0.3675 0.37166666666666665 0.36625 0.49333333333333335 0.36875 0.5116666666666667 0.36625 0.5316666666666666 0.355 0.535 0.34375 0.5333333333333333 0.27375 0.5383333333333333 0.23875 0.5366666666666666 0.235 0.5283333333333333 0.23625 0.5116666666666667 0.23375 0.49833333333333335 0.2375 0.42833333333333334 0.23625 0.4066666666666667 0.2325 0.4033333333333333 0.2375 0.39166666666666666 0.2375 0.36333333333333334 0.2625 0.36 0.36375 0.36333333333333334
2 0.275 0.17833333333333334 0.28 0.18 0.29375 0.17666666666666667 0.3575 0.18 0.36375 0.18166666666666667 0.3675 0.18833333333333332 0.3675 0.3416666666666667 0.36625 0.3466666666666667 0.3625 0.35 0.33 0.3516666666666667 0.2425 0.3516666666666667 0.23875 0.35 0.2375 0.3466666666666667 0.23625 0.2783333333333333 0.2325 0.25333333333333335 0.23625 0.23 0.23625 0.19833333333333333 0.23375 0.195 0.23375 0.18833333333333332 0.24375 0.17833333333333334 0.27375 0.17833333333333334
2 0.245 0.5466666666666666 0.3625 0.5466666666666666 0.3675 0.5533333333333333 0.3675 0.72 0.36 0.725 0.295 0.7266666666666667 0.24125 0.7266666666666667 0.2375 0.725 0.23375 0.7183333333333334 0.235 0.685 0.2325 0.6783333333333333 0.235 0.6583333333333333 0.23375 0.6216666666666667 0.23625 0.6 0.235 0.5533333333333333 0.2375 0.5483333333333333 0.24375 0.5466666666666666
2 0.645 0.545 0.6475 0.5516666666666666 0.64875 0.5833333333333334 0.6475 0.6183333333333333 0.65 0.6483333333333333 0.65 0.7183333333333334 0.6475 0.7216666666666667 0.63375 0.725 0.55375 0.725 0.525 0.7233333333333334 0.51875 0.72 0.51625 0.64 0.51625 0.5583333333333333 0.5175 0.5516666666666666 0.52125 0.5466666666666666 0.57375 0.5483333333333333 0.58625 0.545 0.64375 0.545
2 0.395 0.3616666666666667 0.50125 0.3616666666666667 0.505 0.365 0.5075 0.4033333333333333 0.5075 0.5283333333333333 0.505 0.5333333333333333 0.49875 0.535 0.4525 0.5333333333333333 0.3925 0.5366666666666666 0.38 0.535 0.37625 0.5216666666666666 0.3775 0.48333333333333334 0.375 0.44 0.375 0.3883333333333333 0.3775 0.36666666666666664 0.3825 0.3616666666666667 0.39375 0.3616666666666667
3 0.22875 0.5183333333333333 0.23125 0.445 0.22875 0.22666666666666666 0.23 0.175 0.2325 0.17166666666666666 0.64625 0.17166666666666666 0.64875 0.19166666666666668 0.6475 0.2683333333333333 0.65 0.29 0.65 0.385 0.65125 0.42833333333333334 0.65375 0.445 0.65125 0.4683333333333333 0.65125 0.5116666666666667 0.65375 0.5183333333333333 0.6525 0.605 0.655 0.6433333333333333 0.65375 0.7283333333333334 0.61875 0.7316666666666667 0.41625 0.73 0.39 0.7333333333333333 0.23125 0.7333333333333333 0.22875 0.73 0.2275 0.645 0.23 0.6133333333333333 0.23 0.52