0 0.565 0.65 0.575 0.66 0.57875 0.67 0.57875 0.6983333333333334 0.5675 0.7166666666666667 0.55 0.7216666666666667 0.5375 0.7166666666666667 0.52875 0.705 0.525 0.6933333333333334 0.525 0.675 0.53 0.66 0.5425 0.6483333333333333 0.55875 0.6466666666666666 0.56375 0.65
0 0.2825 0.11666666666666667 0.295 0.125 0.30125 0.14 0.3 0.16666666666666666 0.29375 0.18166666666666667 0.285 0.18666666666666668 0.265 0.18666666666666668 0.25875 0.18333333333333332 0.25125 0.17166666666666666 0.2475 0.15833333333333333 0.25 0.13666666666666666 0.25875 0.12166666666666667 0.27 0.11666666666666667 0.28125 0.11666666666666667
0 0.2975 0.6316666666666667 0.30375 0.6383333333333333 0.3075 0.6466666666666666 0.31125 0.6633333333333333 0.31125 0.6766666666666666 0.3075 0.6866666666666666 0.30125 0.695 0.29 0.7016666666666667 0.2775 0.7016666666666667 0.26375 0.695 0.25375 0.6733333333333333 0.25375 0.655 0.26 0.64 0.26875 0.6316666666666667 0.2775 0.6283333333333333 0.29125 0.6283333333333333 0.29625 0.6316666666666667
0 0.415 0.6533333333333333 0.42625 0.6683333333333333 0.42875 0.68 0.42875 0.6966666666666667 0.425 0.7083333333333334 0.41875 0.7166666666666667 0.40875 0.7233333333333334 0.3975 0.7233333333333334 0.38375 0.7166666666666667 0.375 0.7 0.37375 0.68 0.37875 0.665 0.38625 0.655 0.395 0.65 0.40875 0.65 0.41375 0.6533333333333333
0 0.28 0.2833333333333333 0.29375 0.2916666666666667 0.30375 0.30833333333333335 0.30375 0.3233333333333333 0.3 0.34 0.29375 0.35 0.28 0.3566666666666667 0.275 0.3566666666666667 0.26125 0.34833333333333333 0.25 0.33166666666666667 0.25 0.30833333333333335 0.2525 0.3 0.26625 0.285 0.27875 0.2833333333333333
4 0.825 0.44 0.835 0.45166666666666666 0.83875 0.46166666666666667 0.83875 0.48 0.83125 0.49833333333333335 0.8275 0.5033333333333333 0.81875 0.5083333333333333 0.8025 0.5083333333333333 0.7925 0.5016666666666667 0.78375 0.4866666666666667 0.7825 0.4683333333333333 0.78625 0.45166666666666666 0.79625 0.44 0.8025 0.43666666666666665 0.81875 0.43666666666666665 0.82375 0.44
4 0.80625 0.08666666666666667 0.8125 0.09 0.8225 0.105 0.825 0.115 0.825 0.13333333333333333 0.81375 0.15166666666666667 0.80125 0.15666666666666668 0.7875 0.155 0.775 0.145 0.77 0.13 0.77 0.11166666666666666 0.77375 0.1 0.78125 0.09 0.795 0.085 0.805 0.08666666666666667
4 0.5425 0.44 0.555 0.44666666666666666 0.56125 0.455 0.56625 0.47333333333333333 0.56625 0.48333333333333334 0.56 0.49833333333333335 0.5475 0.5116666666666667 0.5425 0.5133333333333333 0.5325 0.5133333333333333 0.5225 0.5083333333333333 0.515 0.49833333333333335 0.51 0.485 0.51 0.4683333333333333 0.5175 0.45166666666666666 0.52625 0.44333333333333336 0.54125 0.44
4 0.55625 0.265 0.5675 0.27166666666666667 0.5725 0.2783333333333333 0.5775 0.2916666666666667 0.5775 0.31 0.575 0.31833333333333336 0.565 0.33166666666666667 0.55625 0.33666666666666667 0.54 0.335 0.5275 0.32 0.52375 0.31 0.52375 0.29 0.52875 0.2783333333333333 0.53875 0.2683333333333333 0.54625 0.265 0.555 0.265
1 0.78875 0.09166666666666666 0.80125 0.09 0.81 0.09166666666666666 0.8175 0.09666666666666666 0.82125 0.10833333333333334 0.82125 0.115 0.815 0.12166666666666667 0.815 0.12666666666666668 0.82 0.13333333333333333 0.81625 0.145 0.81125 0.15 0.8 0.15333333333333332 0.79625 0.15 0.8025 0.14833333333333334 0.805 0.14166666666666666 0.80875 0.14 0.80625 0.135 0.8025 0.135 0.8025 0.14 0.7775 0.13833333333333334 0.77625 0.13166666666666665 0.77875 0.12666666666666668 0.77875 0.11833333333333333 0.775 0.11333333333333333 0.76875 0.12666666666666668 0.77125 0.14 0.76125 0.14166666666666666 0.75625 0.15166666666666667 0.75875 0.15666666666666668 0.7575 0.16 0.76125 0.165 0.765 0.16333333333333333 0.76625 0.16666666666666666 0.765 0.17 0.7625 0.16833333333333333 0.76 0.17333333333333334 0.77125 0.17333333333333334 0.77375 0.17666666666666667 0.7725 0.18 0.7675 0.18166666666666667 0.77125 0.185 0.77 0.18833333333333332 0.775 0.19333333333333333 0.78875 0.19 0.7925 0.18166666666666667 0.7925 0.17166666666666666 0.7875 0.165 0.7875 0.15666666666666668 0.79625 0.15666666666666668 0.79875 0.16333333333333333 0.80375 0.16166666666666665 0.80625 0.16666666666666666 0.81 0.16 0.81375 0.185 0.81375 0.22666666666666666 0.81625 0.23666666666666666 0.81625 0.27666666666666667 0.81875 0.29 0.82125 0.43166666666666664 0.815 0.43333333333333335 0.81375 0.43666666666666665 0.80625 0.43333333333333335 0.8 0.43666666666666665 0.795 0.44333333333333336 0.80625 0.445 0.8075 0.45166666666666666 0.81375 0.4533333333333333 0.8175 0.45166666666666666 0.82125 0.44333333333333336 0.83 0.455 0.83125 0.46 0.83375 0.4583333333333333 0.83375 0.4666666666666667 0.8225 0.47333333333333333 0.82625 0.48333333333333334 0.83 0.485 0.83125 0.48833333333333334 0.82875 0.49833333333333335 0.82375 0.5033333333333333 0.8225 0.5083333333333333 0.82625 0.5233333333333333 0.825 0.545 0.8275 0.5633333333333334 0.8275 0.595 0.83 0.6233333333333333 0.82875 0.635 0.8325 0.68 0.83125 0.7233333333333334 0.835 0.76 0.835 0.8016666666666666 0.8375 0.8383333333333334 0.83625 0.855 0.8325 0.86 0.805 0.86 0.77875 0.8633333333333333 0.74 0.8616666666666667 0.43125 0.87 0.40125 0.8683333333333333 0.2725 0.8716666666666667 0.27 0.8683333333333333 0.27 0.8366666666666667 0.2675 0.8216666666666667 0.26875 0.6966666666666667 0.26375 0.6916666666666667 0.2625 0.6816666666666666 0.2575 0.6733333333333333 0.2575 0.6533333333333333 0.2625 0.6466666666666666 0.2625 0.64 0.26875 0.6333333333333333 0.26625 0.595 0.2675 0.56 0.265 0.5233333333333333 0.26625 0.45666666666666667 0.26375 0.43 0.26375 0.3466666666666667 0.25125 0.33166666666666667 0.25 0.32166666666666666 0.25125 0.31 0.2575 0.3 0.2575 0.2966666666666667 0.26375 0.29 0.26125 0.27 0.26375 0.25 0.26125 0.24333333333333335 0.26125 0.19666666666666666 0.265 0.18166666666666667 0.26125 0.175 0.255 0.175 0.25125 0.17166666666666666 0.25 0.14833333333333334 0.2575 0.12666666666666668 0.26375 0.12166666666666667 0.2875 0.12166666666666667 0.2925 0.125 0.29625 0.13666666666666666 0.305 0.145 0.38375 0.13833333333333334 0.40375 0.14166666666666666 0.4075 0.13833333333333334 0.4275 0.13666666666666666 0.48375 0.13333333333333333 0.48625 0.135 0.53125 0.13 0.5875 0.13 0.61 0.125 0.7025 0.12166666666666667 0.7425 0.11666666666666667 0.76 0.11666666666666667 0.77 0.12 0.77125 0.115 0.775 0.11166666666666666 0.775 0.10166666666666667 0.78 0.09666666666666666 0.78875 0.09333333333333334
2 0.5525 0.22333333333333333 0.595 0.22333333333333333 0.59875 0.22666666666666666 0.6025 0.32 0.6025 0.38666666666666666 0.6 0.39 0.59375 0.39166666666666666 0.50875 0.39666666666666667 0.48125 0.39666666666666667 0.475 0.3883333333333333 0.47125 0.23666666666666666 0.475 0.23 0.48125 0.22833333333333333 0.55125 0.22333333333333333
2 0.50625 0.4066666666666667 0.50875 0.4083333333333333 0.52625 0.405 0.58 0.4033333333333333 0.6025 0.405 0.605 0.4166666666666667 0.60625 0.44333333333333336 0.60875 0.57 0.59875 0.575 0.51875 0.5766666666666667 0.48875 0.58 0.48125 0.5783333333333334 0.47875 0.575 0.4775 0.5616666666666666 0.47875 0.5483333333333333 0.475 0.41833333333333333 0.4775 0.4116666666666667 0.48125 0.4083333333333333 0.505 0.4066666666666667
2 0.735 0.21333333333333335 0.73875 0.21833333333333332 0.74125 0.26166666666666666 0.74125 0.33166666666666667 0.74375 0.3466666666666667 0.74375 0.37666666666666665 0.74125 0.38333333333333336 0.73125 0.38666666666666666 0.64 0.39 0.61625 0.39 0.6125 0.38333333333333336 0.61375 0.3416666666666667 0.60875 0.295 0.61 0.225 0.615 0.22166666666666668 0.6575 0.22 0.7 0.21333333333333335 0.73375 0.21333333333333335
2 0.405 0.23166666666666666 0.40875 0.23333333333333334 0.45625 0.23 0.46125 0.235 0.46375 0.25 0.46375 0.2683333333333333 0.46125 0.27666666666666667 0.46375 0.285 0.46625 0.39166666666666666 0.46375 0.39666666666666667 0.4575 0.3983333333333333 0.41625 0.3983333333333333 0.405 0.40166666666666667 0.36625 0.4033333333333333 0.34125 0.4033333333333333 0.33875 0.4 0.335 0.3433333333333333 0.335 0.27666666666666667 0.33375 0.25333333333333335 0.33125 0.25 0.33125 0.245 0.33375 0.24 0.34125 0.235 0.37875 0.235 0.40375 0.23166666666666666
2 0.6825 0.48583333333333334 0.1375 0.17833333333333334
2 0.3375 0.445 0.33875 0.4166666666666667 0.34125 0.41333333333333333 0.4625 0.41 0.46625 0.4166666666666667 0.4675 0.42833333333333334 0.47 0.54 0.47 0.57 0.46875 0.575 0.4625 0.58 0.34125 0.585 0.3375 0.515 0.33875 0.44666666666666666
2 0.46125 0.5916666666666667 0.46625 0.5916666666666667 0.47 0.5966666666666667 0.47375 0.76 0.46875 0.765 0.37 0.77 0.35125 0.77 0.345 0.7683333333333333 0.3425 0.7633333333333333 0.3425 0.725 0.34 0.7183333333333334 0.34125 0.6 0.345 0.595 0.46 0.5916666666666667
2 0.605 0.5866666666666667 0.61 0.5966666666666667 0.60875 0.6066666666666667 0.6125 0.6516666666666666 0.6125 0.7583333333333333 0.60625 0.7616666666666667 0.5425 0.765 0.48625 0.765 0.4825 0.76 0.47875 0.695 0.48 0.5966666666666667 0.48375 0.5916666666666667 0.5125 0.5883333333333334 0.515 0.59 0.52875 0.5866666666666667 0.60375 0.5866666666666667
2 0.65875 0.5833333333333334 0.66125 0.585 0.72375 0.5816666666666667 0.75 0.585 0.7525 0.6016666666666667 0.7575 0.7533333333333333 0.7525 0.76 0.71875 0.7616666666666667 0.62875 0.7616666666666667 0.6225 0.7533333333333333 0.61875 0.6466666666666666 0.61875 0.59 0.62875 0.585 0.6575 0.5833333333333334
3 0.74375 0.20666666666666667 0.7475 0.28 0.7475 0.3383333333333333 0.75125 0.36833333333333335 0.75 0.375 0.7525 0.45666666666666667 0.755 0.47 0.75375 0.51 0.75875 0.615 0.7575 0.6316666666666667 0.76 0.665 0.76 0.71 0.7625 0.7316666666666667 0.76125 0.765 0.7525 0.7683333333333333 0.64125 0.7683333333333333 0.36875 0.7766666666666666 0.34125 0.7766666666666666 0.3375 0.7716666666666666 0.3375 0.7316666666666667 0.335 0.71 0.335 0.67 0.3375 0.665 0.335 0.66 0.335 0.6416666666666667 0.3375 0.6266666666666667 0.3375 0.61 0.33375 0.58 0.33375 0.4216666666666667 0.33125 0.40166666666666667 0.3325 0.36666666666666664 0.32875 0.23 0.33125 0.22666666666666666 0.40375 0.22333333333333333 0.40875 0.225 0.525 0.21666666666666667 0.7425 0.20666666666666667