1 0.10375 0.14 0.2075 0.15 0.22125 0.15333333333333332 0.275 0.15666666666666668 0.29625 0.16166666666666665 0.3 0.16 0.34375 0.16666666666666666 0.395 0.17 0.4075 0.17333333333333334 0.4275 0.17333333333333334 0.455 0.17833333333333334 0.54375 0.185 0.5575 0.18833333333333332 0.56 0.19166666666666668 0.5575 0.295 0.555 0.32166666666666666 0.55625 0.345 0.555 0.35333333333333333 0.55125 0.35833333333333334 0.55375 0.385 0.54625 0.525 0.54625 0.5733333333333334 0.54375 0.585 0.54375 0.6233333333333333 0.5475 0.6316666666666667 0.54875 0.6466666666666666 0.54 0.6666666666666666 0.54125 0.6933333333333334 0.5375 0.755 0.54 0.7633333333333333 0.54125 0.7816666666666666 0.53875 0.7916666666666666 0.535 0.7966666666666666 0.52125 0.8033333333333333 0.515 0.8033333333333333 0.49875 0.7883333333333333 0.4375 0.79 0.425 0.7866666666666666 0.3875 0.7883333333333333 0.2525 0.7833333333333333 0.2225 0.785 0.18125 0.7816666666666666 0.10875 0.7816666666666666 0.1025 0.7766666666666666 0.10625 0.7716666666666666 0.1075 0.765 0.105 0.7616666666666667 0.1125 0.7616666666666667 0.12 0.7483333333333333 0.12 0.7433333333333333 0.115 0.7366666666666667 0.11625 0.7333333333333333 0.10875 0.7233333333333334 0.105 0.7233333333333334 0.1025 0.7183333333333334 0.095 0.715 0.09 0.7233333333333334 0.08125 0.7233333333333334 0.07375 0.7316666666666667 0.0675 0.7316666666666667 0.0675 0.62 0.07 0.6116666666666667 0.06875 0.5733333333333334 0.0725 0.475 0.0725 0.38166666666666665 0.075 0.3616666666666667 0.07375 0.32166666666666666 0.07625 0.2833333333333333 0.07625 0.20833333333333334 0.07875 0.14666666666666667 0.08125 0.14 0.1025 0.14
0 0.325 0.43833333333333335 0.33625 0.44333333333333336 0.3425 0.45166666666666666 0.345 0.46 0.345 0.47333333333333333 0.34 0.48833333333333334 0.33625 0.49333333333333335 0.3275 0.49833333333333335 0.3175 0.49833333333333335 0.31 0.495 0.30125 0.485 0.29875 0.4766666666666667 0.29875 0.4583333333333333 0.3025 0.4483333333333333 0.3125 0.44 0.32375 0.43833333333333335
0 0.53375 0.6133333333333333 0.54125 0.6183333333333333 0.55 0.6333333333333333 0.55 0.6466666666666666 0.5475 0.655 0.5425 0.6633333333333333 0.535 0.6683333333333333 0.52125 0.6683333333333333 0.51625 0.665 0.5075 0.655 0.50375 0.6433333333333333 0.5075 0.6233333333333333 0.5125 0.6166666666666667 0.51875 0.6133333333333333 0.5325 0.6133333333333333
0 0.3325 0.2733333333333333 0.3375 0.27666666666666667 0.3475 0.29333333333333333 0.3475 0.31666666666666665 0.345 0.3233333333333333 0.33125 0.335 0.31875 0.335 0.3125 0.33166666666666667 0.3025 0.32 0.3 0.31166666666666665 0.3 0.295 0.30625 0.28 0.31875 0.27166666666666667 0.33125 0.2733333333333333
0 0.45 0.635 0.46125 0.6466666666666666 0.46375 0.655 0.46375 0.6716666666666666 0.455 0.6866666666666666 0.4425 0.6933333333333334 0.43125 0.69 0.4225 0.68 0.42 0.6733333333333333 0.42 0.6533333333333333 0.4275 0.64 0.435 0.635 0.44875 0.635
0 0.52625 0.7483333333333333 0.535 0.7533333333333333 0.53875 0.7583333333333333 0.5425 0.7733333333333333 0.5425 0.7866666666666666 0.53625 0.8 0.52375 0.8066666666666666 0.51375 0.8066666666666666 0.505 0.8 0.5 0.79 0.49875 0.775 0.5025 0.76 0.5075 0.7533333333333333 0.51625 0.7483333333333333 0.525 0.7483333333333333
4 0.0925 0.74 0.09875 0.745 0.1025 0.7533333333333333 0.10375 0.7716666666666666 0.1 0.785 0.09375 0.7933333333333333 0.0875 0.7966666666666666 0.07375 0.7966666666666666 0.0625 0.79 0.055 0.765 0.06 0.7466666666666667 0.065 0.74 0.0725 0.7366666666666667 0.08625 0.7366666666666667 0.09125 0.74
4 0.2125 0.6116666666666667 0.21625 0.6166666666666667 0.22 0.6283333333333333 0.22 0.64 0.215 0.6533333333333333 0.20875 0.6616666666666666 0.1975 0.6666666666666666 0.1875 0.665 0.17625 0.6533333333333333 0.1725 0.6433333333333333 0.1725 0.6283333333333333 0.18125 0.6116666666666667 0.1925 0.605 0.20125 0.605 0.21125 0.6116666666666667
4 0.2075 0.265 0.215 0.2783333333333333 0.21375 0.30333333333333334 0.205 0.31666666666666665 0.195 0.32166666666666666 0.18375 0.32 0.17375 0.31166666666666665 0.1675 0.295 0.1675 0.28 0.17 0.27166666666666667 0.175 0.265 0.185 0.25833333333333336 0.19625 0.25833333333333336 0.20625 0.265
4 0.455 0.4583333333333333 0.46375 0.4683333333333333 0.46625 0.475 0.46625 0.495 0.4625 0.5033333333333333 0.455 0.5116666666666667 0.4425 0.515 0.43125 0.51 0.42375 0.5 0.42125 0.48833333333333334 0.4225 0.47333333333333333 0.42875 0.46166666666666667 0.43625 0.45666666666666667 0.44875 0.455 0.45375 0.4583333333333333
2 0.39875 0.25666666666666665 0.45125 0.26 0.465 0.2633333333333333 0.4875 0.2633333333333333 0.495 0.2683333333333333 0.49625 0.285 0.49375 0.29833333333333334 0.495 0.31666666666666665 0.4925 0.33166666666666667 0.49125 0.3933333333333333 0.49 0.4066666666666667 0.485 0.41 0.46375 0.4066666666666667 0.4325 0.4066666666666667 0.4175 0.4033333333333333 0.39125 0.4033333333333333 0.38625 0.40166666666666667 0.3825 0.39666666666666667 0.38625 0.2633333333333333 0.38875 0.25833333333333336 0.3975 0.25666666666666665
2 0.14625 0.3933333333333333 0.2475 0.40166666666666667 0.255 0.4066666666666667 0.2525 0.5233333333333333 0.25125 0.5433333333333333 0.2475 0.5466666666666666 0.16125 0.5433333333333333 0.14 0.5416666666666666 0.1375 0.5383333333333333 0.13875 0.405 0.14125 0.395 0.145 0.3933333333333333
2 0.18 0.235 0.25125 0.24166666666666667 0.25875 0.24833333333333332 0.25875 0.3416666666666667 0.25625 0.385 0.25375 0.39 0.1875 0.3883333333333333 0.1425 0.38166666666666665 0.14 0.3566666666666667 0.1425 0.2966666666666667 0.14125 0.275 0.14375 0.23666666666666666 0.15375 0.23333333333333334 0.17875 0.235
2 0.2825 0.4033333333333333 0.365 0.41 0.37 0.4116666666666667 0.37375 0.4166666666666667 0.37375 0.45666666666666667 0.37125 0.48833333333333334 0.3725 0.505 0.37 0.5483333333333333 0.36625 0.5533333333333333 0.35 0.555 0.26 0.5466666666666666 0.25875 0.51 0.2625 0.41 0.265 0.4033333333333333 0.28125 0.4033333333333333
2 0.31625 0.24833333333333332 0.33375 0.25166666666666665 0.37 0.25333333333333335 0.3775 0.25666666666666665 0.37875 0.30666666666666664 0.37625 0.38166666666666665 0.37375 0.39666666666666667 0.3675 0.4 0.29875 0.39666666666666667 0.26875 0.3933333333333333 0.26375 0.39 0.26375 0.33666666666666667 0.2675 0.24666666666666667 0.285 0.245 0.315 0.24833333333333332
2 0.13375 0.6183333333333333 0.13625 0.6116666666666667 0.13625 0.5616666666666666 0.14 0.5533333333333333 0.17875 0.5533333333333333 0.2475 0.5583333333333333 0.25 0.5616666666666666 0.24875 0.66 0.2475 0.6933333333333334 0.2425 0.7016666666666667 0.17625 0.7016666666666667 0.135 0.6983333333333334 0.1325 0.6933333333333334 0.135 0.62
2 0.48125 0.5716666666666667 0.48375 0.5816666666666667 0.48125 0.6716666666666666 0.47875 0.705 0.47625 0.71 0.4725 0.7116666666666667 0.40875 0.7116666666666667 0.37375 0.7066666666666667 0.3725 0.645 0.375 0.6166666666666667 0.375 0.5783333333333334 0.37625 0.5683333333333334 0.37875 0.565 0.4625 0.5683333333333334 0.48 0.5716666666666667
2 0.3375 0.5616666666666666 0.36625 0.565 0.36875 0.57 0.3675 0.6133333333333333 0.365 0.6233333333333333 0.365 0.6966666666666667 0.36375 0.7033333333333334 0.36 0.7066666666666667 0.3175 0.7083333333333334 0.3075 0.705 0.26125 0.7033333333333334 0.25625 0.7 0.255 0.6733333333333333 0.25875 0.5633333333333334 0.265 0.5583333333333333 0.29375 0.5616666666666666 0.33625 0.5616666666666666
2 0.3825 0.41333333333333333 0.39375 0.4116666666666667 0.445 0.4166666666666667 0.475 0.4166666666666667 0.485 0.41833333333333333 0.48875 0.42333333333333334 0.48875 0.4766666666666667 0.485 0.5116666666666667 0.485 0.5516666666666666 0.4825 0.56 0.4675 0.5616666666666666 0.38 0.5566666666666666 0.3775 0.5533333333333333 0.3775 0.49666666666666665 0.38 0.4683333333333333 0.38 0.43333333333333335 0.3825 0.415
3 0.14 0.22666666666666666 0.15 0.225 0.20875 0.23 0.22125 0.23333333333333334 0.24375 0.23333333333333334 0.31875 0.24333333333333335 0.345 0.24333333333333335 0.36125 0.24666666666666667 0.4125 0.25 0.425 0.25333333333333335 0.4825 0.25666666666666665 0.49625 0.25833333333333336 0.5 0.26166666666666666 0.49875 0.3233333333333333 0.49625 0.34833333333333333 0.4975 0.36833333333333335 0.49375 0.41333333333333333 0.495 0.43833333333333335 0.49125 0.4766666666666667 0.4875 0.6433333333333333 0.48375 0.7133333333333334 0.48125 0.7166666666666667 0.32 0.7133333333333334 0.29625 0.71 0.27625 0.7116666666666667 0.205 0.7066666666666667 0.1475 0.7066666666666667 0.13 0.7033333333333334 0.1275 0.6883333333333334 0.12875 0.6366666666666667 0.13125 0.6116666666666667 0.13 0.58 0.13375 0.475 0.1325 0.44333333333333336 0.135 0.43333333333333335 0.13375 0.4033333333333333 0.1375 0.3466666666666667 0.13625 0.2966666666666667 0.13875 0.28833333333333333 0.1375 0.2683333333333333 0.14 0.22833333333333333