4 0.75125 0.20666666666666667 0.76125 0.21833333333333332 0.765 0.22666666666666666 0.7675 0.24 0.765 0.26 0.7625 0.265 0.7575 0.27166666666666667 0.745 0.2783333333333333 0.73125 0.2783333333333333 0.72125 0.27166666666666667 0.7125 0.25666666666666665 0.71 0.23333333333333334 0.715 0.22 0.7225 0.21 0.73 0.205 0.75 0.20666666666666667
4 0.745 0.03166666666666667 0.7525 0.04 0.755 0.04666666666666667 0.7575 0.06666666666666667 0.75625 0.07666666666666666 0.74625 0.09166666666666666 0.7325 0.09833333333333333 0.7225 0.09833333333333333 0.71125 0.09166666666666666 0.7025 0.07833333333333334 0.7 0.055 0.7025 0.041666666666666664 0.70625 0.035 0.715 0.028333333333333332 0.7375 0.02666666666666667 0.74375 0.03166666666666667
4 0.48125 0.3933333333333333 0.48875 0.3983333333333333 0.495 0.4083333333333333 0.49875 0.41833333333333333 0.5 0.435 0.49375 0.45166666666666666 0.48375 0.4633333333333333 0.47625 0.4666666666666667 0.46 0.465 0.45375 0.46 0.44375 0.44166666666666665 0.4425 0.425 0.44625 0.41 0.4525 0.4 0.4625 0.3933333333333333 0.48 0.3933333333333333
4 0.76125 0.38666666666666666 0.77125 0.3983333333333333 0.775 0.4083333333333333 0.775 0.4266666666666667 0.7675 0.4483333333333333 0.75375 0.45666666666666667 0.73875 0.45666666666666667 0.725 0.44666666666666666 0.71875 0.43166666666666664 0.71875 0.415 0.7225 0.39666666666666667 0.73 0.3883333333333333 0.73875 0.38333333333333336 0.755 0.38333333333333336 0.76 0.38666666666666666
0 0.34375 0.61 0.35625 0.6183333333333333 0.36 0.625 0.36375 0.6383333333333333 0.36375 0.655 0.36 0.6683333333333333 0.3525 0.68 0.33875 0.685 0.32375 0.6816666666666666 0.31125 0.6683333333333333 0.3075 0.655 0.3075 0.6366666666666667 0.31375 0.6216666666666667 0.32 0.615 0.3275 0.61 0.3425 0.61
0 0.21875 0.415 0.23125 0.42833333333333334 0.235 0.44 0.235 0.4533333333333333 0.23 0.47333333333333333 0.21625 0.485 0.19625 0.48333333333333334 0.18875 0.47833333333333333 0.1825 0.47 0.17875 0.46 0.1775 0.4483333333333333 0.18125 0.42833333333333334 0.1925 0.415 0.19875 0.4116666666666667 0.2125 0.4116666666666667 0.2175 0.415
0 0.21 0.23833333333333334 0.22625 0.255 0.23 0.2683333333333333 0.23 0.2783333333333333 0.2275 0.2866666666666667 0.2175 0.30333333333333334 0.2025 0.30833333333333335 0.19125 0.30666666666666664 0.1775 0.29333333333333333 0.17625 0.28 0.17125 0.27 0.17125 0.25833333333333336 0.18125 0.24166666666666667 0.18875 0.23666666666666666 0.20375 0.235 0.20875 0.23833333333333334
0 0.22125 0.59 0.22875 0.5933333333333334 0.2375 0.6033333333333334 0.2425 0.6233333333333333 0.2425 0.6333333333333333 0.23875 0.6483333333333333 0.23 0.6616666666666666 0.2225 0.665 0.2025 0.665 0.195 0.66 0.19 0.6533333333333333 0.18375 0.6383333333333333 0.18375 0.6183333333333333 0.19125 0.6016666666666667 0.2025 0.5916666666666667 0.22 0.59
0 0.20125 0.06166666666666667 0.21375 0.06833333333333333 0.22 0.07833333333333334 0.2225 0.09 0.22 0.115 0.21625 0.125 0.20625 0.13333333333333333 0.18125 0.13166666666666665 0.16875 0.11666666666666667 0.16625 0.10833333333333334 0.16625 0.08666666666666667 0.16875 0.07833333333333334 0.18 0.065 0.18875 0.06166666666666667 0.2 0.06166666666666667
1 0.73625 0.028333333333333332 0.7425 0.03166666666666667 0.75125 0.041666666666666664 0.75375 0.05333333333333334 0.755 0.07166666666666667 0.745 0.09 0.7425 0.105 0.745 0.10833333333333334 0.74875 0.13666666666666666 0.75125 0.20666666666666667 0.75875 0.21666666666666667 0.76 0.22333333333333333 0.76625 0.235 0.76625 0.24833333333333332 0.76375 0.26 0.755 0.2733333333333333 0.755 0.29 0.75625 0.3333333333333333 0.75875 0.345 0.75875 0.385 0.76875 0.39666666666666667 0.77375 0.4066666666666667 0.77375 0.43 0.7625 0.4533333333333333 0.7625 0.4633333333333333 0.765 0.47 0.7675 0.535 0.77 0.5466666666666666 0.76875 0.5566666666666666 0.77125 0.6233333333333333 0.77625 0.6733333333333333 0.77625 0.7116666666666667 0.78125 0.78 0.78125 0.81 0.7775 0.8133333333333334 0.7625 0.815 0.6425 0.8183333333333334 0.48 0.8283333333333334 0.435 0.8283333333333334 0.3825 0.8333333333333334 0.31375 0.835 0.22 0.8416666666666667 0.2125 0.8416666666666667 0.2075 0.8383333333333334 0.205 0.815 0.20625 0.795 0.20375 0.775 0.20125 0.665 0.19375 0.6583333333333333 0.185 0.6383333333333333 0.18625 0.61 0.19875 0.5916666666666667 0.19625 0.5333333333333333 0.1975 0.485 0.185 0.47 0.18 0.4583333333333333 0.17875 0.44666666666666666 0.1825 0.43 0.19625 0.41333333333333333 0.19375 0.41 0.19125 0.37833333333333335 0.19125 0.31 0.1775 0.2916666666666667 0.17625 0.2816666666666667 0.1725 0.2733333333333333 0.175 0.25333333333333335 0.1875 0.23666666666666666 0.18625 0.20666666666666667 0.18375 0.19333333333333333 0.185 0.13666666666666666 0.17875 0.12666666666666668 0.17375 0.12333333333333334 0.17375 0.12 0.1675 0.11 0.1675 0.09 0.175 0.07166666666666667 0.18 0.06666666666666667 0.18875 0.06333333333333334 0.2075 0.06666666666666667 0.21375 0.07166666666666667 0.2225 0.09 0.23 0.09166666666666666 0.2675 0.09 0.275 0.08666666666666667 0.335 0.08666666666666667 0.3375 0.08333333333333333 0.365 0.08166666666666667 0.39 0.08333333333333333 0.395 0.08 0.41125 0.07833333333333334 0.4675 0.07666666666666666 0.5025 0.07166666666666667 0.65875 0.06333333333333334 0.6725 0.06 0.6975 0.06 0.70125 0.056666666666666664 0.70625 0.03666666666666667 0.72125 0.028333333333333332 0.735 0.028333333333333332
2 0.355 0.5516666666666666 0.40125 0.5516666666666666 0.40625 0.5566666666666666 0.41 0.6183333333333333 0.40875 0.6266666666666667 0.41125 0.6533333333333333 0.41125 0.6933333333333334 0.41375 0.7183333333333334 0.40875 0.725 0.3925 0.7283333333333334 0.3 0.7333333333333333 0.285 0.7333333333333333 0.28125 0.73 0.28 0.725 0.275 0.5833333333333334 0.27625 0.5633333333333334 0.27875 0.5583333333333333 0.35375 0.5516666666666666
2 0.525 0.17166666666666666 0.53 0.17833333333333334 0.5325 0.205 0.535 0.29 0.5375 0.3016666666666667 0.53625 0.3383333333333333 0.5225 0.3433333333333333 0.46875 0.345 0.42125 0.35 0.41125 0.34833333333333333 0.40875 0.3383333333333333 0.40375 0.245 0.40375 0.18333333333333332 0.40625 0.18 0.42625 0.17666666666666667 0.52375 0.17166666666666666
2 0.4825 0.545 0.49 0.5466666666666666 0.5075 0.5433333333333333 0.54375 0.5433333333333333 0.5475 0.5466666666666666 0.55 0.565 0.54875 0.58 0.5525 0.6066666666666667 0.5525 0.6633333333333333 0.555 0.6783333333333333 0.555 0.71 0.55125 0.7166666666666667 0.535 0.72 0.47375 0.7233333333333334 0.4275 0.7233333333333334 0.42375 0.7183333333333334 0.42125 0.7016666666666667 0.42125 0.6633333333333333 0.41875 0.6433333333333333 0.42 0.6216666666666667 0.4175 0.605 0.4175 0.555 0.42125 0.55 0.48125 0.545
2 0.67 0.16166666666666665 0.67375 0.17666666666666667 0.6775 0.23166666666666666 0.67625 0.26 0.67875 0.27 0.68 0.29333333333333333 0.68 0.33166666666666667 0.6775 0.335 0.66125 0.33666666666666667 0.5625 0.3416666666666667 0.55375 0.3416666666666667 0.54875 0.335 0.54125 0.19 0.5425 0.175 0.5475 0.17 0.5575 0.16833333333333333 0.63875 0.165 0.66375 0.16 0.66875 0.16166666666666665
2 0.2975 0.185 0.30125 0.18666666666666668 0.3775 0.18 0.38375 0.18 0.39 0.185 0.3925 0.22166666666666668 0.395 0.23333333333333334 0.39375 0.24 0.39625 0.2633333333333333 0.3975 0.345 0.395 0.35 0.3 0.3566666666666667 0.2875 0.36 0.27125 0.35833333333333334 0.2675 0.35 0.26125 0.27166666666666667 0.26375 0.26666666666666666 0.26125 0.23666666666666666 0.26125 0.19833333333333333 0.265 0.18833333333333332 0.29625 0.185
2 0.67375 0.34833333333333333 0.68 0.3516666666666667 0.68375 0.375 0.6825 0.39166666666666666 0.685 0.4033333333333333 0.68375 0.4166666666666667 0.6875 0.44333333333333336 0.68875 0.5166666666666667 0.685 0.5216666666666666 0.6725 0.5233333333333333 0.6 0.525 0.5775 0.5283333333333333 0.56 0.5283333333333333 0.55625 0.5216666666666666 0.5525 0.3933333333333333 0.55 0.37333333333333335 0.5525 0.35833333333333334 0.56375 0.355 0.595 0.35333333333333333 0.60375 0.35 0.62125 0.3516666666666667 0.64125 0.34833333333333333 0.6725 0.34833333333333333
2 0.39375 0.36333333333333334 0.39875 0.37 0.40125 0.4033333333333333 0.40625 0.51 0.405 0.5333333333333333 0.40125 0.5366666666666666 0.335 0.54 0.30125 0.545 0.2775 0.545 0.27375 0.5416666666666666 0.27 0.4633333333333333 0.27 0.37666666666666665 0.2725 0.37333333333333335 0.28125 0.37166666666666665 0.35625 0.36833333333333335 0.36375 0.365 0.3925 0.36333333333333334
2 0.56 0.6183333333333333 0.56125 0.6116666666666667 0.5575 0.555 0.56 0.5433333333333333 0.58625 0.5383333333333333 0.67125 0.535 0.68875 0.5366666666666666 0.69125 0.5433333333333333 0.69 0.5466666666666666 0.69375 0.5783333333333334 0.6925 0.5966666666666667 0.69625 0.625 0.695 0.6383333333333333 0.69875 0.7083333333333334 0.695 0.7116666666666667 0.62 0.715 0.60875 0.7183333333333334 0.56875 0.7166666666666667 0.565 0.7083333333333334 0.56375 0.695 0.56125 0.62
2 0.41 0.42333333333333334 0.41 0.37 0.415 0.36333333333333334 0.47875 0.35833333333333334 0.5375 0.35833333333333334 0.54 0.3616666666666667 0.54375 0.43833333333333335 0.5425 0.44333333333333336 0.545 0.47 0.54375 0.47333333333333333 0.54625 0.495 0.54625 0.525 0.54125 0.5283333333333333 0.41875 0.535 0.41625 0.5316666666666666 0.415 0.5233333333333333 0.41375 0.455 0.41125 0.425
3 0.675 0.15166666666666667 0.67875 0.15833333333333333 0.6775 0.16 0.68 0.175 0.68 0.21 0.6825 0.23166666666666666 0.68125 0.25166666666666665 0.68375 0.265 0.6825 0.28 0.68625 0.31 0.685 0.3433333333333333 0.68875 0.35833333333333334 0.69 0.405 0.6925 0.4166666666666667 0.6925 0.44 0.69 0.445 0.6925 0.4483333333333333 0.6925 0.4683333333333333 0.69625 0.5033333333333333 0.695 0.525 0.7 0.5866666666666667 0.69875 0.595 0.70125 0.61 0.7025 0.675 0.705 0.69 0.70375 0.7166666666666667 0.70125 0.72 0.675 0.7216666666666667 0.66625 0.72 0.6475 0.7233333333333334 0.55375 0.7266666666666667 0.5 0.7316666666666667 0.4975 0.73 0.4175 0.7333333333333333 0.365 0.7383333333333333 0.315 0.7383333333333333 0.29375 0.7416666666666667 0.27625 0.74 0.27375 0.72 0.27375 0.6833333333333333 0.27 0.65 0.27 0.63 0.2725 0.6233333333333333 0.27 0.6183333333333333 0.2675 0.5133333333333333 0.26375 0.465 0.265 0.42333333333333334 0.2625 0.40166666666666667 0.2625 0.37 0.25875 0.31 0.26 0.2833333333333333 0.26375 0.2833333333333333 0.26625 0.3016666666666667 0.2675 0.34833333333333333 0.27125 0.35833333333333334 0.30875 0.35833333333333334 0.34125 0.35333333333333333 0.3525 0.355 0.39625 0.35 0.39875 0.3416666666666667 0.39875 0.31 0.3975 0.2816666666666667 0.395 0.275 0.395 0.235 0.3925 0.22 0.39375 0.21666666666666667 0.39125 0.18666666666666668 0.38625 0.18 0.35 0.18 0.315 0.18666666666666668 0.275 0.18666666666666668 0.2675 0.19 0.26 0.20166666666666666 0.2625 0.21166666666666667 0.2625 0.23166666666666666 0.265 0.23833333333333334 0.26375 0.25166666666666665 0.26625 0.26 0.265 0.27166666666666667 0.26 0.2733333333333333 0.2575 0.26666666666666666 0.255 0.235 0.25625 0.18 0.31 0.17333333333333334 0.31875 0.175 0.34 0.17166666666666666 0.37 0.17166666666666666 0.42375 0.16666666666666666 0.4275 0.16833333333333333 0.44625 0.165 0.50125 0.16333333333333333 0.51875 0.16 0.55 0.16 0.67375 0.15166666666666667