0 0.28 0.2833333333333333 0.29375 0.2916666666666667 0.3 0.3 0.30375 0.31 0.30375 0.3233333333333333 0.3 0.34 0.29375 0.35 0.28 0.3566666666666667 0.275 0.3566666666666667 0.26125 0.34833333333333333 0.25 0.33166666666666667 0.25 0.30833333333333335 0.2525 0.3 0.26625 0.285 0.27875 0.2833333333333333
0 0.415 0.6533333333333333 0.42375 0.6633333333333333 0.4275 0.6733333333333333 0.42875 0.6966666666666667 0.425 0.7083333333333334 0.41875 0.7166666666666667 0.40875 0.7233333333333334 0.3975 0.7233333333333334 0.38375 0.7166666666666667 0.37625 0.7033333333333334 0.37375 0.6933333333333334 0.37375 0.6816666666666666 0.37875 0.665 0.38625 0.655 0.395 0.65 0.40875 0.65 0.41375 0.6533333333333333
0 0.2975 0.6316666666666667 0.30375 0.6383333333333333 0.3075 0.6466666666666666 0.31125 0.6633333333333333 0.31125 0.6766666666666666 0.3075 0.6866666666666666 0.30125 0.695 0.28875 0.7016666666666667 0.2775 0.7016666666666667 0.26375 0.695 0.25375 0.6733333333333333 0.25375 0.655 0.26 0.64 0.26875 0.6316666666666667 0.2775 0.6283333333333333 0.29125 0.6283333333333333 0.29625 0.6316666666666667
0 0.2825 0.11666666666666667 0.29 0.12 0.29625 0.12666666666666668 0.3025 0.14666666666666667 0.3 0.16666666666666666 0.29625 0.17666666666666667 0.29125 0.18333333333333332 0.285 0.18666666666666668 0.26125 0.185 0.25125 0.17166666666666666 0.2475 0.15833333333333333 0.25 0.13666666666666666 0.25875 0.12166666666666667 0.27 0.11666666666666667 0.28125 0.11666666666666667
0 0.565 0.65 0.57375 0.6583333333333333 0.57875 0.67 0.57875 0.6983333333333334 0.5675 0.7166666666666667 0.55 0.7216666666666667 0.5375 0.7166666666666667 0.52875 0.705 0.525 0.6933333333333334 0.525 0.675 0.53 0.66 0.5425 0.6483333333333333 0.55875 0.6466666666666666 0.56375 0.65
1 0.8025 0.08833333333333333 0.8125 0.09333333333333334 0.8175 0.1 0.8225 0.11333333333333333 0.82125 0.135 0.815 0.14666666666666667 0.80875 0.15333333333333332 0.80875 0.15666666666666668 0.8125 0.17166666666666666 0.815 0.20833333333333334 0.81375 0.225 0.81625 0.245 0.81625 0.29 0.81875 0.30833333333333335 0.82125 0.43666666666666665 0.83625 0.45666666666666667 0.8375 0.46166666666666667 0.83625 0.48333333333333334 0.82375 0.5066666666666667 0.83 0.625 0.82875 0.6366666666666667 0.8325 0.6816666666666666 0.8325 0.7316666666666667 0.83625 0.7833333333333333 0.83625 0.8566666666666667 0.8325 0.86 0.82 0.8616666666666667 0.785 0.8633333333333333 0.64625 0.8633333333333333 0.59375 0.8666666666666667 0.50375 0.8666666666666667 0.36375 0.8716666666666667 0.30375 0.87 0.2825 0.8733333333333333 0.27125 0.8716666666666667 0.26875 0.8666666666666667 0.26875 0.7 0.26125 0.69 0.255 0.67 0.25625 0.6516666666666666 0.26875 0.63 0.26625 0.6183333333333333 0.26625 0.44166666666666665 0.26375 0.42333333333333334 0.265 0.355 0.2625 0.34833333333333333 0.2525 0.335 0.25 0.325 0.25 0.315 0.25375 0.3016666666666667 0.26125 0.2916666666666667 0.2625 0.2866666666666667 0.2625 0.19 0.26125 0.18333333333333332 0.25625 0.17833333333333334 0.25 0.165 0.25 0.14833333333333334 0.25625 0.12833333333333333 0.26125 0.12166666666666667 0.26625 0.12 0.2825 0.12 0.29125 0.125 0.3025 0.14333333333333334 0.34375 0.14333333333333334 0.3775 0.13833333333333334 0.3975 0.14166666666666666 0.415 0.13666666666666666 0.505 0.13333333333333333 0.5525 0.12833333333333333 0.565 0.13 0.65625 0.12166666666666667 0.7675 0.11666666666666667 0.77375 0.10666666666666667 0.775 0.1 0.7825 0.09166666666666666 0.79 0.08833333333333333 0.80125 0.08833333333333333
2 0.45625 0.5916666666666667 0.4675 0.5933333333333334 0.47 0.5966666666666667 0.47125 0.7066666666666667 0.47375 0.7583333333333333 0.4725 0.7616666666666667 0.46375 0.765 0.39375 0.7683333333333333 0.3475 0.7683333333333333 0.3425 0.7616666666666667 0.34375 0.7266666666666667 0.34125 0.7233333333333334 0.34 0.6683333333333333 0.3425 0.6433333333333333 0.34125 0.6016666666666667 0.34375 0.5966666666666667 0.455 0.5916666666666667
2 0.59375 0.22333333333333333 0.59875 0.22833333333333333 0.6 0.3 0.6025 0.3233333333333333 0.6025 0.38666666666666666 0.59875 0.39 0.58625 0.39166666666666666 0.53125 0.3933333333333333 0.50625 0.39666666666666667 0.48 0.395 0.47625 0.39166666666666666 0.475 0.33 0.4725 0.3 0.4725 0.235 0.47625 0.23 0.5 0.22666666666666666 0.50875 0.22833333333333333 0.52625 0.225 0.5925 0.22333333333333333
2 0.50375 0.4066666666666667 0.51 0.4083333333333333 0.58625 0.4033333333333333 0.595 0.4033333333333333 0.6025 0.4066666666666667 0.605 0.41833333333333333 0.60875 0.525 0.6075 0.57 0.605 0.5733333333333334 0.59375 0.575 0.50875 0.5783333333333334 0.48 0.5766666666666667 0.4775 0.5416666666666666 0.475 0.42 0.47875 0.41 0.5025 0.4083333333333333
2 0.615 0.3883333333333333 0.6125 0.36833333333333335 0.6125 0.3416666666666667 0.61 0.3333333333333333 0.61125 0.31333333333333335 0.60875 0.295 0.61 0.22666666666666666 0.6125 0.22333333333333333 0.6225 0.22166666666666668 0.64875 0.22166666666666668 0.72 0.215 0.735 0.21666666666666667 0.73875 0.225 0.7425 0.33666666666666667 0.74125 0.38333333333333336 0.7275 0.38666666666666666 0.715 0.385 0.695 0.3883333333333333 0.61625 0.3883333333333333
2 0.42625 0.23166666666666666 0.4575 0.23166666666666666 0.46125 0.23666666666666666 0.46375 0.26666666666666666 0.4625 0.275 0.46625 0.39166666666666666 0.4625 0.39666666666666667 0.45 0.3983333333333333 0.41375 0.3983333333333333 0.35625 0.4033333333333333 0.34125 0.40166666666666667 0.3375 0.39 0.335 0.335 0.33625 0.2833333333333333 0.33375 0.27166666666666667 0.33375 0.24166666666666667 0.33875 0.23666666666666666 0.34875 0.235 0.37 0.23666666666666666 0.425 0.23166666666666666
2 0.72 0.39666666666666667 0.74125 0.4 0.745 0.4116666666666667 0.74875 0.49 0.74875 0.5666666666666667 0.74625 0.57 0.73 0.5716666666666667 0.72375 0.57 0.67125 0.5733333333333334 0.62375 0.5733333333333334 0.61875 0.5683333333333334 0.61625 0.5383333333333333 0.61375 0.43666666666666665 0.61375 0.4166666666666667 0.61625 0.405 0.63375 0.40166666666666667 0.71875 0.3983333333333333
2 0.42625 0.41 0.4625 0.41 0.46625 0.4166666666666667 0.47 0.5466666666666666 0.46875 0.5733333333333334 0.465 0.5783333333333334 0.46 0.58 0.45125 0.5783333333333334 0.3875 0.5833333333333334 0.345 0.5833333333333334 0.34125 0.5783333333333334 0.33875 0.5366666666666666 0.34 0.4166666666666667 0.34625 0.41333333333333333 0.3875 0.41333333333333333 0.425 0.41
2 0.5475 0.5866666666666667 0.59375 0.5866666666666667 0.6075 0.59 0.61375 0.7233333333333334 0.6125 0.7566666666666667 0.60875 0.76 0.59875 0.7616666666666667 0.515 0.765 0.48625 0.7633333333333333 0.48375 0.7616666666666667 0.4825 0.7566666666666667 0.4825 0.7283333333333334 0.48 0.7166666666666667 0.48125 0.7016666666666667 0.47875 0.69 0.48 0.5983333333333334 0.4825 0.5933333333333334 0.48625 0.5916666666666667 0.54625 0.5866666666666667
2 0.685 0.5833333333333334 0.7475 0.5833333333333334 0.75 0.5866666666666667 0.75375 0.6416666666666667 0.7525 0.6533333333333333 0.75625 0.755 0.75375 0.7583333333333333 0.7475 0.76 0.70625 0.7616666666666667 0.665 0.7616666666666667 0.625 0.7583333333333333 0.6225 0.75 0.61875 0.5933333333333334 0.62125 0.5883333333333334 0.6325 0.585 0.68375 0.585
4 0.55625 0.265 0.5675 0.27166666666666667 0.57375 0.28 0.5775 0.2916666666666667 0.5775 0.31166666666666665 0.575 0.31833333333333336 0.565 0.33166666666666667 0.55625 0.33666666666666667 0.54 0.335 0.53125 0.32666666666666666 0.52375 0.31 0.52375 0.29 0.52875 0.2783333333333333 0.54125 0.26666666666666666 0.555 0.265
4 0.5425 0.44 0.555 0.44666666666666666 0.56125 0.455 0.56625 0.4716666666666667 0.56625 0.48333333333333334 0.56125 0.49666666666666665 0.555 0.505 0.54375 0.5133333333333333 0.5325 0.5133333333333333 0.5225 0.5083333333333333 0.51375 0.49666666666666665 0.51 0.4866666666666667 0.51 0.4683333333333333 0.5175 0.45166666666666666 0.52625 0.44333333333333336 0.54125 0.44
4 0.80625 0.08666666666666667 0.8175 0.095 0.82375 0.10833333333333334 0.82625 0.12666666666666668 0.82375 0.13666666666666666 0.81375 0.15166666666666667 0.8025 0.15666666666666668 0.7875 0.155 0.775 0.145 0.77 0.13 0.77 0.11166666666666666 0.77375 0.1 0.78125 0.09 0.795 0.085 0.805 0.08666666666666667
4 0.825 0.44 0.835 0.45166666666666666 0.83875 0.46166666666666667 0.83875 0.48 0.83125 0.49833333333333335 0.8275 0.5033333333333333 0.81875 0.5083333333333333 0.8025 0.5083333333333333 0.7925 0.5016666666666667 0.78375 0.4866666666666667 0.7825 0.4666666666666667 0.78875 0.44666666666666666 0.79875 0.43833333333333335 0.81875 0.43666666666666665 0.82375 0.44
3 0.33625 0.615 0.3375 0.61 0.335 0.6 0.33375 0.5733333333333334 0.335 0.5316666666666666 0.3325 0.465 0.33375 0.43166666666666664 0.33125 0.40166666666666667 0.33125 0.295 0.32875 0.25833333333333336 0.32875 0.23 0.33125 0.22666666666666666 0.40875 0.225 0.46375 0.22 0.50125 0.22 0.525 0.21666666666666667 0.74375 0.20666666666666667 0.7475 0.2783333333333333 0.7475 0.3383333333333333 0.75125 0.37666666666666665 0.75 0.38666666666666666 0.75375 0.45166666666666666 0.7525 0.4583333333333333 0.755 0.4716666666666667 0.75375 0.51 0.75875 0.6166666666666667 0.76 0.715 0.7625 0.7316666666666667 0.76125 0.765 0.75 0.7683333333333333 0.64125 0.7683333333333333 0.34125 0.7766666666666666 0.3375 0.7716666666666666 0.3375 0.7183333333333334 0.335 0.71 0.3375 0.6683333333333333 0.3375 0.6633333333333333 0.335 0.66 0.335 0.63 0.3375 0.625 0.3375 0.6166666666666667