0 0.285 0.28 0.295 0.28833333333333333 0.3 0.2966666666666667 0.30125 0.32166666666666666 0.29875 0.335 0.29125 0.345 0.27875 0.35 0.2625 0.3466666666666667 0.25 0.3333333333333333 0.24625 0.32 0.24625 0.3016666666666667 0.25125 0.29 0.2575 0.2816666666666667 0.265 0.27666666666666667 0.27875 0.27666666666666667 0.28375 0.28
0 0.41 0.6566666666666666 0.41625 0.66 0.425 0.6716666666666666 0.42875 0.6816666666666666 0.43 0.7016666666666667 0.42625 0.7133333333333334 0.4175 0.7266666666666667 0.405 0.7333333333333333 0.3925 0.7316666666666667 0.385 0.7266666666666667 0.37875 0.7183333333333334 0.3725 0.7016666666666667 0.3725 0.6883333333333334 0.3825 0.665 0.395 0.6566666666666666 0.40875 0.6566666666666666
0 0.28375 0.6316666666666667 0.2975 0.6383333333333333 0.30375 0.6466666666666666 0.3075 0.6566666666666666 0.3075 0.685 0.305 0.6916666666666667 0.2975 0.7033333333333334 0.28625 0.7083333333333334 0.2725 0.7083333333333334 0.26125 0.7033333333333334 0.2525 0.6883333333333334 0.25 0.6783333333333333 0.2525 0.655 0.25625 0.6466666666666666 0.26875 0.635 0.2825 0.6316666666666667
0 0.27875 0.10166666666666667 0.29 0.10833333333333334 0.3 0.125 0.3 0.14666666666666667 0.295 0.16333333333333333 0.29 0.17 0.27875 0.175 0.2575 0.17333333333333334 0.2475 0.15833333333333333 0.24375 0.145 0.24625 0.12166666666666667 0.25375 0.11 0.26625 0.10166666666666667 0.2775 0.10166666666666667
0 0.56 0.655 0.57125 0.66 0.57875 0.67 0.58375 0.6933333333333334 0.58 0.715 0.575 0.7233333333333334 0.565 0.7316666666666667 0.5475 0.7316666666666667 0.54 0.7266666666666667 0.53125 0.715 0.5275 0.7 0.5275 0.6833333333333333 0.5325 0.6683333333333333 0.54375 0.6583333333333333 0.55875 0.655
1 0.81625 0.105 0.82 0.10666666666666667 0.82375 0.11333333333333333 0.8225 0.145 0.82625 0.17833333333333334 0.82625 0.25166666666666665 0.82875 0.2966666666666667 0.8275 0.3 0.83 0.345 0.83125 0.44 0.84125 0.4533333333333333 0.845 0.455 0.84875 0.4633333333333333 0.84875 0.4866666666666667 0.835 0.5133333333333333 0.83375 0.52 0.83625 0.5583333333333333 0.835 0.5966666666666667 0.83875 0.6833333333333333 0.8375 0.7133333333333334 0.8425 0.8366666666666667 0.84125 0.87 0.835 0.8733333333333333 0.65 0.8733333333333333 0.57625 0.8766666666666667 0.5225 0.875 0.35375 0.88 0.26875 0.88 0.265 0.8766666666666667 0.265 0.8433333333333334 0.2625 0.8216666666666667 0.26375 0.705 0.25125 0.6816666666666666 0.2525 0.6583333333333333 0.265 0.6366666666666667 0.2625 0.62 0.26 0.47333333333333333 0.26125 0.3466666666666667 0.24875 0.3283333333333333 0.24625 0.31666666666666665 0.24625 0.305 0.25 0.295 0.25875 0.2833333333333333 0.26125 0.275 0.25875 0.27 0.2575 0.17166666666666666 0.2475 0.15833333333333333 0.2475 0.12166666666666667 0.2625 0.105 0.28125 0.105 0.29 0.11166666666666666 0.30125 0.12833333333333333 0.3425 0.12833333333333333 0.35125 0.125 0.40375 0.12666666666666668 0.42875 0.12166666666666667 0.5175 0.11833333333333333 0.53625 0.12 0.545 0.11666666666666667 0.5775 0.11666666666666667 0.65625 0.11 0.695 0.11166666666666666 0.71875 0.10833333333333334 0.815 0.105
2 0.43125 0.595 0.465 0.595 0.47 0.5983333333333334 0.4725 0.6533333333333333 0.47375 0.7666666666666667 0.47 0.7716666666666666 0.4025 0.775 0.345 0.775 0.34 0.7683333333333333 0.34 0.7083333333333334 0.3375 0.6683333333333333 0.34 0.6516666666666666 0.33875 0.6016666666666667 0.34125 0.5966666666666667 0.37125 0.5983333333333334 0.43 0.595
2 0.59875 0.215 0.60375 0.21833333333333332 0.60625 0.22833333333333333 0.60625 0.30333333333333334 0.60875 0.375 0.6075 0.385 0.6 0.39 0.52375 0.3933333333333333 0.47875 0.39166666666666666 0.47625 0.36833333333333335 0.47375 0.23666666666666666 0.47625 0.22333333333333333 0.4875 0.22 0.5275 0.21833333333333332 0.54 0.215 0.5975 0.215
2 0.5175 0.405 0.5225 0.4066666666666667 0.545 0.4033333333333333 0.60375 0.4033333333333333 0.6075 0.4066666666666667 0.61125 0.4666666666666667 0.6125 0.565 0.61125 0.5733333333333334 0.6075 0.5783333333333334 0.51125 0.5816666666666667 0.48375 0.5816666666666667 0.48 0.575 0.4775 0.4166666666666667 0.47875 0.4116666666666667 0.485 0.4066666666666667 0.51625 0.405
2 0.73875 0.20833333333333334 0.745 0.21 0.74875 0.215 0.7525 0.3233333333333333 0.75125 0.38 0.7475 0.385 0.7025 0.385 0.685 0.3883333333333333 0.62375 0.3883333333333333 0.61875 0.38333333333333336 0.6175 0.31333333333333335 0.615 0.28 0.615 0.22166666666666668 0.61875 0.21666666666666667 0.62625 0.21333333333333335 0.7375 0.20833333333333334
2 0.38125 0.22333333333333333 0.3825 0.225 0.415 0.22166666666666668 0.45875 0.22166666666666668 0.46375 0.22666666666666666 0.4675 0.31166666666666665 0.4675 0.38666666666666666 0.465 0.3933333333333333 0.46 0.395 0.415 0.395 0.3725 0.3983333333333333 0.34 0.3983333333333333 0.33625 0.39166666666666666 0.33375 0.34833333333333333 0.335 0.3383333333333333 0.3325 0.3333333333333333 0.3325 0.235 0.3375 0.225 0.38 0.22333333333333333
2 0.74 0.3983333333333333 0.75 0.4 0.7525 0.4066666666666667 0.75625 0.48833333333333334 0.75625 0.5683333333333334 0.75375 0.5733333333333334 0.74375 0.5766666666666667 0.67375 0.5783333333333334 0.62625 0.5783333333333334 0.6225 0.575 0.61875 0.46166666666666667 0.62 0.4066666666666667 0.62125 0.4033333333333333 0.6275 0.40166666666666667 0.73875 0.3983333333333333
2 0.46375 0.4066666666666667 0.4675 0.41333333333333333 0.46875 0.43166666666666664 0.4675 0.4816666666666667 0.47 0.48833333333333334 0.47 0.5783333333333334 0.46 0.5833333333333334 0.44375 0.5816666666666667 0.385 0.585 0.3425 0.585 0.33875 0.5816666666666667 0.33625 0.535 0.33625 0.43166666666666664 0.33875 0.41333333333333333 0.34125 0.41 0.38375 0.41 0.4 0.4066666666666667 0.41375 0.41 0.4625 0.4066666666666667
2 0.60875 0.59 0.6125 0.5983333333333334 0.61375 0.6116666666666667 0.61375 0.6833333333333333 0.61625 0.7016666666666667 0.615 0.765 0.61 0.7683333333333333 0.5975 0.77 0.4875 0.7716666666666666 0.48375 0.7683333333333333 0.4825 0.7516666666666667 0.48 0.6083333333333333 0.48125 0.6 0.48375 0.5966666666666667 0.515 0.595 0.53 0.5916666666666667 0.6075 0.5916666666666667
2 0.62375 0.7133333333333334 0.625 0.7016666666666667 0.6225 0.6566666666666666 0.6225 0.5983333333333334 0.625 0.5933333333333334 0.69125 0.5883333333333334 0.755 0.59 0.7575 0.5983333333333334 0.75625 0.605 0.76125 0.71 0.76 0.7666666666666667 0.68 0.77 0.62875 0.7683333333333333 0.62625 0.765 0.625 0.755 0.625 0.715
4 0.56375 0.26166666666666666 0.5725 0.26666666666666666 0.58 0.27666666666666667 0.58375 0.28833333333333333 0.58375 0.30833333333333335 0.57625 0.325 0.5625 0.335 0.54875 0.335 0.5425 0.33166666666666667 0.5325 0.31666666666666665 0.5275 0.29833333333333334 0.52875 0.2866666666666667 0.5325 0.27666666666666667 0.54 0.26666666666666666 0.54875 0.26166666666666666 0.5625 0.26166666666666666
4 0.54625 0.44166666666666665 0.555 0.445 0.5675 0.46166666666666667 0.57 0.47 0.57 0.49 0.56625 0.5 0.5575 0.5116666666666667 0.545 0.5183333333333333 0.5325 0.5166666666666667 0.52125 0.5083333333333333 0.51375 0.49 0.51375 0.47 0.52 0.455 0.53 0.445 0.545 0.44166666666666665
4 0.69875 0.23666666666666666 0.71 0.24333333333333335 0.7175 0.25333333333333335 0.72125 0.26666666666666666 0.72125 0.28 0.71625 0.2966666666666667 0.71 0.305 0.69625 0.31166666666666665 0.68375 0.31 0.67375 0.305 0.66625 0.29333333333333333 0.6625 0.275 0.66625 0.25666666666666665 0.67375 0.245 0.68375 0.23833333333333334 0.6975 0.23666666666666666
4 0.835 0.44333333333333336 0.845 0.455 0.85 0.465 0.85 0.485 0.8425 0.505 0.8375 0.5116666666666667 0.83125 0.515 0.81125 0.515 0.8025 0.5083333333333333 0.79625 0.5 0.7925 0.49 0.7925 0.4683333333333333 0.79875 0.45166666666666666 0.81125 0.44166666666666665 0.82125 0.44 0.83375 0.44333333333333336
3 0.75375 0.20166666666666666 0.75625 0.23333333333333334 0.76 0.47333333333333333 0.7625 0.49833333333333335 0.7625 0.5783333333333334 0.765 0.5883333333333334 0.76375 0.6266666666666667 0.7675 0.7216666666666667 0.76625 0.775 0.72375 0.7783333333333333 0.6225 0.7766666666666666 0.60625 0.78 0.47 0.78 0.4175 0.7833333333333333 0.335 0.7816666666666666 0.335 0.72 0.3325 0.7083333333333334 0.3325 0.6483333333333333 0.335 0.6266666666666667 0.3325 0.6116666666666667 0.33375 0.525 0.33125 0.5116666666666667 0.33125 0.49 0.33375 0.475 0.33125 0.44666666666666666 0.33125 0.405 0.32875 0.38333333333333336 0.33 0.31833333333333336 0.3275 0.2733333333333333 0.3275 0.21833333333333332 0.33875 0.215 0.3925 0.215 0.445 0.21166666666666667 0.45 0.21333333333333335 0.5225 0.20833333333333334 0.57 0.20833333333333334 0.5875 0.205 0.6275 0.20666666666666667 0.64125 0.20333333333333334 0.7375 0.2 0.7525 0.20166666666666666