0 0.20125 0.27166666666666667 0.21 0.28 0.215 0.28833333333333333 0.21625 0.31333333333333335 0.21 0.32666666666666666 0.19625 0.335 0.18875 0.335 0.1725 0.325 0.165 0.31 0.16375 0.29333333333333333 0.16625 0.285 0.1775 0.27166666666666667 0.18625 0.2683333333333333 0.2 0.27166666666666667
0 0.455 0.5983333333333334 0.46625 0.6066666666666667 0.4725 0.625 0.4725 0.6416666666666667 0.47 0.6483333333333333 0.4625 0.66 0.45625 0.6633333333333333 0.43625 0.6616666666666666 0.4275 0.6483333333333333 0.42375 0.63 0.425 0.6183333333333333 0.4325 0.605 0.445 0.5983333333333334 0.45375 0.5983333333333334
0 0.32375 0.605 0.33125 0.61 0.33875 0.62 0.34125 0.63 0.34125 0.6433333333333333 0.335 0.6616666666666666 0.33 0.6666666666666666 0.32125 0.67 0.3075 0.6683333333333333 0.29625 0.6566666666666666 0.2925 0.645 0.2925 0.6283333333333333 0.29875 0.615 0.30375 0.61 0.31125 0.605 0.3225 0.605
0 0.19375 0.11 0.20625 0.12166666666666667 0.2125 0.13833333333333334 0.2125 0.14666666666666667 0.20625 0.16666666666666666 0.20125 0.17333333333333334 0.195 0.17666666666666667 0.1775 0.17666666666666667 0.17125 0.17333333333333334 0.16375 0.165 0.15875 0.15 0.16 0.13 0.16375 0.12 0.17625 0.11 0.1925 0.11
0 0.58375 0.5966666666666667 0.59 0.6033333333333334 0.59375 0.6133333333333333 0.595 0.6316666666666667 0.59125 0.645 0.58 0.6566666666666666 0.56375 0.6566666666666666 0.55 0.6466666666666666 0.545 0.635 0.545 0.6166666666666667 0.54875 0.605 0.5625 0.5916666666666667 0.57625 0.5916666666666667 0.5825 0.5966666666666667
1 0.1925 0.11166666666666666 0.19875 0.115 0.21 0.12833333333333333 0.2525 0.125 0.3975 0.12333333333333334 0.4475 0.12 0.5675 0.11833333333333333 0.60375 0.115 0.67 0.115 0.6725 0.12 0.67375 0.17833333333333334 0.67625 0.205 0.67625 0.26666666666666666 0.68125 0.365 0.68125 0.4033333333333333 0.6825 0.41333333333333333 0.69 0.42333333333333334 0.6925 0.43333333333333335 0.69125 0.45166666666666666 0.68375 0.4666666666666667 0.68625 0.5866666666666667 0.68875 0.6116666666666667 0.6875 0.6216666666666667 0.6925 0.72 0.69125 0.7683333333333333 0.63 0.775 0.5975 0.775 0.58125 0.7783333333333333 0.52375 0.7816666666666666 0.4875 0.7816666666666666 0.4675 0.785 0.21 0.8016666666666666 0.19875 0.8016666666666666 0.195 0.7983333333333333 0.19375 0.7933333333333333 0.1925 0.7383333333333333 0.19 0.7216666666666667 0.18875 0.6416666666666667 0.18625 0.615 0.18375 0.5 0.17875 0.43333333333333335 0.17625 0.3283333333333333 0.17125 0.32166666666666666 0.165 0.305 0.16625 0.28833333333333333 0.17375 0.275 0.17 0.17333333333333334 0.16 0.15166666666666667 0.16 0.13666666666666666 0.16375 0.12333333333333334 0.1675 0.11833333333333333 0.1775 0.11166666666666666 0.19125 0.11166666666666666
2 0.35 0.5466666666666666 0.36875 0.5466666666666666 0.37375 0.555 0.37375 0.5966666666666667 0.37625 0.61 0.37625 0.6516666666666666 0.37875 0.68 0.3775 0.6983333333333334 0.3625 0.7016666666666667 0.33375 0.7016666666666667 0.27875 0.7083333333333334 0.2625 0.7066666666666667 0.25875 0.6933333333333334 0.26 0.685 0.2575 0.6633333333333333 0.255 0.565 0.25625 0.5533333333333333 0.34875 0.5466666666666666
2 0.52625 0.20833333333333334 0.60875 0.20833333333333334 0.6125 0.285 0.6125 0.355 0.6075 0.36 0.54625 0.36333333333333334 0.5025 0.36333333333333334 0.49875 0.36 0.495 0.2916666666666667 0.49375 0.22 0.4975 0.21166666666666667 0.525 0.21
2 0.615 0.5333333333333333 0.62 0.54 0.62 0.5733333333333334 0.6225 0.6016666666666667 0.62125 0.61 0.625 0.645 0.625 0.6816666666666666 0.6175 0.6866666666666666 0.57375 0.6883333333333334 0.5675 0.6916666666666667 0.51625 0.6916666666666667 0.51125 0.6883333333333334 0.50625 0.6216666666666667 0.50625 0.545 0.51 0.54 0.5175 0.5383333333333333 0.61375 0.5333333333333333
2 0.48375 0.54 0.49625 0.5433333333333333 0.49875 0.5683333333333334 0.49875 0.6 0.50125 0.615 0.50125 0.69 0.49125 0.6933333333333334 0.45375 0.6966666666666667 0.39 0.6983333333333334 0.3875 0.695 0.38625 0.6866666666666666 0.3825 0.605 0.3825 0.55 0.39 0.545 0.39375 0.5466666666666666 0.41375 0.5433333333333333 0.4825 0.5416666666666666
2 0.37625 0.385 0.39 0.38 0.425 0.38 0.42875 0.37666666666666665 0.4875 0.37666666666666665 0.49125 0.38333333333333336 0.4925 0.3983333333333333 0.49625 0.4866666666666667 0.49625 0.5233333333333333 0.495 0.5266666666666666 0.49125 0.5283333333333333 0.3825 0.5333333333333333 0.38 0.5266666666666666 0.37875 0.5016666666666667 0.375 0.4 0.37625 0.38666666666666666
2 0.4225 0.21166666666666667 0.4825 0.21166666666666667 0.485 0.215 0.48875 0.2733333333333333 0.48875 0.325 0.49125 0.35 0.49 0.36 0.4875 0.36333333333333334 0.44125 0.365 0.4225 0.36833333333333335 0.38 0.36833333333333335 0.37625 0.365 0.3725 0.33 0.37 0.26666666666666666 0.37125 0.21666666666666667 0.37875 0.21333333333333335 0.3825 0.215 0.42125 0.21166666666666667
2 0.305 0.29583333333333334 0.125 0.16166666666666665
2 0.60375 0.37166666666666665 0.61125 0.37333333333333335 0.615 0.38666666666666666 0.615 0.41 0.6175 0.425 0.61625 0.42833333333333334 0.61875 0.5183333333333333 0.6125 0.5233333333333333 0.55 0.525 0.5225 0.5283333333333333 0.5075 0.5266666666666666 0.505 0.5233333333333333 0.49875 0.39666666666666667 0.5 0.37833333333333335 0.505 0.375 0.6025 0.37166666666666665
2 0.365 0.38333333333333336 0.3675 0.3883333333333333 0.3725 0.53 0.36875 0.535 0.355 0.5366666666666666 0.2675 0.5416666666666666 0.255 0.54 0.2525 0.5216666666666666 0.2525 0.4683333333333333 0.24875 0.4033333333333333 0.25 0.39 0.2525 0.38666666666666666 0.2675 0.385 0.36375 0.38333333333333336
4 0.565 0.23666666666666666 0.5775 0.245 0.58125 0.25166666666666665 0.58375 0.25833333333333336 0.58375 0.2783333333333333 0.5775 0.29333333333333333 0.56375 0.3016666666666667 0.55375 0.3 0.5425 0.29333333333333333 0.53625 0.275 0.53625 0.26166666666666666 0.54 0.25 0.55 0.23833333333333334 0.56375 0.23666666666666666
4 0.44875 0.25666666666666665 0.4575 0.26166666666666666 0.465 0.27166666666666667 0.46875 0.285 0.4675 0.3 0.46375 0.31 0.45625 0.31833333333333336 0.44875 0.32166666666666666 0.44125 0.32166666666666666 0.43125 0.31666666666666665 0.4275 0.31333333333333335 0.42 0.2966666666666667 0.42 0.2783333333333333 0.42375 0.2683333333333333 0.43125 0.26 0.4475 0.25666666666666665
4 0.445 0.41833333333333333 0.45125 0.42333333333333334 0.4575 0.43333333333333335 0.46 0.45166666666666666 0.4575 0.4633333333333333 0.45375 0.47 0.44125 0.48 0.4275 0.48 0.42125 0.4766666666666667 0.41125 0.46 0.41 0.44166666666666665 0.41125 0.435 0.42 0.4216666666666667 0.42875 0.4166666666666667 0.44375 0.41833333333333333
4 0.67625 0.41 0.6875 0.4166666666666667 0.6925 0.425 0.69375 0.44666666666666666 0.69125 0.455 0.68375 0.4666666666666667 0.67 0.4716666666666667 0.655 0.4683333333333333 0.64625 0.45666666666666667 0.64375 0.43833333333333335 0.64625 0.4266666666666667 0.65125 0.4166666666666667 0.66125 0.41 0.675 0.41
3 0.6075 0.19833333333333333 0.61375 0.20166666666666666 0.615 0.21333333333333335 0.615 0.26666666666666666 0.61875 0.31666666666666665 0.61875 0.37166666666666665 0.62125 0.39666666666666667 0.62125 0.42333333333333334 0.62375 0.435 0.62375 0.5416666666666666 0.62625 0.5533333333333333 0.62625 0.6116666666666667 0.63 0.6633333333333333 0.62875 0.6883333333333334 0.62625 0.6916666666666667 0.59875 0.695 0.5675 0.695 0.55125 0.6983333333333334 0.49 0.7 0.4675 0.7033333333333334 0.415 0.7033333333333334 0.39625 0.7066666666666667 0.33625 0.7083333333333334 0.325 0.7116666666666667 0.30875 0.71 0.28625 0.7133333333333334 0.25875 0.7133333333333334 0.25625 0.7083333333333334 0.255 0.6616666666666666 0.25125 0.6166666666666667 0.2525 0.6083333333333333 0.25 0.585 0.2475 0.465 0.245 0.445 0.24375 0.3883333333333333 0.24 0.35333333333333333 0.2425 0.33 0.24 0.325 0.23625 0.25333333333333335 0.2375 0.21166666666666667 0.255 0.20833333333333334 0.36 0.20833333333333334 0.38125 0.205 0.3875 0.20666666666666667 0.47625 0.20166666666666666 0.56125 0.20166666666666666 0.60625 0.19833333333333333