0 0.465 0.14 0.47625 0.145 0.48125 0.15166666666666667 0.485 0.165 0.48125 0.18333333333333332 0.47625 0.19 0.46625 0.195 0.44875 0.19166666666666668 0.4425 0.18333333333333332 0.43875 0.17 0.44 0.15666666666666668 0.445 0.14833333333333334 0.45125 0.14333333333333334 0.46375 0.14
0 0.48125 0.36666666666666664 0.4925 0.38 0.49375 0.395 0.49 0.41 0.48625 0.415 0.47375 0.4216666666666667 0.4625 0.4216666666666667 0.4575 0.41833333333333333 0.44875 0.405 0.44625 0.38666666666666666 0.45125 0.375 0.46 0.365 0.475 0.36333333333333334 0.48 0.36666666666666664
0 0.68125 0.11833333333333333 0.68875 0.12666666666666668 0.6925 0.13666666666666666 0.6925 0.15166666666666667 0.68875 0.16166666666666665 0.68375 0.16833333333333333 0.67875 0.17 0.66375 0.17 0.64875 0.16166666666666665 0.645 0.155 0.64375 0.14166666666666666 0.6475 0.12666666666666668 0.65625 0.11833333333333333 0.68 0.11833333333333333
0 0.36125 0.15333333333333332 0.36875 0.15666666666666668 0.37625 0.165 0.37875 0.17166666666666666 0.37875 0.18833333333333332 0.3725 0.2 0.3575 0.20833333333333334 0.3425 0.205 0.33625 0.19333333333333333 0.3325 0.18 0.33375 0.17166666666666666 0.3425 0.15833333333333333 0.35125 0.15333333333333332 0.36 0.15333333333333332
0 0.575 0.12833333333333333 0.58625 0.14 0.58875 0.14666666666666667 0.58875 0.15666666666666668 0.58125 0.17833333333333334 0.5775 0.18333333333333332 0.57125 0.185 0.55875 0.18333333333333332 0.55 0.17833333333333334 0.54375 0.16666666666666666 0.5425 0.15 0.54625 0.13833333333333334 0.55 0.13333333333333333 0.56125 0.12666666666666668 0.57375 0.12833333333333333
1 0.68125 0.12166666666666667 0.69 0.13666666666666666 0.69 0.15 0.685 0.16833333333333333 0.69375 0.23 0.6975 0.295 0.705 0.3433333333333333 0.705 0.36 0.70875 0.37666666666666665 0.70875 0.3983333333333333 0.71125 0.41 0.7125 0.44 0.715 0.4483333333333333 0.715 0.46 0.7225 0.5116666666666667 0.72625 0.5583333333333333 0.735 0.615 0.74 0.67 0.74875 0.6833333333333333 0.75125 0.6916666666666667 0.75125 0.705 0.74625 0.72 0.74625 0.7383333333333333 0.73125 0.745 0.71375 0.745 0.66125 0.7533333333333333 0.6225 0.755 0.5875 0.7616666666666667 0.49875 0.77 0.45125 0.7783333333333333 0.3925 0.7816666666666666 0.36125 0.7883333333333333 0.345 0.7883333333333333 0.28375 0.7966666666666666 0.26 0.7966666666666666 0.2575 0.7866666666666666 0.25375 0.6216666666666667 0.24875 0.54 0.24875 0.485 0.245 0.425 0.245 0.38 0.2425 0.36333333333333334 0.24375 0.33666666666666667 0.23875 0.22833333333333333 0.24 0.20166666666666666 0.2475 0.19833333333333333 0.33125 0.19 0.33375 0.18666666666666668 0.33375 0.17833333333333334 0.33875 0.165 0.3475 0.15666666666666668 0.35375 0.155 0.36875 0.15833333333333333 0.375 0.165 0.38125 0.18333333333333332 0.39 0.18333333333333332 0.4 0.18 0.435 0.17666666666666667 0.44 0.17166666666666666 0.44125 0.15666666666666668 0.445 0.15 0.455 0.14333333333333334 0.47125 0.14333333333333334 0.47875 0.15 0.48625 0.17 0.4975 0.17 0.54 0.16333333333333333 0.5425 0.16 0.545 0.145 0.54875 0.13666666666666666 0.56 0.12833333333333333 0.57375 0.13 0.5825 0.13666666666666666 0.5875 0.15333333333333332 0.5925 0.15833333333333333 0.635 0.15333333333333332 0.64375 0.14666666666666667 0.64875 0.12833333333333333 0.65375 0.12166666666666667 0.66125 0.11833333333333333 0.675 0.11833333333333333 0.68 0.12166666666666667
2 0.3225 0.7 0.31625 0.5616666666666666 0.32125 0.5566666666666666 0.3375 0.5533333333333333 0.405 0.545 0.42125 0.545 0.425 0.555 0.42375 0.5683333333333334 0.42875 0.62 0.43125 0.6833333333333333 0.42625 0.6883333333333334 0.40375 0.6916666666666667 0.39 0.6966666666666667 0.3725 0.695 0.345 0.7 0.32375 0.7
2 0.62625 0.23 0.63 0.24666666666666667 0.63625 0.3016666666666667 0.63875 0.355 0.635 0.36 0.63 0.3616666666666667 0.54375 0.37166666666666665 0.5375 0.37 0.535 0.36666666666666664 0.53375 0.35833333333333334 0.535 0.355 0.53 0.30833333333333335 0.53 0.29 0.5275 0.2783333333333333 0.52875 0.275 0.52625 0.26 0.52625 0.24333333333333335 0.5325 0.23833333333333334 0.5425 0.23666666666666666 0.59875 0.23166666666666666 0.61 0.22833333333333333 0.625 0.23
2 0.53625 0.5316666666666666 0.53875 0.5366666666666666 0.54125 0.56 0.54375 0.615 0.54875 0.6633333333333333 0.5475 0.6716666666666666 0.54375 0.675 0.5325 0.675 0.51375 0.68 0.46625 0.685 0.445 0.685 0.4425 0.68 0.44 0.66 0.44125 0.6533333333333333 0.43875 0.6433333333333333 0.43875 0.6133333333333333 0.435 0.5966666666666667 0.43375 0.545 0.44125 0.5416666666666666 0.4725 0.5383333333333333 0.4825 0.535 0.535 0.5316666666666666
2 0.52125 0.38333333333333336 0.525 0.385 0.5275 0.39 0.5375 0.5166666666666667 0.535 0.52 0.52875 0.5216666666666666 0.43875 0.5316666666666666 0.4325 0.53 0.43 0.52 0.43 0.48333333333333334 0.42375 0.3983333333333333 0.42875 0.3933333333333333 0.44125 0.39166666666666666 0.445 0.395 0.44875 0.41 0.4575 0.4216666666666667 0.4625 0.425 0.46875 0.425 0.47125 0.42833333333333334 0.48125 0.4266666666666667 0.4875 0.4216666666666667 0.4925 0.4083333333333333 0.49625 0.38666666666666666 0.52 0.38333333333333336
2 0.40375 0.255 0.40875 0.295 0.4125 0.38166666666666665 0.41 0.385 0.39875 0.3883333333333333 0.31875 0.3983333333333333 0.31125 0.3983333333333333 0.3075 0.39 0.3075 0.35833333333333334 0.30625 0.34 0.30375 0.335 0.3025 0.30666666666666664 0.3025 0.27666666666666667 0.305 0.2683333333333333 0.30875 0.265 0.32875 0.26166666666666666 0.4025 0.255
2 0.595625 0.44583333333333336 0.11625 0.14833333333333334
2 0.4075 0.39666666666666667 0.415 0.4 0.41875 0.49166666666666664 0.42125 0.5133333333333333 0.42 0.5316666666666666 0.4075 0.5366666666666666 0.39 0.5366666666666666 0.35375 0.5433333333333333 0.33875 0.5433333333333333 0.32875 0.5466666666666666 0.31875 0.5466666666666666 0.315 0.5433333333333333 0.31125 0.48 0.31125 0.43166666666666664 0.30875 0.4166666666666667 0.31 0.4116666666666667 0.3125 0.4083333333333333 0.33 0.405 0.40625 0.3983333333333333
2 0.51375 0.24333333333333335 0.51625 0.24833333333333332 0.51875 0.285 0.5225 0.305 0.5225 0.335 0.525 0.35 0.52375 0.37166666666666665 0.495 0.37666666666666665 0.48 0.36333333333333334 0.4675 0.36 0.4575 0.365 0.44375 0.38333333333333336 0.42375 0.38333333333333336 0.42125 0.375 0.42125 0.35 0.415 0.2833333333333333 0.415 0.25666666666666665 0.4225 0.25166666666666665 0.46625 0.245 0.48625 0.245 0.5025 0.24166666666666667 0.5125 0.24333333333333335
2 0.65 0.5166666666666667 0.65375 0.5216666666666666 0.65875 0.5516666666666666 0.65875 0.565 0.66125 0.5733333333333334 0.66125 0.595 0.66375 0.605 0.665 0.635 0.6675 0.6466666666666666 0.6675 0.655 0.665 0.6616666666666666 0.58125 0.6716666666666666 0.56125 0.6716666666666666 0.55875 0.665 0.55375 0.6016666666666667 0.55375 0.575 0.55 0.5416666666666666 0.55125 0.5333333333333333 0.55625 0.5283333333333333 0.56375 0.5266666666666666 0.595 0.525 0.64875 0.5166666666666667
4 0.495 0.565 0.5025 0.575 0.50625 0.585 0.50625 0.6 0.5025 0.6116666666666667 0.49625 0.62 0.49 0.6233333333333333 0.47625 0.6233333333333333 0.4675 0.6166666666666667 0.46125 0.6033333333333334 0.46 0.5866666666666667 0.4625 0.5766666666666667 0.475 0.5633333333333334 0.48875 0.5616666666666666 0.49375 0.565
4 0.6225 0.6833333333333333 0.6325 0.6966666666666667 0.635 0.705 0.635 0.7166666666666667 0.63125 0.73 0.6225 0.74 0.61375 0.745 0.6025 0.7433333333333333 0.59125 0.7316666666666667 0.5875 0.7166666666666667 0.5875 0.7016666666666667 0.59125 0.6916666666666667 0.60125 0.6816666666666666 0.61625 0.68 0.62125 0.6833333333333333
4 0.3975 0.71 0.40625 0.7183333333333334 0.41 0.7283333333333334 0.41 0.745 0.40375 0.7616666666666667 0.39375 0.77 0.3825 0.77 0.3725 0.765 0.365 0.7516666666666667 0.3625 0.7366666666666667 0.365 0.7233333333333334 0.37375 0.7116666666666667 0.3825 0.7066666666666667 0.39125 0.7066666666666667 0.39625 0.71
4 0.7275 0.6666666666666666 0.74375 0.6733333333333333 0.75 0.6816666666666666 0.7525 0.69 0.7525 0.705 0.75 0.7133333333333334 0.74375 0.7216666666666667 0.7275 0.7316666666666667 0.715 0.7316666666666667 0.71 0.7283333333333334 0.7025 0.7166666666666667 0.7 0.705 0.7 0.6916666666666667 0.7025 0.68 0.7125 0.67 0.72625 0.6666666666666666
3 0.63125 0.22166666666666668 0.63375 0.22333333333333333 0.63625 0.23833333333333334 0.63625 0.265 0.64625 0.33166666666666667 0.64625 0.365 0.65125 0.3983333333333333 0.65125 0.415 0.65375 0.4216666666666667 0.655 0.44333333333333336 0.65875 0.45666666666666667 0.6575 0.465 0.66125 0.49833333333333335 0.66 0.515 0.665 0.5416666666666666 0.665 0.5766666666666667 0.67125 0.63 0.6675 0.65 0.66875 0.6533333333333333 0.6675 0.655 0.6675 0.65 0.665 0.6466666666666666 0.66625 0.6366666666666667 0.66125 0.6183333333333333 0.6625 0.6016666666666667 0.66 0.5933333333333334 0.65875 0.5733333333333334 0.655 0.5616666666666666 0.655 0.5316666666666666 0.65 0.5166666666666667 0.5575 0.5266666666666666 0.55375 0.5283333333333333 0.55 0.535 0.55 0.5533333333333333 0.55375 0.5766666666666667 0.5525 0.5916666666666667 0.55625 0.6116666666666667 0.555 0.62 0.5575 0.6316666666666667 0.55625 0.6366666666666667 0.55875 0.6433333333333333 0.55875 0.6666666666666666 0.56375 0.675 0.56625 0.675 0.565 0.6783333333333333 0.545 0.6833333333333333 0.50125 0.6883333333333334 0.47875 0.6883333333333334 0.41125 0.6983333333333334 0.38625 0.6966666666666667 0.38375 0.7 0.37625 0.7016666666666667 0.34625 0.7033333333333334 0.33875 0.7066666666666667 0.31875 0.7066666666666667 0.31625 0.7033333333333334 0.31375 0.69 0.31125 0.63 0.31375 0.6216666666666667 0.31 0.6083333333333333 0.31125 0.605 0.30875 0.5883333333333334 0.31 0.565 0.3075 0.56 0.3075 0.49833333333333335 0.305 0.49166666666666664 0.30625 0.45666666666666667 0.30125 0.4083333333333333 0.30125 0.34 0.29625 0.2866666666666667 0.29875 0.26166666666666666 0.31 0.25833333333333336 0.33375 0.25666666666666665 0.3475 0.25833333333333336 0.35375 0.255 0.37 0.255 0.37625 0.25166666666666665 0.40125 0.25166666666666665 0.4225 0.245 0.49 0.24 0.525 0.23333333333333334 0.54125 0.23333333333333334 0.56 0.22833333333333333 0.63 0.22166666666666668