0 0.4275 0.475 0.43375 0.47833333333333333 0.44 0.4866666666666667 0.445 0.5066666666666667 0.44125 0.5216666666666666 0.435 0.53 0.42875 0.5333333333333333 0.41 0.53 0.40625 0.5266666666666666 0.40125 0.5133333333333333 0.40125 0.495 0.405 0.485 0.41375 0.4766666666666667 0.42625 0.475
0 0.21375 0.3 0.22625 0.30666666666666664 0.23375 0.31666666666666665 0.23625 0.325 0.23625 0.34 0.2325 0.3516666666666667 0.22875 0.3566666666666667 0.2175 0.3616666666666667 0.2025 0.36 0.19125 0.3466666666666667 0.19 0.3416666666666667 0.18875 0.3233333333333333 0.1925 0.31166666666666665 0.2025 0.3016666666666667 0.2125 0.3
0 0.21375 0.155 0.2275 0.16333333333333333 0.235 0.175 0.235 0.19833333333333333 0.23125 0.20833333333333334 0.22125 0.21666666666666667 0.21 0.21666666666666667 0.19875 0.21166666666666667 0.19125 0.20166666666666666 0.1875 0.19166666666666668 0.1875 0.17333333333333334 0.19 0.16666666666666666 0.20125 0.15666666666666668 0.2125 0.155
0 0.2175 0.45166666666666666 0.22625 0.45666666666666667 0.23375 0.465 0.2375 0.4766666666666667 0.2375 0.49 0.235 0.49833333333333335 0.22625 0.51 0.21625 0.515 0.20875 0.515 0.19875 0.51 0.1925 0.5 0.18875 0.48833333333333334 0.18875 0.47333333333333333 0.19125 0.465 0.20125 0.4533333333333333 0.21625 0.45166666666666666
0 0.325 0.4816666666666667 0.335 0.49333333333333335 0.33875 0.5033333333333333 0.33875 0.52 0.335 0.53 0.3225 0.5416666666666666 0.305 0.54 0.295 0.5283333333333333 0.2925 0.52 0.2925 0.5 0.29625 0.49 0.30625 0.4816666666666667 0.32375 0.4816666666666667
1 0.21125 0.15666666666666668 0.225 0.16333333333333333 0.2375 0.18 0.24375 0.17833333333333334 0.295 0.18833333333333332 0.57 0.22166666666666668 0.58125 0.22666666666666666 0.59 0.225 0.60125 0.21333333333333335 0.615 0.21333333333333335 0.62625 0.22833333333333333 0.6275 0.23833333333333334 0.62625 0.25 0.615 0.26166666666666666 0.60875 0.2633333333333333 0.60375 0.27166666666666667 0.60625 0.27666666666666667 0.605 0.2866666666666667 0.6075 0.30333333333333334 0.6075 0.3383333333333333 0.61875 0.3416666666666667 0.6275 0.35 0.63125 0.36 0.63125 0.375 0.625 0.38666666666666666 0.61 0.39666666666666667 0.6075 0.4166666666666667 0.61 0.44333333333333336 0.61125 0.6066666666666667 0.61375 0.615 0.6125 0.6533333333333333 0.615 0.67 0.61625 0.7383333333333333 0.61625 0.7716666666666666 0.615 0.7833333333333333 0.6125 0.7866666666666666 0.54625 0.795 0.47875 0.7983333333333333 0.465 0.8016666666666666 0.36625 0.8083333333333333 0.355 0.8116666666666666 0.30625 0.8133333333333334 0.2775 0.8183333333333334 0.25375 0.8183333333333334 0.19875 0.825 0.17375 0.825 0.17125 0.82 0.17 0.615 0.1725 0.47 0.17 0.36666666666666664 0.17 0.17666666666666667 0.175 0.17166666666666666 0.1875 0.17166666666666666 0.19625 0.16166666666666665 0.21 0.15666666666666668
2 0.48125 0.28833333333333333 0.53875 0.2916666666666667 0.5525 0.29333333333333333 0.55625 0.2966666666666667 0.55625 0.335 0.55875 0.35833333333333334 0.55875 0.41833333333333333 0.55625 0.425 0.4725 0.4216666666666667 0.4675 0.41833333333333333 0.46375 0.31166666666666665 0.465 0.29333333333333333 0.46875 0.28833333333333333 0.48 0.28833333333333333
2 0.38 0.4266666666666667 0.425 0.43 0.44375 0.42833333333333334 0.455 0.43 0.45875 0.43333333333333335 0.46125 0.49333333333333335 0.46125 0.5633333333333334 0.4575 0.5683333333333334 0.36125 0.5666666666666667 0.35875 0.435 0.3625 0.4266666666666667 0.37875 0.4266666666666667
2 0.35875 0.2783333333333333 0.3725 0.27666666666666667 0.4275 0.28 0.45375 0.285 0.45625 0.29 0.4575 0.3433333333333333 0.46 0.3566666666666667 0.4575 0.37166666666666665 0.45875 0.41333333333333333 0.4575 0.41833333333333333 0.455 0.42 0.3625 0.415 0.35875 0.41 0.35875 0.28
2 0.2675 0.265 0.3225 0.27 0.34875 0.2783333333333333 0.35125 0.31666666666666665 0.3525 0.4066666666666667 0.35 0.41333333333333333 0.32375 0.415 0.24375 0.4083333333333333 0.24125 0.365 0.24125 0.27166666666666667 0.2425 0.26666666666666666 0.245 0.265 0.26625 0.265
2 0.485 0.43166666666666664 0.52125 0.43666666666666665 0.55375 0.435 0.5575 0.43833333333333335 0.56 0.4483333333333333 0.55875 0.465 0.56125 0.49333333333333335 0.56125 0.5666666666666667 0.50125 0.57 0.4725 0.5683333333333334 0.47 0.5666666666666667 0.46875 0.56 0.46875 0.5083333333333333 0.46625 0.4583333333333333 0.4675 0.435 0.47 0.43166666666666664 0.48375 0.43166666666666664
2 0.24375 0.42 0.25375 0.41833333333333333 0.3475 0.425 0.35125 0.43 0.3525 0.44166666666666665 0.35125 0.45666666666666667 0.35375 0.5116666666666667 0.3525 0.5666666666666667 0.25125 0.57 0.24625 0.5683333333333334 0.24375 0.565 0.2425 0.5433333333333333 0.24375 0.4216666666666667
2 0.2525 0.5783333333333334 0.3475 0.5783333333333334 0.35125 0.58 0.3525 0.5833333333333334 0.3525 0.7233333333333334 0.285 0.73 0.24625 0.73 0.24375 0.7266666666666667 0.24375 0.5816666666666667 0.25125 0.5783333333333334
2 0.56 0.58 0.5625 0.5833333333333334 0.56125 0.5916666666666667 0.565 0.6416666666666667 0.565 0.7066666666666667 0.56 0.7133333333333334 0.51375 0.7166666666666667 0.47125 0.715 0.46875 0.615 0.47 0.5816666666666667 0.485 0.5783333333333334 0.52 0.5766666666666667 0.55875 0.58
2 0.37375 0.5783333333333334 0.4575 0.5783333333333334 0.46125 0.585 0.46375 0.69 0.4625 0.7133333333333334 0.455 0.7183333333333334 0.3925 0.7233333333333334 0.365 0.7233333333333334 0.36125 0.715 0.36125 0.5833333333333334 0.36375 0.58 0.3725 0.5783333333333334
4 0.615 0.21 0.625 0.22 0.63 0.23833333333333334 0.6275 0.25166666666666665 0.62 0.26166666666666666 0.61625 0.2633333333333333 0.605 0.26166666666666666 0.595 0.24666666666666667 0.59125 0.23333333333333334 0.595 0.21833333333333332 0.6 0.21166666666666667 0.61375 0.21
4 0.5525 0.6283333333333333 0.56 0.6383333333333333 0.56125 0.66 0.5575 0.675 0.5475 0.6816666666666666 0.53625 0.6816666666666666 0.52625 0.6733333333333333 0.5225 0.6616666666666666 0.5225 0.645 0.52625 0.635 0.53375 0.6266666666666667 0.54625 0.625 0.55125 0.6283333333333333
4 0.43375 0.315 0.4425 0.32166666666666666 0.4475 0.33 0.44875 0.355 0.44 0.37 0.43125 0.37333333333333335 0.4225 0.37166666666666665 0.4125 0.3616666666666667 0.4075 0.34833333333333333 0.4075 0.33166666666666667 0.41375 0.32 0.42125 0.315 0.4325 0.315
4 0.61625 0.3383333333333333 0.625 0.3433333333333333 0.63 0.35 0.63375 0.36333333333333334 0.63125 0.38166666666666665 0.62625 0.3883333333333333 0.6175 0.3933333333333333 0.61 0.3933333333333333 0.60375 0.3883333333333333 0.5975 0.375 0.59625 0.365 0.59875 0.34833333333333333 0.60625 0.34 0.615 0.3383333333333333
3 0.23625 0.255 0.29625 0.26 0.3475 0.2683333333333333 0.37125 0.2683333333333333 0.42125 0.275 0.44125 0.275 0.44875 0.2783333333333333 0.53375 0.285 0.56 0.29 0.5625 0.30833333333333335 0.56375 0.35333333333333333 0.5625 0.39 0.56625 0.47333333333333333 0.565 0.49 0.5675 0.51 0.5675 0.67 0.57 0.685 0.56875 0.715 0.565 0.7183333333333334 0.55625 0.72 0.52625 0.72 0.42625 0.7283333333333334 0.3225 0.7316666666666667 0.30625 0.735 0.24 0.7366666666666667 0.2375 0.7016666666666667 0.23875 0.635 0.23625 0.595 0.23625 0.51 0.23875 0.49 0.24125 0.48833333333333334 0.2425 0.49833333333333335 0.24375 0.565 0.2475 0.57 0.35125 0.5683333333333334 0.35375 0.5633333333333334 0.35375 0.4716666666666667 0.3525 0.43166666666666664 0.34875 0.425 0.33125 0.4216666666666667 0.30875 0.42333333333333334 0.29625 0.42 0.2475 0.41833333333333333 0.2425 0.42833333333333334 0.24375 0.4683333333333333 0.2425 0.48 0.24 0.48 0.2375 0.4633333333333333 0.2375 0.4083333333333333 0.235 0.38666666666666666 0.23625 0.3466666666666667 0.24 0.33666666666666667 0.24375 0.4066666666666667 0.24625 0.41 0.285 0.41333333333333333 0.34875 0.415 0.3525 0.41 0.3525 0.345 0.35 0.28 0.345 0.275 0.32375 0.27 0.3 0.27 0.2725 0.265 0.24375 0.265 0.24125 0.27166666666666667 0.2425 0.32666666666666666 0.23875 0.3283333333333333 0.23625 0.31833333333333336 0.23625 0.25666666666666665