0 0.42 0.49833333333333335 0.42875 0.5083333333333333 0.4325 0.5366666666666666 0.42875 0.5533333333333333 0.41875 0.5616666666666666 0.40875 0.5616666666666666 0.4 0.5566666666666666 0.3925 0.5433333333333333 0.3925 0.515 0.395 0.5083333333333333 0.4025 0.49833333333333335 0.40625 0.49666666666666665 0.41875 0.49833333333333335
0 0.51 0.49333333333333335 0.51875 0.5016666666666667 0.5225 0.5166666666666667 0.5225 0.535 0.51875 0.5466666666666666 0.50875 0.5566666666666666 0.5025 0.5566666666666666 0.4925 0.5516666666666666 0.48625 0.535 0.48625 0.5133333333333333 0.49 0.5016666666666667 0.4975 0.49333333333333335 0.50875 0.49333333333333335
0 0.33 0.19833333333333333 0.33875 0.20166666666666666 0.3475 0.21333333333333335 0.35 0.22333333333333333 0.34875 0.24 0.345 0.24833333333333332 0.33875 0.25666666666666665 0.33125 0.26 0.32375 0.25833333333333336 0.315 0.25166666666666665 0.31 0.24166666666666667 0.3075 0.22666666666666666 0.31 0.20833333333333334 0.315 0.20166666666666666 0.32875 0.19833333333333333
0 0.3325 0.47 0.34125 0.47833333333333333 0.34375 0.4866666666666667 0.3425 0.5183333333333333 0.33875 0.5283333333333333 0.3325 0.5333333333333333 0.32625 0.5333333333333333 0.3125 0.5266666666666666 0.30625 0.5166666666666667 0.30375 0.505 0.305 0.485 0.31375 0.4716666666666667 0.32375 0.4683333333333333 0.33125 0.47
0 0.33375 0.3333333333333333 0.345 0.3433333333333333 0.3475 0.3566666666666667 0.34625 0.37833333333333335 0.335 0.3933333333333333 0.32 0.39166666666666666 0.31 0.38 0.30625 0.36833333333333335 0.30625 0.355 0.3125 0.3383333333333333 0.32 0.33166666666666667 0.3325 0.3333333333333333
1 0.3375 0.20333333333333334 0.34875 0.215 0.36875 0.215 0.37625 0.21833333333333332 0.39625 0.22 0.4125 0.225 0.425 0.225 0.45375 0.23166666666666666 0.465 0.23166666666666666 0.48375 0.23666666666666666 0.625 0.255 0.63375 0.25666666666666665 0.6425 0.26666666666666666 0.6425 0.27666666666666667 0.64625 0.2816666666666667 0.645 0.29 0.65 0.295 0.655 0.295 0.655 0.3 0.6575 0.3016666666666667 0.6575 0.30666666666666664 0.66125 0.31166666666666665 0.66375 0.3383333333333333 0.6625 0.37 0.65625 0.38666666666666666 0.65625 0.405 0.65875 0.41333333333333333 0.66125 0.44166666666666665 0.66 0.4583333333333333 0.6625 0.4683333333333333 0.6625 0.5483333333333333 0.66 0.5666666666666667 0.66125 0.6033333333333334 0.65875 0.6383333333333333 0.66125 0.7116666666666667 0.66 0.765 0.6575 0.79 0.65375 0.7933333333333333 0.60375 0.7933333333333333 0.58625 0.7966666666666666 0.52875 0.8 0.4475 0.7983333333333333 0.3725 0.8033333333333333 0.3625 0.8066666666666666 0.3125 0.8083333333333333 0.285 0.8083333333333333 0.28 0.8033333333333333 0.2775 0.7916666666666666 0.28 0.7316666666666667 0.28 0.5966666666666667 0.28375 0.38166666666666665 0.2825 0.34833333333333333 0.285 0.31 0.28375 0.225 0.285 0.21166666666666667 0.28875 0.205 0.31375 0.205 0.31875 0.20166666666666666 0.33625 0.20333333333333334
2 0.345 0.5833333333333334 0.34875 0.5833333333333334 0.35 0.5883333333333334 0.355 0.5933333333333334 0.36875 0.595 0.40375 0.595 0.41125 0.5916666666666667 0.42875 0.59 0.435 0.595 0.43625 0.605 0.43375 0.7116666666666667 0.3675 0.7133333333333334 0.35 0.715 0.345 0.7183333333333334 0.3425 0.7116666666666667 0.34125 0.6816666666666666 0.345 0.585
2 0.50875 0.30833333333333335 0.52625 0.31166666666666665 0.53125 0.31833333333333336 0.535 0.3883333333333333 0.53125 0.395 0.5325 0.41 0.53125 0.43166666666666664 0.52875 0.43833333333333335 0.51375 0.435 0.45 0.43166666666666664 0.4475 0.42333333333333334 0.44875 0.31166666666666665 0.4525 0.30666666666666664 0.46125 0.305 0.5075 0.30833333333333335
2 0.44625 0.585 0.44875 0.5966666666666667 0.48375 0.595 0.4875 0.5983333333333334 0.495 0.5983333333333334 0.4975 0.595 0.51 0.595 0.51625 0.5933333333333334 0.51875 0.59 0.52375 0.59 0.52875 0.6016666666666667 0.53 0.6366666666666667 0.52875 0.705 0.525 0.7166666666666667 0.525 0.7133333333333334 0.52125 0.7083333333333334 0.4625 0.7083333333333334 0.44875 0.7116666666666667 0.445 0.7183333333333334 0.4425 0.6616666666666666 0.44625 0.5866666666666667
2 0.54625 0.31666666666666665 0.565 0.32 0.6025 0.32 0.61125 0.32166666666666666 0.62125 0.33 0.62125 0.4166666666666667 0.61875 0.43833333333333335 0.61625 0.44166666666666665 0.60625 0.44333333333333336 0.5875 0.44 0.5475 0.44 0.5425 0.445 0.54 0.435 0.54125 0.39166666666666666 0.53875 0.36333333333333334 0.54125 0.325 0.5425 0.32 0.545 0.31833333333333336
2 0.38625 0.29333333333333333 0.40375 0.295 0.43875 0.30666666666666664 0.43875 0.4266666666666667 0.435 0.43 0.405 0.43 0.39 0.425 0.3475 0.42333333333333334 0.34625 0.39 0.34875 0.375 0.34875 0.2966666666666667 0.35125 0.29333333333333333 0.385 0.295
2 0.5425 0.45666666666666667 0.55375 0.46 0.58875 0.4583333333333333 0.60125 0.46166666666666667 0.615 0.46166666666666667 0.61875 0.47833333333333333 0.6175 0.5666666666666667 0.615 0.5733333333333334 0.5425 0.5733333333333334 0.53875 0.57 0.5375 0.5283333333333333 0.53875 0.4666666666666667 0.5425 0.4583333333333333
2 0.34875 0.43 0.35 0.43833333333333335 0.35375 0.44166666666666665 0.365 0.43666666666666665 0.37375 0.43666666666666665 0.3825 0.44333333333333336 0.3925 0.43833333333333335 0.4 0.44166666666666665 0.43 0.44333333333333336 0.4375 0.4483333333333333 0.43875 0.5283333333333333 0.43625 0.5566666666666666 0.4375 0.56 0.435 0.57 0.41375 0.5716666666666667 0.405 0.5683333333333334 0.355 0.5683333333333334 0.34875 0.5733333333333334 0.345 0.57 0.34375 0.5383333333333333 0.3475 0.43166666666666664
2 0.54 0.6016666666666667 0.60875 0.6016666666666667 0.615 0.605 0.6175 0.6216666666666667 0.61625 0.6333333333333333 0.61375 0.6366666666666667 0.60875 0.6333333333333333 0.59625 0.6366666666666667 0.59 0.6433333333333333 0.58625 0.655 0.58625 0.6766666666666666 0.58875 0.685 0.59375 0.69 0.61375 0.6866666666666666 0.615 0.7066666666666667 0.59125 0.7116666666666667 0.56625 0.7083333333333334 0.545 0.71 0.54 0.7133333333333334 0.5375 0.7083333333333334 0.53625 0.6683333333333333 0.5375 0.6116666666666667 0.54 0.6033333333333334
2 0.44875 0.44666666666666666 0.46375 0.445 0.47375 0.45 0.5025 0.4483333333333333 0.51 0.4533333333333333 0.51875 0.4533333333333333 0.525 0.4483333333333333 0.52875 0.45166666666666666 0.53 0.45666666666666667 0.53125 0.49 0.53 0.5516666666666666 0.52875 0.5683333333333334 0.525 0.5733333333333334 0.4875 0.5733333333333334 0.4475 0.5683333333333334 0.445 0.5633333333333334 0.445 0.5016666666666667 0.44625 0.4533333333333333 0.44875 0.4483333333333333
4 0.5175 0.3466666666666667 0.52875 0.36 0.5325 0.38 0.53 0.39166666666666666 0.525 0.3983333333333333 0.515 0.405 0.50875 0.405 0.4975 0.395 0.49375 0.38333333333333336 0.49375 0.365 0.50125 0.35 0.5075 0.3466666666666667 0.51625 0.3466666666666667
4 0.61125 0.635 0.61625 0.64 0.61875 0.6466666666666666 0.62 0.675 0.615 0.6866666666666666 0.60625 0.69 0.595 0.69 0.58875 0.6833333333333333 0.58625 0.6616666666666666 0.58875 0.6483333333333333 0.595 0.6366666666666667 0.6 0.6333333333333333 0.61 0.635
4 0.66125 0.25666666666666665 0.67125 0.25166666666666665 0.68125 0.25333333333333335 0.68875 0.265 0.69125 0.2783333333333333 0.69 0.29333333333333333 0.68375 0.30333333333333334 0.675 0.30666666666666664 0.67 0.305 0.66 0.29333333333333333 0.65875 0.265 0.66125 0.25833333333333336
4 0.66375 0.375 0.66875 0.37166666666666665 0.68125 0.37333333333333335 0.6875 0.38 0.69 0.39 0.69 0.41333333333333333 0.6875 0.4216666666666667 0.68125 0.42833333333333334 0.66625 0.42833333333333334 0.6625 0.42333333333333334 0.65875 0.41 0.65875 0.39 0.66375 0.37666666666666665
3 0.43625 0.295 0.445 0.29833333333333334 0.47875 0.2966666666666667 0.50875 0.3016666666666667 0.515 0.305 0.52375 0.30333333333333334 0.55 0.31 0.5925 0.31333333333333335 0.5925 0.31833333333333336 0.58125 0.31833333333333336 0.575 0.315 0.54625 0.315 0.5425 0.32666666666666666 0.54375 0.3516666666666667 0.54125 0.365 0.54125 0.45166666666666666 0.53875 0.48 0.53875 0.57 0.5425 0.5733333333333334 0.54625 0.57 0.57 0.5733333333333334 0.61375 0.5733333333333334 0.61625 0.57 0.6175 0.4583333333333333 0.6125 0.4533333333333333 0.60375 0.45666666666666667 0.57625 0.45166666666666666 0.565 0.4533333333333333 0.56 0.45 0.5575 0.4533333333333333 0.54625 0.45166666666666666 0.54375 0.44 0.55125 0.43666666666666665 0.55875 0.44 0.57125 0.43833333333333335 0.59125 0.44166666666666665 0.615 0.44166666666666665 0.6175 0.43833333333333335 0.61875 0.405 0.6175 0.3333333333333333 0.60875 0.31833333333333336 0.5975 0.31666666666666665 0.62125 0.31666666666666665 0.62625 0.3233333333333333 0.6275 0.3383333333333333 0.625 0.4033333333333333 0.62625 0.4666666666666667 0.6225 0.665 0.615 0.63 0.61625 0.6133333333333333 0.61375 0.595 0.61125 0.5916666666666667 0.60625 0.595 0.605 0.6016666666666667 0.58875 0.6 0.58625 0.6033333333333334 0.58 0.605 0.57125 0.5983333333333334 0.565 0.5983333333333334 0.57 0.5983333333333334 0.5725 0.595 0.57125 0.5916666666666667 0.55125 0.5916666666666667 0.55 0.5983333333333334 0.54625 0.5983333333333334 0.55 0.5933333333333334 0.55 0.59 0.54625 0.585 0.53875 0.6 0.5375 0.6066666666666667 0.5375 0.72 0.53625 0.725 0.5325 0.7283333333333334 0.53 0.7266666666666667 0.5275 0.7183333333333334 0.53 0.6366666666666667 0.5275 0.59 0.52375 0.5866666666666667 0.52125 0.595 0.51875 0.5966666666666667 0.505 0.595 0.5025 0.5983333333333334 0.49375 0.6 0.4825 0.5983333333333334 0.47875 0.595 0.47 0.595 0.46625 0.5983333333333334 0.45625 0.59 0.45 0.5916666666666667 0.445 0.6 0.44375 0.6083333333333333 0.445 0.7133333333333334 0.44125 0.73 0.43625 0.73 0.43625 0.7216666666666667 0.43375 0.72 0.43375 0.6983333333333334 0.43625 0.6883333333333334 0.43625 0.5916666666666667 0.43375 0.5866666666666667 0.43375 0.58 0.43625 0.5783333333333334 0.4375 0.5633333333333334 0.4375 0.5466666666666666 0.435 0.5383333333333333 0.43875 0.495 0.4375 0.43833333333333335 0.43 0.43666666666666665 0.42625 0.44 0.39375 0.44 0.38875 0.44666666666666666 0.38 0.44 0.37 0.44166666666666665 0.365 0.43666666666666665 0.355 0.43833333333333335 0.34875 0.43333333333333335 0.34625 0.44 0.34625 0.465 0.34875 0.47 0.3475 0.48 0.34375 0.48 0.34125 0.475 0.33875 0.45166666666666666 0.34 0.3883333333333333 0.345 0.37833333333333335 0.3475 0.3883333333333333 0.3475 0.4166666666666667 0.35125 0.42333333333333334 0.3625 0.4216666666666667 0.4025 0.425 0.42625 0.43 0.435 0.43 0.43875 0.425 0.44125 0.355 0.44 0.30666666666666664 0.4325 0.29833333333333334 0.42625 0.2966666666666667 0.435 0.295