0 0.481875 0.4816666666666667 0.03375 0.04666666666666667
0 0.41375 0.25166666666666665 0.42125 0.25666666666666665 0.42375 0.2633333333333333 0.42375 0.27666666666666667 0.4175 0.29 0.41125 0.2916666666666667 0.40375 0.29 0.39375 0.28 0.3925 0.265 0.395 0.25666666666666665 0.39875 0.25333333333333335 0.4125 0.25166666666666665
0 0.4175 0.44333333333333336 0.42625 0.4483333333333333 0.43 0.45666666666666667 0.43 0.47 0.4275 0.4766666666666667 0.41875 0.485 0.41 0.485 0.405 0.4816666666666667 0.39875 0.4716666666666667 0.39875 0.4583333333333333 0.4025 0.45 0.41 0.44333333333333336 0.41625 0.44333333333333336
0 0.41875 0.3466666666666667 0.42625 0.355 0.42875 0.37 0.42375 0.38333333333333336 0.415 0.38666666666666666 0.40125 0.38333333333333336 0.39625 0.37333333333333335 0.39625 0.3616666666666667 0.4025 0.34833333333333333 0.41 0.345 0.4175 0.3466666666666667
0 0.55625 0.45166666666666666 0.56125 0.4533333333333333 0.56875 0.4633333333333333 0.57 0.4683333333333333 0.57 0.48 0.5675 0.4866666666666667 0.56375 0.49166666666666664 0.55875 0.49333333333333335 0.545 0.49166666666666664 0.54 0.48 0.54125 0.46166666666666667 0.54625 0.455 0.555 0.45166666666666666
1 0.415 0.25333333333333335 0.42375 0.26166666666666666 0.48875 0.26666666666666666 0.6175 0.27 0.67125 0.2683333333333333 0.6825 0.25833333333333336 0.69 0.25833333333333336 0.6975 0.265 0.7 0.27166666666666667 0.7 0.2816666666666667 0.6975 0.29 0.69 0.3 0.68875 0.32 0.69125 0.345 0.69375 0.35 0.7025 0.3566666666666667 0.705 0.365 0.705 0.375 0.7025 0.38333333333333336 0.695 0.39 0.695 0.43166666666666664 0.6975 0.4533333333333333 0.69875 0.53 0.70125 0.555 0.70125 0.5833333333333334 0.705 0.6166666666666667 0.70625 0.67 0.70375 0.675 0.69625 0.6766666666666666 0.65625 0.6766666666666666 0.5825 0.6833333333333333 0.43375 0.69 0.4125 0.6933333333333334 0.39625 0.6916666666666667 0.39375 0.675 0.39125 0.5733333333333334 0.38875 0.5516666666666666 0.39 0.465 0.38625 0.43666666666666665 0.38625 0.385 0.38125 0.2733333333333333 0.3825 0.26666666666666666 0.3875 0.26166666666666666 0.39125 0.26166666666666666 0.4025 0.25333333333333335 0.41375 0.25333333333333335
2 0.50625 0.53 0.50875 0.5316666666666666 0.51 0.54 0.5125 0.6233333333333333 0.51 0.6266666666666667 0.4975 0.6283333333333333 0.445 0.6316666666666667 0.44 0.6283333333333333 0.4375 0.5316666666666666 0.505 0.53
2 0.553125 0.5783333333333334 0.07375 0.1
2 0.57375 0.32166666666666666 0.57625 0.3233333333333333 0.5775 0.33 0.57625 0.34833333333333333 0.57875 0.36666666666666664 0.57875 0.41333333333333333 0.57625 0.415 0.515 0.415 0.51125 0.4116666666666667 0.51 0.39666666666666667 0.50875 0.3233333333333333 0.51125 0.32 0.5725 0.32166666666666666
2 0.58375 0.3233333333333333 0.6525 0.3233333333333333 0.65375 0.33 0.65125 0.345 0.65375 0.37166666666666665 0.65625 0.37833333333333335 0.655 0.4116666666666667 0.65125 0.415 0.58875 0.41333333333333333 0.58625 0.4066666666666667 0.58625 0.36666666666666664 0.5825 0.335 0.58375 0.325
2 0.4625 0.31833333333333336 0.4975 0.32 0.50125 0.3233333333333333 0.505 0.4116666666666667 0.5025 0.415 0.475 0.4166666666666667 0.4425 0.4166666666666667 0.435 0.415 0.4325 0.4083333333333333 0.42875 0.325 0.43125 0.32 0.435 0.31833333333333336 0.46125 0.31833333333333336
2 0.5875 0.43166666666666664 0.59 0.425 0.59625 0.42333333333333334 0.6525 0.42333333333333334 0.655 0.4266666666666667 0.6575 0.445 0.65625 0.4483333333333333 0.65875 0.46166666666666667 0.66125 0.51 0.66 0.5166666666666667 0.595 0.5183333333333333 0.5925 0.515 0.59125 0.5016666666666667 0.58875 0.43333333333333335
2 0.64375 0.525 0.655 0.525 0.66125 0.5283333333333333 0.66125 0.56 0.665 0.5666666666666667 0.66625 0.5783333333333334 0.665 0.6166666666666667 0.66375 0.62 0.66 0.6216666666666667 0.6575 0.62 0.61875 0.6233333333333333 0.5975 0.6216666666666667 0.59375 0.5733333333333334 0.59375 0.53 0.5975 0.5266666666666666 0.6425 0.525
2 0.465 0.42333333333333334 0.5 0.42333333333333334 0.505 0.4266666666666667 0.50875 0.5183333333333333 0.445 0.5233333333333333 0.4375 0.5216666666666666 0.43625 0.5166666666666667 0.43375 0.4816666666666667 0.43375 0.42833333333333334 0.435 0.425 0.46375 0.42333333333333334
2 0.5775 0.42333333333333334 0.58125 0.42833333333333334 0.58125 0.44666666666666666 0.585 0.4683333333333333 0.585 0.515 0.5825 0.5183333333333333 0.56375 0.52 0.515 0.5183333333333333 0.5125 0.43 0.515 0.425 0.5275 0.42333333333333334 0.57625 0.42333333333333334
4 0.6975 0.35 0.70625 0.3616666666666667 0.70625 0.37833333333333335 0.69875 0.3883333333333333 0.68375 0.38666666666666666 0.67875 0.37333333333333335 0.68 0.3566666666666667 0.69125 0.34833333333333333 0.69625 0.35
4 0.56 0.3433333333333333 0.5675 0.3516666666666667 0.57 0.36833333333333335 0.56875 0.37333333333333335 0.56125 0.38333333333333336 0.55625 0.385 0.55 0.38333333333333336 0.545 0.37833333333333335 0.54 0.365 0.54 0.3566666666666667 0.55 0.3433333333333333 0.55875 0.3433333333333333
4 0.645 0.5533333333333333 0.655 0.56 0.65875 0.57 0.65625 0.585 0.64875 0.5933333333333334 0.64 0.5933333333333334 0.63375 0.59 0.62875 0.5783333333333334 0.62875 0.5666666666666667 0.63125 0.56 0.63625 0.555 0.64375 0.5533333333333333
4 0.69375 0.25833333333333336 0.7 0.26666666666666666 0.70125 0.2833333333333333 0.69875 0.29 0.6925 0.295 0.68375 0.295 0.67875 0.2916666666666667 0.6725 0.2783333333333333 0.6725 0.2683333333333333 0.6775 0.26 0.6825 0.25666666666666665 0.6925 0.25833333333333336
3 0.43125 0.31333333333333335 0.64625 0.31666666666666665 0.65375 0.32 0.655 0.3233333333333333 0.6575 0.34833333333333333 0.65875 0.36833333333333335 0.655 0.37333333333333335 0.6575 0.39 0.66 0.3933333333333333 0.65875 0.4 0.66125 0.42 0.66125 0.4633333333333333 0.6625 0.49 0.665 0.5 0.66375 0.5166666666666667 0.6675 0.5733333333333334 0.66625 0.59 0.66875 0.6016666666666667 0.6675 0.6233333333333333 0.6575 0.6266666666666667 0.6425 0.625 0.59625 0.63 0.485 0.6333333333333333 0.45875 0.6366666666666667 0.4425 0.6366666666666667 0.4375 0.635 0.435 0.63 0.4325 0.5783333333333334 0.43375 0.5616666666666666 0.43125 0.54 0.4325 0.5183333333333333 0.43 0.49666666666666665 0.43125 0.4533333333333333 0.42875 0.44 0.43 0.4216666666666667 0.42625 0.405 0.42625 0.38666666666666666 0.4275 0.38 0.43125 0.375 0.43125 0.36833333333333335 0.4325 0.37 0.4325 0.405 0.43375 0.4116666666666667 0.44 0.4166666666666667 0.5025 0.415 0.505 0.41 0.5025 0.3383333333333333 0.50125 0.32666666666666666 0.4975 0.32166666666666666 0.43375 0.32166666666666666 0.43 0.3383333333333333 0.4325 0.355 0.4275 0.3566666666666667 0.425 0.34833333333333333 0.425 0.31833333333333336 0.42625 0.315 0.43 0.31333333333333335