0 0.6266666666666667 0.5455 0.6413333333333333 0.5525 0.646 0.5605 0.644 0.571 0.636 0.5785 0.6286666666666667 0.5815 0.616 0.5815 0.6066666666666667 0.5775 0.598 0.566 0.5993333333333334 0.5565 0.6053333333333333 0.55 0.6146666666666667 0.546 0.626 0.5455
0 0.3973333333333333 0.3805 0.404 0.382 0.412 0.387 0.418 0.3985 0.418 0.4045 0.41333333333333333 0.4105 0.3993333333333333 0.417 0.38133333333333336 0.415 0.372 0.4075 0.37 0.4015 0.37266666666666665 0.3875 0.38466666666666666 0.382 0.39666666666666667 0.3805
0 0.4033333333333333 0.4655 0.4106666666666667 0.4675 0.418 0.4725 0.422 0.48 0.422 0.4875 0.414 0.496 0.40066666666666667 0.501 0.3873333333333333 0.5 0.38066666666666665 0.497 0.37466666666666665 0.4915 0.37266666666666665 0.484 0.37533333333333335 0.474 0.38333333333333336 0.4675 0.3933333333333333 0.465 0.4026666666666667 0.4655
0 0.7746666666666666 0.6345 0.7846666666666666 0.643 0.786 0.653 0.78 0.662 0.7653333333333333 0.667 0.752 0.6655 0.7446666666666667 0.6615 0.7406666666666667 0.656 0.74 0.646 0.744 0.6395 0.7533333333333333 0.6335 0.7666666666666667 0.632 0.774 0.6345
0 0.5 0.453 0.514 0.459 0.5186666666666667 0.4685 0.5186666666666667 0.474 0.514 0.481 0.5073333333333333 0.4855 0.5006666666666667 0.487 0.48333333333333334 0.485 0.4766666666666667 0.481 0.472 0.4735 0.472 0.465 0.47533333333333333 0.4595 0.488 0.453 0.49933333333333335 0.453
1 0.7746666666666666 0.3715 0.7866666666666666 0.373 0.8286666666666667 0.3715 0.8433333333333334 0.3765 0.8486666666666667 0.3825 0.8486666666666667 0.3925 0.844 0.3935 0.8413333333333334 0.4245 0.8453333333333334 0.435 0.8486666666666667 0.4275 0.852 0.439 0.8513333333333334 0.5395 0.8626666666666667 0.5535 0.86 0.564 0.8506666666666667 0.5745 0.854 0.59 0.8526666666666667 0.631 0.8546666666666667 0.6585 0.852 0.679 0.8553333333333333 0.694 0.8513333333333334 0.7235 0.8426666666666667 0.727 0.806 0.73 0.7906666666666666 0.734 0.776 0.734 0.7686666666666667 0.731 0.7653333333333333 0.735 0.7373333333333333 0.733 0.7306666666666667 0.7375 0.6506666666666666 0.738 0.6366666666666667 0.741 0.588 0.741 0.5846666666666667 0.7395 0.5573333333333333 0.743 0.548 0.74 0.53 0.7445 0.498 0.7415 0.496 0.7445 0.48733333333333334 0.7465 0.45866666666666667 0.748 0.41133333333333333 0.7445 0.39866666666666667 0.748 0.38066666666666665 0.7445 0.36933333333333335 0.7375 0.36533333333333334 0.7155 0.366 0.6225 0.364 0.595 0.366 0.5785 0.362 0.554 0.3626666666666667 0.552 0.36933333333333335 0.5515 0.37066666666666664 0.5485 0.366 0.5445 0.3626666666666667 0.547 0.3626666666666667 0.527 0.368 0.5215 0.362 0.517 0.362 0.495 0.3626666666666667 0.49 0.366 0.487 0.36533333333333334 0.4795 0.35933333333333334 0.4745 0.3586666666666667 0.4635 0.35933333333333334 0.4115 0.36333333333333334 0.411 0.362 0.408 0.36533333333333334 0.4045 0.368 0.394 0.3626666666666667 0.3905 0.364 0.387 0.374 0.3825 0.3933333333333333 0.3795 0.4026666666666667 0.3815 0.41133333333333333 0.3805 0.414 0.3765 0.42 0.3765 0.42133333333333334 0.3805 0.428 0.379 0.43 0.3805 0.44733333333333336 0.381 0.4513333333333333 0.3805 0.4513333333333333 0.3765 0.456 0.375 0.46266666666666667 0.3765 0.4633333333333333 0.3805 0.49333333333333335 0.381 0.498 0.378 0.5013333333333333 0.3805 0.53 0.38 0.5393333333333333 0.376 0.5626666666666666 0.3785 0.5853333333333334 0.377 0.6193333333333333 0.378 0.6226666666666667 0.376 0.6706666666666666 0.377 0.6713333333333333 0.373 0.6753333333333333 0.3725 0.7073333333333334 0.375 0.732 0.3725 0.7393333333333333 0.377 0.7466666666666667 0.377 0.7546666666666667 0.3725 0.774 0.3715
2 0.7706666666666667 0.512 0.776 0.5135 0.7786666666666666 0.5265 0.7786666666666666 0.5915 0.772 0.594 0.6973333333333334 0.5955 0.6806666666666666 0.5955 0.6726666666666666 0.592 0.6713333333333333 0.516 0.698 0.514 0.738 0.5135 0.7413333333333333 0.515 0.77 0.512
2 0.6233333333333333 0.426 0.658 0.4275 0.6613333333333333 0.431 0.662 0.5085 0.564 0.511 0.5573333333333333 0.511 0.5546666666666666 0.5085 0.5533333333333333 0.43 0.556 0.4285 0.5913333333333334 0.429 0.6226666666666667 0.4265
2 0.7266666666666667 0.4245 0.7706666666666667 0.425 0.7746666666666666 0.428 0.776 0.503 0.7726666666666666 0.506 0.764 0.507 0.6973333333333334 0.509 0.674 0.5085 0.67 0.5055 0.6686666666666666 0.4305 0.6746666666666666 0.427 0.726 0.4245
2 0.49133333333333334 0.518 0.5326666666666666 0.518 0.54 0.5165 0.5466666666666666 0.518 0.55 0.597 0.5473333333333333 0.5985 0.5046666666666667 0.6005 0.44866666666666666 0.6015 0.442 0.6005 0.44 0.594 0.43866666666666665 0.5215 0.44266666666666665 0.518 0.49066666666666664 0.518
2 0.48 0.429 0.5413333333333333 0.43 0.5446666666666666 0.436 0.5466666666666666 0.51 0.5353333333333333 0.512 0.488 0.513 0.44133333333333336 0.513 0.43733333333333335 0.506 0.43466666666666665 0.434 0.442 0.431 0.47933333333333333 0.429
2 0.6453333333333333 0.6015 0.6626666666666666 0.602 0.6666666666666666 0.6055 0.668 0.681 0.6646666666666666 0.6835 0.6386666666666667 0.684 0.6213333333333333 0.6865 0.5666666666666667 0.6865 0.5613333333333334 0.6845 0.5573333333333333 0.609 0.5613333333333334 0.6045 0.6446666666666667 0.6015
2 0.6286666666666667 0.515 0.6553333333333333 0.5145 0.6626666666666666 0.5165 0.6653333333333333 0.552 0.6646666666666666 0.595 0.5786666666666667 0.598 0.5633333333333334 0.598 0.5573333333333333 0.5945 0.556 0.518 0.5626666666666666 0.516 0.628 0.515
2 0.5413333333333333 0.6045 0.5493333333333333 0.605 0.5506666666666666 0.609 0.552 0.6855 0.544 0.688 0.4493333333333333 0.6905 0.444 0.6895 0.442 0.6835 0.442 0.6085 0.4886666666666667 0.605 0.5406666666666666 0.6045
2 0.7233333333333334 0.599 0.7766666666666666 0.599 0.7793333333333333 0.601 0.7826666666666666 0.638 0.77 0.6325 0.7606666666666667 0.6315 0.7453333333333333 0.6215 0.7306666666666667 0.6205 0.7193333333333334 0.627 0.7153333333333334 0.633 0.7146666666666667 0.641 0.726 0.6515 0.7533333333333333 0.666 0.766 0.667 0.7806666666666666 0.6625 0.7826666666666666 0.668 0.7806666666666666 0.679 0.7746666666666666 0.681 0.7246666666666667 0.681 0.7046666666666667 0.683 0.6766666666666666 0.682 0.674 0.675 0.6726666666666666 0.6375 0.674 0.603 0.684 0.6005 0.7226666666666667 0.5995
4 0.7546666666666667 0.5275 0.766 0.5335 0.77 0.5445 0.766 0.554 0.7613333333333333 0.558 0.7506666666666667 0.562 0.736 0.5605 0.7293333333333333 0.5565 0.7246666666666667 0.55 0.724 0.54 0.7273333333333334 0.5335 0.734 0.529 0.7426666666666667 0.5265 0.754 0.5275
4 0.5253333333333333 0.634 0.534 0.6365 0.5426666666666666 0.6435 0.5453333333333333 0.655 0.5373333333333333 0.6655 0.5226666666666666 0.67 0.5133333333333333 0.669 0.5046666666666667 0.665 0.49933333333333335 0.657 0.49866666666666665 0.648 0.5006666666666667 0.6435 0.5093333333333333 0.6365 0.5246666666666666 0.634
4 0.6346666666666667 0.451 0.6406666666666667 0.453 0.648 0.4595 0.6513333333333333 0.471 0.6473333333333333 0.478 0.6306666666666667 0.4855 0.6186666666666667 0.485 0.61 0.4805 0.6046666666666667 0.4735 0.604 0.465 0.606 0.46 0.6146666666666667 0.453 0.634 0.451
4 0.846 0.5395 0.856 0.543 0.864 0.5535 0.8633333333333333 0.562 0.8593333333333333 0.568 0.8546666666666667 0.572 0.846 0.5745 0.8366666666666667 0.5745 0.824 0.5695 0.818 0.5575 0.824 0.5445 0.8366666666666667 0.5395 0.8453333333333334 0.5395
3 0.7346666666666667 0.4205 0.7793333333333333 0.421 0.7813333333333333 0.4245 0.7866666666666666 0.6345 0.7826666666666666 0.637 0.7806666666666666 0.634 0.78 0.6085 0.7753333333333333 0.6005 0.748 0.599 0.7433333333333333 0.601 0.6853333333333333 0.601 0.676 0.6035 0.6733333333333333 0.6065 0.6746666666666666 0.6335 0.6726666666666666 0.637 0.6746666666666666 0.677 0.6786666666666666 0.682 0.6886666666666666 0.68 0.764 0.679 0.78 0.675 0.78 0.6645 0.786 0.6555 0.7866666666666666 0.683 0.7146666666666667 0.6875 0.67 0.687 0.464 0.6945 0.44133333333333336 0.6945 0.438 0.6905 0.42866666666666664 0.428 0.436 0.426 0.482 0.4245 0.608 0.423 0.6266666666666667 0.425 0.6293333333333333 0.4235 0.734 0.4205