0 0.2975 0.7466666666666667 0.31125 0.755 0.31875 0.77 0.31875 0.785 0.31625 0.7933333333333333 0.30625 0.8033333333333333 0.2975 0.805 0.28375 0.8016666666666666 0.275 0.78 0.275 0.77 0.27875 0.7583333333333333 0.28625 0.75 0.29625 0.7466666666666667
0 0.29625 0.19833333333333333 0.31 0.20833333333333334 0.315 0.225 0.31125 0.24166666666666667 0.30375 0.25166666666666665 0.3 0.25333333333333335 0.285 0.25333333333333335 0.28 0.25 0.27125 0.23666666666666666 0.27125 0.21666666666666667 0.27375 0.21 0.28125 0.20166666666666666 0.295 0.19833333333333333
0 0.31 0.6116666666666667 0.3175 0.6216666666666667 0.3175 0.6483333333333333 0.31 0.66 0.30125 0.665 0.28875 0.6633333333333333 0.28 0.6566666666666666 0.275 0.645 0.275 0.6266666666666667 0.27875 0.6166666666666667 0.28875 0.6083333333333333 0.3 0.6066666666666667 0.30875 0.6116666666666667
0 0.30125 0.3333333333333333 0.31375 0.34833333333333333 0.315 0.36833333333333335 0.30875 0.38166666666666665 0.29875 0.3883333333333333 0.28875 0.3883333333333333 0.28375 0.385 0.27375 0.37166666666666665 0.27375 0.35333333333333333 0.2775 0.3416666666666667 0.28125 0.33666666666666667 0.295 0.33166666666666667 0.3 0.3333333333333333
0 0.3 0.4716666666666667 0.30875 0.4766666666666667 0.31375 0.48333333333333334 0.31625 0.49666666666666665 0.31375 0.515 0.3075 0.5233333333333333 0.30125 0.5266666666666666 0.29 0.5266666666666666 0.28125 0.5233333333333333 0.2725 0.5066666666666667 0.2725 0.49 0.275 0.48333333333333334 0.28375 0.47333333333333333 0.29875 0.4716666666666667
2 0.3725 0.58 0.43875 0.58 0.4425 0.585 0.4425 0.7116666666666667 0.4375 0.715 0.395 0.7166666666666667 0.35 0.7166666666666667 0.3425 0.7116666666666667 0.34 0.6683333333333333 0.3425 0.66 0.34125 0.5816666666666667 0.37125 0.58
2 0.5175 0.2866666666666667 0.54625 0.28833333333333333 0.54875 0.2916666666666667 0.55 0.3 0.54875 0.335 0.55125 0.415 0.5475 0.42 0.5375 0.4216666666666667 0.45375 0.4216666666666667 0.45 0.41833333333333333 0.45 0.365 0.4475 0.335 0.44875 0.29333333333333333 0.45625 0.28833333333333333 0.51625 0.2866666666666667
2 0.52 0.43166666666666664 0.54625 0.43166666666666664 0.55 0.43333333333333335 0.55125 0.43666666666666665 0.5525 0.5616666666666666 0.55125 0.565 0.5475 0.5666666666666667 0.52875 0.5683333333333334 0.45875 0.5683333333333334 0.45125 0.5633333333333334 0.45 0.5533333333333333 0.45125 0.435 0.46 0.43166666666666664 0.51875 0.43166666666666664
2 0.55875 0.41833333333333333 0.55875 0.29 0.5625 0.2866666666666667 0.5675 0.28833333333333333 0.63875 0.285 0.6575 0.285 0.66 0.28833333333333333 0.6625 0.3333333333333333 0.6625 0.35 0.66 0.365 0.6625 0.375 0.66125 0.39666666666666667 0.66375 0.4033333333333333 0.66 0.4166666666666667 0.6575 0.42 0.56 0.41833333333333333
2 0.4325 0.28833333333333333 0.44 0.2916666666666667 0.44125 0.4166666666666667 0.43875 0.4216666666666667 0.3925 0.42333333333333334 0.345 0.42333333333333334 0.33875 0.41833333333333333 0.34 0.4 0.33625 0.32166666666666666 0.33875 0.30333333333333334 0.3375 0.29333333333333333 0.3425 0.28833333333333333 0.43125 0.28833333333333333
2 0.66 0.43333333333333335 0.6625 0.43833333333333335 0.66125 0.47333333333333333 0.66375 0.5333333333333333 0.6625 0.56 0.6575 0.5666666666666667 0.56375 0.5666666666666667 0.56 0.5583333333333333 0.55875 0.445 0.56 0.435 0.56375 0.43166666666666664 0.65875 0.43333333333333335
2 0.42875 0.43166666666666664 0.44125 0.435 0.4425 0.565 0.43875 0.5683333333333334 0.34125 0.5683333333333334 0.33875 0.525 0.34125 0.435 0.4275 0.43333333333333335
2 0.5225 0.5783333333333334 0.55125 0.58 0.5525 0.5833333333333334 0.55375 0.7083333333333334 0.55 0.7133333333333334 0.5425 0.715 0.4575 0.715 0.4525 0.7083333333333334 0.45 0.6083333333333333 0.4525 0.5816666666666667 0.52125 0.5783333333333334
2 0.65875 0.5783333333333334 0.6625 0.5833333333333334 0.6625 0.6366666666666667 0.66625 0.6666666666666666 0.665 0.7083333333333334 0.6625 0.7133333333333334 0.65875 0.715 0.565 0.7133333333333334 0.5625 0.7083333333333334 0.56125 0.69 0.56 0.6166666666666667 0.56 0.59 0.56375 0.58 0.6575 0.5783333333333334
4 0.71125 0.19166666666666668 0.7175 0.195 0.72375 0.20333333333333334 0.7275 0.22 0.72375 0.23666666666666666 0.71625 0.24666666666666667 0.70625 0.25 0.69875 0.24833333333333332 0.68625 0.23833333333333334 0.68375 0.23166666666666666 0.6825 0.215 0.685 0.20333333333333334 0.69125 0.195 0.69875 0.19166666666666668 0.71 0.19166666666666668
4 0.715 0.47 0.72625 0.4816666666666667 0.72875 0.5016666666666667 0.725 0.515 0.7175 0.5233333333333333 0.71125 0.525 0.7 0.5233333333333333 0.6875 0.51 0.685 0.5033333333333333 0.685 0.48833333333333334 0.68875 0.4766666666666667 0.69625 0.47 0.71375 0.47
4 0.72 0.335 0.7275 0.34833333333333333 0.72875 0.36833333333333335 0.72375 0.38 0.7175 0.385 0.70625 0.3883333333333333 0.6975 0.38666666666666666 0.69125 0.38166666666666665 0.685 0.365 0.685 0.3516666666666667 0.6875 0.3433333333333333 0.7 0.33166666666666667 0.7125 0.33 0.71875 0.335
4 0.71375 0.6066666666666667 0.72375 0.6116666666666667 0.7275 0.6166666666666667 0.73125 0.6333333333333333 0.7275 0.655 0.7175 0.6616666666666666 0.70125 0.6616666666666666 0.69625 0.6583333333333333 0.69 0.65 0.6875 0.64 0.6875 0.6283333333333333 0.69 0.6183333333333333 0.70125 0.6066666666666667 0.7125 0.6066666666666667
1 0.71 0.195 0.72 0.20333333333333334 0.72375 0.21 0.7225 0.23333333333333334 0.71625 0.24666666666666667 0.72 0.2683333333333333 0.72 0.32166666666666666 0.7175 0.33166666666666667 0.72375 0.3416666666666667 0.72625 0.3516666666666667 0.72625 0.36833333333333335 0.72 0.38333333333333336 0.72 0.47333333333333333 0.72375 0.47833333333333333 0.72625 0.48833333333333334 0.72625 0.505 0.7225 0.5183333333333333 0.72375 0.6066666666666667 0.72125 0.6083333333333333 0.72875 0.6283333333333333 0.7275 0.6516666666666666 0.72375 0.66 0.72375 0.7916666666666666 0.71125 0.795 0.31625 0.7933333333333333 0.3075 0.8 0.29875 0.8016666666666666 0.28625 0.8 0.27875 0.7883333333333333 0.2775 0.7816666666666666 0.2775 0.7666666666666667 0.28375 0.7516666666666667 0.28375 0.7466666666666667 0.28125 0.6866666666666666 0.2825 0.67 0.28125 0.655 0.275 0.6383333333333333 0.27625 0.625 0.2825 0.61 0.28 0.53 0.28125 0.5233333333333333 0.27375 0.5033333333333333 0.275 0.4866666666666667 0.28125 0.4766666666666667 0.28125 0.385 0.275 0.37 0.275 0.35333333333333333 0.27875 0.3433333333333333 0.27875 0.25 0.2725 0.23333333333333334 0.2725 0.21833333333333332 0.275 0.21166666666666667 0.27875 0.20666666666666667 0.28875 0.20166666666666666 0.29625 0.20166666666666666 0.315 0.21166666666666667 0.34875 0.20833333333333334 0.48625 0.20833333333333334 0.68625 0.20333333333333334 0.695 0.195 0.70875 0.195
3 0.6575 0.27666666666666667 0.665 0.2816666666666667 0.66625 0.31333333333333335 0.665 0.4266666666666667 0.6675 0.435 0.6675 0.5016666666666667 0.665 0.5183333333333333 0.66375 0.52 0.66125 0.51 0.6625 0.4483333333333333 0.65625 0.43166666666666664 0.6275 0.43 0.62 0.43333333333333335 0.565 0.43333333333333335 0.55875 0.44 0.55875 0.5566666666666666 0.5625 0.565 0.57 0.5683333333333334 0.65625 0.5666666666666667 0.66 0.565 0.6625 0.56 0.66375 0.525 0.6675 0.535 0.66875 0.5516666666666666 0.66875 0.7183333333333334 0.66125 0.7216666666666667 0.34 0.7216666666666667 0.3375 0.7183333333333334 0.33625 0.69 0.3375 0.6216666666666667 0.33375 0.595 0.33625 0.5716666666666667 0.33375 0.4766666666666667 0.335 0.42333333333333334 0.3325 0.4066666666666667 0.33375 0.2816666666666667 0.65625 0.27666666666666667