0 0.25875 0.31833333333333336 0.26625 0.33 0.26625 0.3433333333333333 0.26125 0.36 0.25125 0.36666666666666664 0.24 0.36666666666666664 0.23 0.35833333333333334 0.22625 0.3516666666666667 0.225 0.33166666666666667 0.2275 0.32 0.2375 0.31333333333333335 0.25125 0.31333333333333335 0.2575 0.31833333333333336
0 0.35375 0.44666666666666666 0.36 0.455 0.3625 0.4633333333333333 0.3625 0.47833333333333333 0.36 0.4866666666666667 0.35375 0.495 0.34875 0.49666666666666665 0.33875 0.49666666666666665 0.3275 0.48833333333333334 0.3225 0.475 0.3225 0.46 0.32375 0.455 0.33375 0.44333333333333336 0.34375 0.44166666666666665 0.3525 0.44666666666666666
0 0.25875 0.44166666666666665 0.265 0.4483333333333333 0.27 0.46166666666666667 0.26875 0.48 0.26625 0.4866666666666667 0.25875 0.49333333333333335 0.24 0.49166666666666664 0.235 0.48833333333333334 0.2275 0.4766666666666667 0.2275 0.455 0.23375 0.44333333333333336 0.24 0.44 0.2575 0.44166666666666665
0 0.2575 0.5683333333333334 0.26375 0.5716666666666667 0.2725 0.5866666666666667 0.2725 0.6066666666666667 0.27 0.6133333333333333 0.2575 0.6233333333333333 0.24125 0.6216666666666667 0.2325 0.6133333333333333 0.23 0.605 0.23125 0.5816666666666667 0.2425 0.57 0.25625 0.5683333333333334
0 0.25125 0.18666666666666668 0.2575 0.19 0.2625 0.19666666666666666 0.2675 0.21333333333333335 0.26625 0.23 0.26 0.23833333333333334 0.25125 0.24 0.235 0.23833333333333334 0.2275 0.22666666666666666 0.22375 0.215 0.22375 0.205 0.23 0.19 0.23625 0.18666666666666668 0.25 0.18666666666666668
1 0.63 0.18666666666666668 0.63875 0.19166666666666668 0.645 0.20333333333333334 0.64375 0.22333333333333333 0.635 0.23666666666666666 0.63875 0.24166666666666667 0.64 0.31 0.64875 0.33 0.64875 0.3466666666666667 0.64125 0.3616666666666667 0.6425 0.43166666666666664 0.65 0.45 0.64875 0.4716666666666667 0.6425 0.48333333333333334 0.64625 0.5466666666666666 0.64625 0.7266666666666667 0.64375 0.73 0.6225 0.7316666666666667 0.575 0.7316666666666667 0.49125 0.7383333333333333 0.43875 0.7383333333333333 0.25 0.7483333333333333 0.2375 0.7466666666666667 0.23375 0.7383333333333333 0.235 0.7333333333333333 0.2325 0.6966666666666667 0.2325 0.62 0.23 0.6066666666666667 0.23125 0.48833333333333334 0.2275 0.4683333333333333 0.23125 0.435 0.22875 0.38166666666666665 0.23 0.36833333333333335 0.22625 0.35 0.22625 0.325 0.22875 0.31 0.2275 0.24666666666666667 0.23 0.23666666666666666 0.225 0.21333333333333335 0.225 0.20666666666666667 0.23 0.19333333333333333 0.2375 0.18833333333333332 0.2525 0.18833333333333332 0.265 0.19833333333333333 0.31375 0.2 0.53 0.2 0.58375 0.19666666666666666 0.60375 0.19666666666666666 0.60875 0.2 0.6175 0.18833333333333332 0.62875 0.18666666666666668
2 0.52625 0.27 0.56875 0.27 0.5825 0.2733333333333333 0.585 0.28 0.585 0.305 0.58875 0.35 0.58625 0.36833333333333335 0.58625 0.3883333333333333 0.5775 0.3933333333333333 0.49875 0.3933333333333333 0.49375 0.39 0.49375 0.27666666666666667 0.4975 0.2733333333333333 0.525 0.27166666666666667
2 0.51875 0.4033333333333333 0.575 0.4033333333333333 0.58375 0.405 0.58625 0.4083333333333333 0.58875 0.4266666666666667 0.58875 0.4666666666666667 0.59125 0.48333333333333334 0.59 0.52 0.5875 0.525 0.57625 0.5266666666666666 0.5525 0.525 0.50125 0.5283333333333333 0.4975 0.525 0.49625 0.515 0.495 0.4116666666666667 0.4975 0.405 0.5175 0.4033333333333333
2 0.47375 0.5383333333333333 0.485 0.5383333333333333 0.48875 0.5433333333333333 0.49125 0.6633333333333333 0.46625 0.6666666666666666 0.41125 0.6683333333333333 0.40125 0.6683333333333333 0.3975 0.665 0.39625 0.6166666666666667 0.39375 0.605 0.39625 0.5433333333333333 0.40875 0.54 0.4725 0.54
2 0.4175 0.405 0.485 0.4066666666666667 0.48875 0.49666666666666665 0.4875 0.5266666666666666 0.45 0.53 0.4 0.53 0.395 0.5266666666666666 0.3925 0.5016666666666667 0.3925 0.4116666666666667 0.4025 0.4066666666666667 0.41625 0.4066666666666667
2 0.33 0.2733333333333333 0.35 0.275 0.37625 0.27166666666666667 0.3825 0.2783333333333333 0.385 0.37 0.38375 0.39 0.38 0.395 0.3275 0.3983333333333333 0.295 0.3983333333333333 0.29125 0.39666666666666667 0.28875 0.39166666666666666 0.2875 0.28 0.2925 0.2733333333333333 0.32875 0.2733333333333333
2 0.29375 0.4066666666666667 0.31375 0.41 0.33125 0.4066666666666667 0.38 0.4066666666666667 0.385 0.4166666666666667 0.385 0.5283333333333333 0.3775 0.5316666666666666 0.30125 0.535 0.2925 0.5333333333333333 0.29 0.53 0.28875 0.5216666666666666 0.29 0.49833333333333335 0.2875 0.455 0.29 0.45 0.2875 0.41333333333333333 0.2925 0.4066666666666667
2 0.33875 0.5416666666666666 0.38625 0.5433333333333333 0.38875 0.6666666666666666 0.37875 0.67 0.3275 0.67 0.3 0.6733333333333333 0.2925 0.67 0.29 0.625 0.29 0.5483333333333333 0.29375 0.5433333333333333 0.3375 0.5433333333333333
2 0.48375 0.275 0.48625 0.355 0.485 0.39166666666666666 0.4675 0.395 0.42125 0.3933333333333333 0.41125 0.39666666666666667 0.39875 0.395 0.3925 0.39 0.39 0.285 0.39125 0.2783333333333333 0.39375 0.275 0.41625 0.2733333333333333 0.4825 0.275
2 0.58125 0.535 0.5875 0.5366666666666666 0.59 0.54 0.5925 0.655 0.585 0.6616666666666666 0.53625 0.6616666666666666 0.51125 0.665 0.5025 0.665 0.5 0.6633333333333333 0.49875 0.6583333333333333 0.49875 0.6066666666666667 0.49625 0.5566666666666666 0.4975 0.54 0.53 0.5366666666666666 0.58 0.5366666666666666
4 0.6375 0.18666666666666668 0.6475 0.20333333333333334 0.6475 0.22 0.64375 0.22833333333333333 0.6325 0.23666666666666666 0.62 0.235 0.61125 0.225 0.60875 0.21833333333333332 0.60875 0.19833333333333333 0.61375 0.18833333333333332 0.6225 0.18333333333333332 0.63125 0.18333333333333332 0.63625 0.18666666666666668
4 0.6375 0.31 0.6475 0.32 0.65 0.3283333333333333 0.65 0.345 0.6475 0.3516666666666667 0.6375 0.36 0.62 0.35833333333333334 0.615 0.3516666666666667 0.61125 0.34 0.6125 0.3233333333333333 0.62 0.31166666666666665 0.63625 0.31
4 0.55125 0.2916666666666667 0.56125 0.3 0.565 0.30833333333333335 0.56625 0.32 0.5625 0.3333333333333333 0.55 0.3433333333333333 0.53625 0.3416666666666667 0.53125 0.33666666666666667 0.5275 0.325 0.52875 0.3016666666666667 0.53625 0.29333333333333333 0.55 0.2916666666666667
4 0.6425 0.435 0.6475 0.44 0.65125 0.4483333333333333 0.65125 0.4666666666666667 0.6475 0.47833333333333333 0.6325 0.48333333333333334 0.62125 0.4816666666666667 0.6175 0.4766666666666667 0.6125 0.46166666666666667 0.6125 0.4483333333333333 0.615 0.44166666666666665 0.62375 0.43333333333333335 0.63375 0.43166666666666664 0.64125 0.435
3 0.5325 0.2633333333333333 0.5875 0.265 0.59125 0.275 0.5925 0.34833333333333333 0.595 0.3616666666666667 0.5925 0.38333333333333336 0.59625 0.44666666666666666 0.595 0.5633333333333334 0.59875 0.615 0.5975 0.6483333333333333 0.59375 0.665 0.51 0.67 0.49125 0.6683333333333333 0.48125 0.6716666666666666 0.46 0.6733333333333333 0.4 0.6716666666666666 0.3925 0.675 0.3725 0.6766666666666666 0.35125 0.675 0.31375 0.6783333333333333 0.295 0.6783333333333333 0.2875 0.6733333333333333 0.28625 0.6433333333333333 0.28375 0.6333333333333333 0.285 0.5783333333333334 0.28375 0.5083333333333333 0.28125 0.4766666666666667 0.285 0.4666666666666667 0.285 0.455 0.2825 0.44666666666666666 0.28125 0.425 0.28125 0.3516666666666667 0.285 0.34833333333333333 0.285 0.3433333333333333 0.2825 0.33666666666666667 0.28375 0.3333333333333333 0.28 0.30833333333333335 0.28125 0.26666666666666666 0.38 0.26666666666666666 0.38875 0.2633333333333333 0.41625 0.26666666666666666 0.43375 0.2633333333333333 0.485 0.26666666666666666 0.49625 0.2633333333333333 0.53125 0.2633333333333333