0 0.335 0.4216666666666667 0.34 0.425 0.3475 0.43833333333333335 0.34875 0.46166666666666667 0.345 0.4716666666666667 0.33375 0.4816666666666667 0.32125 0.4816666666666667 0.31375 0.47833333333333333 0.3075 0.4716666666666667 0.3025 0.45666666666666667 0.3025 0.44333333333333336 0.31 0.4266666666666667 0.31875 0.42 0.33375 0.4216666666666667
0 0.225 0.415 0.2325 0.42 0.2375 0.42833333333333334 0.24 0.44 0.24 0.4533333333333333 0.2375 0.465 0.23125 0.47333333333333333 0.22125 0.47833333333333333 0.20875 0.4766666666666667 0.2 0.4716666666666667 0.19125 0.4583333333333333 0.19 0.43666666666666665 0.1925 0.42833333333333334 0.205 0.415 0.22375 0.415
0 0.22625 0.5666666666666667 0.23875 0.5783333333333334 0.24375 0.59 0.245 0.6033333333333334 0.2425 0.6133333333333333 0.235 0.6233333333333333 0.22375 0.63 0.215 0.63 0.20125 0.6233333333333333 0.195 0.605 0.195 0.59 0.2025 0.5733333333333334 0.2175 0.565 0.225 0.5666666666666667
0 0.21125 0.10666666666666667 0.22375 0.11333333333333333 0.22875 0.12 0.23375 0.135 0.23375 0.14333333333333334 0.22875 0.15833333333333333 0.2225 0.16833333333333333 0.21625 0.17166666666666666 0.2075 0.17166666666666666 0.195 0.16666666666666666 0.18875 0.16 0.18375 0.145 0.18375 0.12666666666666668 0.1875 0.11833333333333333 0.1975 0.10833333333333334 0.21 0.10666666666666667
1 0.2125 0.10833333333333334 0.23 0.12166666666666667 0.33 0.12333333333333334 0.34125 0.12166666666666667 0.6425 0.125 0.65625 0.11166666666666666 0.67125 0.11166666666666666 0.68375 0.125 0.6875 0.13666666666666666 0.685 0.155 0.6775 0.16833333333333333 0.68 0.19666666666666666 0.68 0.23166666666666666 0.6775 0.26166666666666666 0.68375 0.27 0.69125 0.2916666666666667 0.69 0.30333333333333334 0.68125 0.31833333333333336 0.68 0.33 0.68 0.4033333333333333 0.68125 0.415 0.68875 0.4266666666666667 0.69125 0.43666666666666665 0.69 0.45166666666666666 0.68 0.4716666666666667 0.68375 0.4766666666666667 0.6825 0.5483333333333333 0.685 0.7516666666666667 0.68 0.7566666666666667 0.645 0.7583333333333333 0.3 0.7666666666666667 0.26625 0.77 0.20875 0.77 0.205 0.7633333333333333 0.205 0.72 0.20125 0.64 0.2025 0.635 0.20125 0.6233333333333333 0.195 0.6033333333333334 0.195 0.5916666666666667 0.20125 0.5716666666666667 0.20125 0.53 0.19875 0.49333333333333335 0.2 0.47333333333333333 0.19125 0.455 0.19125 0.435 0.1975 0.41333333333333333 0.1975 0.38333333333333336 0.19375 0.325 0.18625 0.3 0.18625 0.2833333333333333 0.1925 0.265 0.1925 0.16666666666666666 0.1875 0.15666666666666668 0.18375 0.135 0.18875 0.11833333333333333 0.1925 0.11333333333333333 0.2 0.10833333333333334 0.21125 0.10833333333333334
0 0.2125 0.26 0.2275 0.27 0.23375 0.28 0.235 0.2866666666666667 0.2325 0.30666666666666664 0.225 0.31833333333333336 0.21625 0.325 0.20625 0.325 0.1925 0.31666666666666665 0.18875 0.31166666666666665 0.185 0.29833333333333334 0.185 0.2833333333333333 0.19125 0.2683333333333333 0.2 0.26166666666666666 0.21125 0.26
2 0.5725 0.21 0.61125 0.21166666666666667 0.61375 0.215 0.615 0.24 0.61625 0.35333333333333333 0.6125 0.35833333333333334 0.57875 0.36 0.515 0.36 0.50875 0.35833333333333334 0.50625 0.355 0.50625 0.31666666666666665 0.50375 0.295 0.50375 0.21833333333333332 0.5075 0.21333333333333335 0.5125 0.21166666666666667 0.57125 0.21
2 0.4925 0.21333333333333335 0.49625 0.22166666666666668 0.49625 0.355 0.495 0.35833333333333334 0.49 0.36 0.4475 0.3616666666666667 0.3975 0.3616666666666667 0.3875 0.35833333333333334 0.38625 0.30833333333333335 0.38375 0.29333333333333333 0.38375 0.21833333333333332 0.38875 0.21166666666666667 0.49125 0.21333333333333335
2 0.5475 0.5283333333333333 0.61375 0.5283333333333333 0.6175 0.5316666666666666 0.62125 0.6683333333333333 0.6175 0.675 0.5875 0.6766666666666666 0.515 0.6766666666666666 0.51125 0.6716666666666666 0.51125 0.6016666666666667 0.50875 0.5583333333333333 0.51 0.535 0.515 0.53 0.54625 0.5283333333333333
2 0.4225 0.53 0.49875 0.5316666666666666 0.50125 0.5433333333333333 0.5025 0.6033333333333334 0.5025 0.67 0.5 0.6766666666666666 0.4225 0.68 0.39375 0.6783333333333333 0.39 0.605 0.39 0.5416666666666666 0.3925 0.5333333333333333 0.42125 0.53
2 0.44 0.37166666666666665 0.49125 0.37166666666666665 0.4975 0.37666666666666665 0.5 0.5116666666666667 0.49625 0.5183333333333333 0.47875 0.52 0.39 0.5183333333333333 0.3875 0.49 0.38875 0.4633333333333333 0.38625 0.43166666666666664 0.3875 0.37833333333333335 0.39375 0.37333333333333335 0.43875 0.37166666666666665
2 0.37375 0.21333333333333335 0.3775 0.35333333333333333 0.37625 0.35833333333333334 0.3725 0.3616666666666667 0.26375 0.36 0.26125 0.3016666666666667 0.2625 0.285 0.26 0.25166666666666665 0.26 0.215 0.26625 0.21 0.36 0.21 0.3725 0.21333333333333335
2 0.6125 0.37166666666666665 0.615 0.37333333333333335 0.6175 0.39 0.6175 0.515 0.59 0.5183333333333333 0.51375 0.5183333333333333 0.51 0.515 0.50625 0.4166666666666667 0.5075 0.37666666666666665 0.51125 0.37333333333333335 0.5325 0.37166666666666665 0.61125 0.37166666666666665
2 0.2725 0.37166666666666665 0.3675 0.37166666666666665 0.37625 0.375 0.37875 0.39 0.3775 0.3983333333333333 0.38 0.43666666666666665 0.38 0.5183333333333333 0.365 0.5216666666666666 0.3225 0.5233333333333333 0.26875 0.5216666666666666 0.2675 0.4866666666666667 0.26375 0.4583333333333333 0.26375 0.395 0.265 0.375 0.27125 0.37333333333333335
2 0.2725 0.5316666666666666 0.28375 0.535 0.3375 0.5316666666666666 0.37875 0.5333333333333333 0.38125 0.54 0.38 0.5533333333333333 0.38375 0.64 0.3825 0.6766666666666666 0.37875 0.68 0.345 0.6833333333333333 0.2725 0.6816666666666666 0.27 0.6616666666666666 0.27125 0.6566666666666666 0.2675 0.56 0.26875 0.535 0.27125 0.5333333333333333
4 0.67875 0.115 0.6875 0.13 0.68875 0.14333333333333334 0.68375 0.16166666666666665 0.6725 0.17166666666666666 0.65875 0.17166666666666666 0.6525 0.16833333333333333 0.64375 0.155 0.64125 0.13166666666666665 0.64625 0.11833333333333333 0.65625 0.11 0.665 0.10833333333333334 0.675 0.11166666666666666 0.6775 0.115
4 0.566875 0.2725 0.04875 0.065
4 0.68 0.265 0.685 0.27 0.68875 0.2783333333333333 0.69125 0.3016666666666667 0.68125 0.31833333333333336 0.66875 0.3233333333333333 0.65625 0.32166666666666666 0.64875 0.31333333333333335 0.645 0.3016666666666667 0.645 0.2816666666666667 0.64875 0.27166666666666667 0.65875 0.2633333333333333 0.67125 0.26166666666666666 0.67875 0.265
4 0.675 0.4116666666666667 0.68625 0.42 0.6925 0.43666666666666665 0.6925 0.44666666666666666 0.6875 0.46166666666666667 0.68375 0.4666666666666667 0.675 0.4716666666666667 0.66125 0.4716666666666667 0.65375 0.4683333333333333 0.65 0.465 0.645 0.45166666666666666 0.645 0.43666666666666665 0.65 0.41833333333333333 0.66 0.4116666666666667 0.67375 0.4116666666666667
3 0.28625 0.20166666666666666 0.6175 0.20333333333333334 0.62 0.20833333333333334 0.62125 0.235 0.62125 0.315 0.62375 0.38666666666666666 0.6225 0.4116666666666667 0.625 0.43666666666666665 0.62375 0.5633333333333334 0.62625 0.5766666666666667 0.625 0.5933333333333334 0.6275 0.63 0.62625 0.6766666666666666 0.62 0.6816666666666666 0.285 0.69 0.27 0.69 0.26625 0.6883333333333334 0.265 0.6833333333333333 0.265 0.6533333333333333 0.2625 0.6316666666666667 0.26375 0.5933333333333334 0.26125 0.5566666666666666 0.2625 0.5383333333333333 0.25875 0.43166666666666664 0.25875 0.3566666666666667 0.25625 0.3383333333333333 0.25625 0.31 0.25875 0.2966666666666667 0.25625 0.2866666666666667 0.25375 0.24 0.25375 0.21833333333333332 0.25625 0.20166666666666666 0.285 0.20166666666666666