0 0.2575 0.5933333333333334 0.2725 0.6016666666666667 0.27875 0.615 0.27875 0.6366666666666667 0.2725 0.6466666666666666 0.2625 0.6533333333333333 0.2425 0.6516666666666666 0.235 0.6433333333333333 0.2325 0.6333333333333333 0.2325 0.6116666666666667 0.24125 0.6 0.25625 0.5933333333333334
0 0.25625 0.305 0.27 0.32 0.2725 0.3333333333333333 0.2675 0.35333333333333333 0.25625 0.36333333333333334 0.24375 0.36333333333333334 0.2325 0.35833333333333334 0.22875 0.35333333333333333 0.225 0.3383333333333333 0.22625 0.32166666666666666 0.2325 0.31 0.245 0.30333333333333334 0.255 0.305
0 0.36 0.4533333333333333 0.36625 0.455 0.375 0.4633333333333333 0.37875 0.475 0.37875 0.49333333333333335 0.37625 0.5016666666666667 0.37125 0.5083333333333333 0.35875 0.515 0.3425 0.5083333333333333 0.33875 0.5033333333333333 0.335 0.49166666666666664 0.335 0.475 0.34 0.4633333333333333 0.34875 0.455 0.35875 0.4533333333333333
0 0.25125 0.15833333333333333 0.26125 0.16333333333333333 0.26875 0.17333333333333334 0.27125 0.18833333333333332 0.265 0.21 0.26125 0.215 0.25 0.22 0.2375 0.21666666666666667 0.2325 0.21166666666666667 0.2275 0.20333333333333334 0.225 0.19333333333333333 0.225 0.17833333333333334 0.22875 0.16833333333333333 0.2375 0.16 0.25 0.15833333333333333
0 0.25625 0.4483333333333333 0.265 0.45166666666666666 0.2725 0.46166666666666667 0.27625 0.47333333333333333 0.27625 0.48333333333333334 0.2725 0.49666666666666665 0.26625 0.505 0.26 0.5083333333333333 0.245 0.5083333333333333 0.23875 0.505 0.23125 0.495 0.22875 0.48333333333333334 0.23 0.465 0.2325 0.46 0.2425 0.45 0.255 0.4483333333333333
1 0.69 0.15833333333333333 0.69375 0.16 0.7 0.16833333333333333 0.70375 0.17833333333333334 0.70375 0.19333333333333333 0.69625 0.20833333333333334 0.695 0.21666666666666667 0.695 0.30333333333333334 0.70125 0.31166666666666665 0.70625 0.33 0.70375 0.345 0.69625 0.35833333333333334 0.6975 0.4083333333333333 0.695 0.44333333333333336 0.7 0.45 0.70625 0.4683333333333333 0.705 0.48333333333333334 0.69625 0.5 0.69875 0.6133333333333333 0.6975 0.7733333333333333 0.65 0.7766666666666666 0.585 0.7766666666666666 0.5475 0.78 0.47875 0.78 0.2625 0.7883333333333333 0.245 0.7883333333333333 0.24125 0.785 0.23875 0.6666666666666666 0.2325 0.6316666666666667 0.2325 0.615 0.2375 0.5933333333333334 0.2375 0.5566666666666666 0.235 0.51 0.23 0.49 0.23 0.4666666666666667 0.23375 0.45666666666666667 0.23375 0.3616666666666667 0.22625 0.3416666666666667 0.22625 0.3283333333333333 0.23125 0.31166666666666665 0.2325 0.3 0.23125 0.21166666666666667 0.22625 0.19666666666666666 0.22625 0.17833333333333334 0.23375 0.16333333333333333 0.24125 0.16 0.2525 0.16 0.26875 0.17166666666666666 0.365 0.16833333333333333 0.65625 0.16833333333333333 0.6625 0.16666666666666666 0.67625 0.15666666666666668 0.68875 0.15833333333333333
2 0.51875 0.5566666666666666 0.5225 0.5616666666666666 0.52375 0.5783333333333334 0.52375 0.6933333333333334 0.5175 0.6983333333333334 0.505 0.7 0.42 0.7 0.4175 0.6966666666666667 0.41625 0.6783333333333333 0.41875 0.6516666666666666 0.41625 0.6433333333333333 0.41625 0.5683333333333334 0.4175 0.5633333333333334 0.42125 0.56 0.43375 0.5583333333333333 0.46625 0.56 0.5175 0.5566666666666666
2 0.48375 0.405 0.52 0.4066666666666667 0.5225 0.54 0.52 0.545 0.48 0.5483333333333333 0.42 0.5483333333333333 0.41625 0.545 0.41625 0.49333333333333335 0.41375 0.4483333333333333 0.41625 0.42333333333333334 0.415 0.415 0.42125 0.4066666666666667 0.4825 0.405
2 0.6325 0.25333333333333335 0.635 0.2633333333333333 0.63375 0.39 0.6275 0.3933333333333333 0.57375 0.395 0.53875 0.395 0.52875 0.39166666666666666 0.52875 0.3383333333333333 0.52625 0.29333333333333333 0.52875 0.25666666666666665 0.53125 0.25333333333333335 0.54375 0.25166666666666665 0.63125 0.25333333333333335
2 0.30875 0.25333333333333335 0.385 0.25333333333333335 0.40125 0.255 0.40375 0.25833333333333336 0.40625 0.345 0.405 0.3933333333333333 0.39875 0.39666666666666667 0.3425 0.3983333333333333 0.3 0.3983333333333333 0.29875 0.395 0.295 0.335 0.295 0.25833333333333336 0.29875 0.25333333333333335 0.3075 0.25333333333333335
2 0.6275 0.4033333333333333 0.635 0.4083333333333333 0.63625 0.5416666666666666 0.62375 0.545 0.53125 0.5433333333333333 0.52875 0.49 0.52875 0.41333333333333333 0.53125 0.4066666666666667 0.54375 0.405 0.59125 0.4066666666666667 0.595 0.4033333333333333 0.62625 0.4033333333333333
2 0.4025 0.4066666666666667 0.40625 0.41333333333333333 0.4075 0.445 0.4075 0.5466666666666666 0.3425 0.5516666666666666 0.305 0.5516666666666666 0.3 0.545 0.3 0.49333333333333335 0.2975 0.4766666666666667 0.3 0.41 0.38625 0.405 0.40125 0.4066666666666667
2 0.39625 0.5583333333333333 0.40625 0.56 0.40875 0.5666666666666667 0.40875 0.6983333333333334 0.4025 0.7016666666666667 0.3825 0.7033333333333334 0.3175 0.705 0.30375 0.7033333333333334 0.30125 0.6933333333333334 0.30125 0.615 0.29875 0.6116666666666667 0.30125 0.565 0.30375 0.5616666666666666 0.3575 0.5616666666666666 0.395 0.5583333333333333
2 0.6025 0.555 0.635 0.5566666666666666 0.6375 0.595 0.6375 0.6916666666666667 0.635 0.695 0.61625 0.6966666666666667 0.555 0.6983333333333334 0.54125 0.6983333333333334 0.535 0.695 0.5325 0.6883333333333334 0.53125 0.56 0.54 0.5566666666666666 0.60125 0.555
2 0.4975 0.25166666666666665 0.5125 0.25333333333333335 0.5175 0.25666666666666665 0.52 0.39 0.5125 0.395 0.45375 0.39666666666666667 0.4175 0.395 0.415 0.39166666666666666 0.4125 0.31833333333333336 0.41375 0.25666666666666665 0.42 0.25333333333333335 0.4525 0.25166666666666665 0.49625 0.25333333333333335
4 0.59875 0.2833333333333333 0.60375 0.28833333333333333 0.61 0.3016666666666667 0.61 0.31666666666666665 0.605 0.33 0.5925 0.34 0.58125 0.34 0.575 0.335 0.5675 0.32166666666666666 0.565 0.30333333333333334 0.56875 0.29333333333333333 0.58 0.2816666666666667 0.5925 0.28 0.5975 0.2833333333333333
4 0.69375 0.15833333333333333 0.69875 0.16333333333333333 0.705 0.17666666666666667 0.705 0.19333333333333333 0.695 0.21166666666666667 0.6875 0.215 0.67375 0.21333333333333335 0.6625 0.20166666666666666 0.66 0.19 0.66 0.17666666666666667 0.66375 0.165 0.6725 0.15666666666666668 0.6875 0.155 0.6925 0.15833333333333333
4 0.69 0.44333333333333336 0.69875 0.4483333333333333 0.7025 0.4533333333333333 0.70625 0.4633333333333333 0.7075 0.475 0.7025 0.49166666666666664 0.6975 0.49833333333333335 0.6875 0.5016666666666667 0.67875 0.5016666666666667 0.6675 0.495 0.6625 0.485 0.66125 0.4683333333333333 0.66375 0.4583333333333333 0.67125 0.44666666666666666 0.68875 0.44333333333333336
4 0.6925 0.3016666666666667 0.6975 0.305 0.705 0.31833333333333336 0.70625 0.34 0.6975 0.3566666666666667 0.685 0.36 0.67375 0.35833333333333334 0.66375 0.3466666666666667 0.66125 0.3383333333333333 0.66125 0.32666666666666666 0.665 0.31333333333333335 0.67125 0.305 0.6775 0.3016666666666667 0.69125 0.3016666666666667
3 0.4975 0.24333333333333335 0.6325 0.24333333333333335 0.63875 0.24833333333333332 0.64 0.3016666666666667 0.6375 0.30333333333333334 0.6375 0.30666666666666664 0.6425 0.45 0.64 0.4633333333333333 0.64 0.5416666666666666 0.6425 0.5766666666666667 0.64125 0.585 0.64375 0.64 0.64375 0.6966666666666667 0.64 0.7016666666666667 0.63125 0.7033333333333334 0.4275 0.7083333333333334 0.4075 0.7066666666666667 0.3975 0.71 0.2975 0.71 0.295 0.6583333333333333 0.295 0.615 0.2975 0.6116666666666667 0.295 0.605 0.295 0.5333333333333333 0.2925 0.48333333333333334 0.29375 0.40166666666666667 0.29125 0.37166666666666665 0.29 0.25 0.2925 0.24666666666666667 0.4425 0.24666666666666667 0.49625 0.24333333333333335