0 0.29375 0.30833333333333335 0.30375 0.31833333333333336 0.30625 0.325 0.30625 0.3416666666666667 0.3 0.355 0.29 0.36 0.2775 0.36 0.2725 0.3566666666666667 0.26625 0.345 0.265 0.33166666666666667 0.26875 0.31666666666666665 0.27375 0.31 0.28 0.30666666666666664 0.2925 0.30833333333333335
0 0.3975 0.44333333333333336 0.40625 0.46 0.40625 0.47333333333333333 0.40375 0.4816666666666667 0.3975 0.49 0.39 0.49333333333333335 0.37875 0.49333333333333335 0.36875 0.48333333333333334 0.36625 0.475 0.36625 0.4583333333333333 0.36875 0.45166666666666666 0.38 0.44 0.39125 0.44 0.39625 0.44333333333333336
0 0.30125 0.44 0.31125 0.45166666666666666 0.31375 0.4633333333333333 0.3125 0.4766666666666667 0.30875 0.485 0.295 0.49333333333333335 0.2825 0.49166666666666664 0.27125 0.48 0.27 0.4533333333333333 0.27375 0.445 0.2825 0.43833333333333335 0.3 0.44
0 0.2975 0.57 0.30625 0.5733333333333334 0.3125 0.5833333333333334 0.315 0.5933333333333334 0.31375 0.6116666666666667 0.30625 0.6233333333333333 0.29875 0.6266666666666667 0.28125 0.6233333333333333 0.27375 0.6083333333333333 0.27375 0.5883333333333334 0.27875 0.5783333333333334 0.285 0.5733333333333334 0.29625 0.57
0 0.2875 0.175 0.3 0.18333333333333332 0.30625 0.2 0.30375 0.215 0.29625 0.22833333333333333 0.27375 0.22666666666666666 0.26875 0.22166666666666668 0.265 0.21166666666666667 0.26375 0.195 0.2675 0.185 0.27625 0.17666666666666667 0.28625 0.175
1 0.68375 0.16666666666666666 0.69625 0.17833333333333334 0.69875 0.18833333333333332 0.69875 0.19833333333333333 0.6925 0.21666666666666667 0.6925 0.25166666666666665 0.69375 0.2966666666666667 0.70375 0.31666666666666665 0.70375 0.33166666666666667 0.695 0.34833333333333333 0.695 0.365 0.6975 0.39 0.69625 0.42833333333333334 0.7075 0.44666666666666666 0.70625 0.46166666666666667 0.69875 0.4766666666666667 0.70125 0.515 0.70125 0.5633333333333334 0.70375 0.5883333333333334 0.70375 0.6433333333333333 0.7075 0.6933333333333334 0.7075 0.74 0.70375 0.7433333333333333 0.67375 0.745 0.40125 0.7533333333333333 0.37875 0.7566666666666667 0.32625 0.7583333333333333 0.28375 0.7583333333333333 0.28125 0.755 0.28 0.745 0.27875 0.65 0.27375 0.61 0.27375 0.5883333333333334 0.27625 0.5716666666666667 0.27375 0.49166666666666664 0.275 0.4866666666666667 0.27 0.47333333333333333 0.27 0.4583333333333333 0.2725 0.4483333333333333 0.2725 0.36833333333333335 0.27125 0.3566666666666667 0.26625 0.34 0.26625 0.32666666666666666 0.27 0.315 0.27 0.28 0.2675 0.25166666666666665 0.26875 0.22333333333333333 0.265 0.21166666666666667 0.265 0.19333333333333333 0.2675 0.18833333333333332 0.27375 0.18 0.28125 0.17666666666666667 0.2925 0.17833333333333334 0.305 0.19166666666666668 0.4925 0.18833333333333332 0.5225 0.185 0.58375 0.185 0.63625 0.18166666666666667 0.6575 0.18333333333333332 0.665 0.17166666666666666 0.67375 0.16666666666666666 0.6825 0.16666666666666666
2 0.39375 0.5433333333333333 0.4325 0.545 0.435 0.5833333333333334 0.43625 0.6716666666666666 0.43125 0.675 0.3875 0.6766666666666666 0.37 0.68 0.34125 0.68 0.3375 0.6766666666666666 0.335 0.6416666666666667 0.335 0.55 0.33875 0.545 0.37125 0.5466666666666666 0.3925 0.5433333333333333
2 0.635 0.26 0.6375 0.29333333333333333 0.63625 0.3 0.64 0.33666666666666667 0.63875 0.38333333333333336 0.635 0.38666666666666666 0.58625 0.3883333333333333 0.5425 0.38666666666666666 0.53875 0.30833333333333335 0.53875 0.2683333333333333 0.5425 0.26166666666666666 0.555 0.26 0.63375 0.26
2 0.535 0.54 0.53875 0.5433333333333333 0.54 0.55 0.5425 0.67 0.5 0.675 0.4525 0.675 0.445 0.6716666666666666 0.4425 0.6316666666666667 0.44125 0.55 0.44625 0.5433333333333333 0.4575 0.5416666666666666 0.53375 0.54
2 0.48875 0.4666666666666667 0.1025 0.13333333333333333
2 0.425 0.26666666666666666 0.4275 0.27666666666666667 0.42875 0.31333333333333335 0.42875 0.39 0.42375 0.3933333333333333 0.33625 0.39666666666666667 0.3325 0.3933333333333333 0.33 0.38333333333333336 0.33 0.3433333333333333 0.32625 0.2783333333333333 0.3275 0.2683333333333333 0.33125 0.265 0.42375 0.26666666666666666
2 0.60625 0.39666666666666667 0.6375 0.3983333333333333 0.64 0.40166666666666667 0.64 0.43166666666666664 0.64375 0.4666666666666667 0.64375 0.525 0.5925 0.5283333333333333 0.5475 0.5266666666666666 0.545 0.505 0.5425 0.4033333333333333 0.54625 0.4 0.55875 0.3983333333333333 0.56375 0.4 0.605 0.39666666666666667
2 0.42625 0.4033333333333333 0.42875 0.405 0.43 0.4166666666666667 0.4325 0.4666666666666667 0.4325 0.53 0.43 0.5333333333333333 0.3575 0.535 0.335 0.5383333333333333 0.3325 0.5233333333333333 0.33125 0.47833333333333333 0.3325 0.4083333333333333 0.335 0.405 0.35625 0.4033333333333333 0.425 0.4033333333333333
2 0.6425 0.5366666666666666 0.645 0.5416666666666666 0.64875 0.665 0.64625 0.6683333333333333 0.63625 0.67 0.59 0.6716666666666666 0.55375 0.6716666666666666 0.55 0.665 0.5475 0.6066666666666667 0.54875 0.5416666666666666 0.59 0.5366666666666666 0.64125 0.5366666666666666
2 0.525 0.26166666666666666 0.53 0.265 0.5325 0.29 0.5325 0.33666666666666667 0.535 0.37333333333333335 0.53375 0.38666666666666666 0.5225 0.39 0.47625 0.39166666666666666 0.44125 0.39166666666666666 0.4375 0.3883333333333333 0.43375 0.30833333333333335 0.43375 0.26666666666666666 0.44 0.2633333333333333 0.52375 0.26166666666666666
4 0.6875 0.295 0.695 0.29833333333333334 0.70125 0.30666666666666664 0.705 0.33 0.69625 0.3466666666666667 0.68625 0.35 0.67875 0.35 0.67 0.345 0.66375 0.3333333333333333 0.66375 0.31333333333333335 0.66625 0.30666666666666664 0.67375 0.29833333333333334 0.68625 0.295
4 0.59875 0.2783333333333333 0.60875 0.285 0.615 0.3 0.615 0.315 0.6125 0.32166666666666666 0.6075 0.3283333333333333 0.59875 0.3333333333333333 0.59 0.3333333333333333 0.585 0.33 0.575 0.31333333333333335 0.575 0.2966666666666667 0.5775 0.29 0.58375 0.2816666666666667 0.5975 0.2783333333333333
4 0.6925 0.17 0.69875 0.18166666666666667 0.7 0.195 0.69625 0.21 0.6875 0.21833333333333332 0.675 0.21833333333333332 0.66625 0.21333333333333335 0.66 0.20333333333333334 0.65875 0.185 0.6625 0.17333333333333334 0.66875 0.16666666666666666 0.685 0.165 0.69125 0.17
4 0.69 0.425 0.6975 0.42833333333333334 0.70625 0.44 0.70875 0.45166666666666666 0.7075 0.46166666666666667 0.70375 0.47 0.69875 0.4766666666666667 0.69125 0.48 0.6775 0.47833333333333333 0.6675 0.465 0.66625 0.46 0.66625 0.445 0.67 0.435 0.67875 0.4266666666666667 0.68875 0.425
3 0.6375 0.25 0.64125 0.25333333333333335 0.64125 0.28833333333333333 0.64375 0.31 0.6425 0.3416666666666667 0.64625 0.38333333333333336 0.64625 0.4583333333333333 0.64875 0.48333333333333334 0.65 0.5783333333333334 0.65375 0.67 0.6425 0.675 0.49875 0.6783333333333333 0.425 0.6833333333333333 0.4125 0.6816666666666666 0.39375 0.685 0.335 0.685 0.3325 0.6816666666666666 0.33 0.6033333333333334 0.33 0.5233333333333333 0.3275 0.49833333333333335 0.3275 0.4166666666666667 0.32375 0.36666666666666664 0.32625 0.36 0.3225 0.28833333333333333 0.32375 0.26 0.63625 0.25