0 0.824 0.4605 0.8313333333333334 0.4635 0.842 0.4735 0.8426666666666667 0.4875 0.8386666666666667 0.496 0.8306666666666667 0.5025 0.8133333333333334 0.5085 0.8 0.508 0.786 0.5025 0.778 0.495 0.7753333333333333 0.4815 0.7813333333333333 0.47 0.792 0.462 0.8033333333333333 0.459 0.8233333333333334 0.4605
0 0.7893333333333333 0.6815 0.804 0.6925 0.8073333333333333 0.6995 0.8073333333333333 0.707 0.8053333333333333 0.714 0.7986666666666666 0.721 0.7793333333333333 0.7265 0.768 0.726 0.7526666666666667 0.7205 0.7453333333333333 0.7125 0.744 0.7015 0.7486666666666667 0.693 0.7573333333333333 0.6855 0.7693333333333333 0.682 0.7886666666666666 0.6815
0 0.8406666666666667 0.3375 0.8493333333333334 0.3405 0.86 0.348 0.8646666666666667 0.3565 0.8646666666666667 0.3665 0.86 0.3775 0.852 0.384 0.8406666666666667 0.389 0.8313333333333334 0.3905 0.81 0.388 0.8013333333333333 0.3835 0.7933333333333333 0.3695 0.7933333333333333 0.3585 0.7986666666666666 0.3495 0.8106666666666666 0.3405 0.8226666666666667 0.3375 0.84 0.3375
0 0.774 0.786 0.7826666666666666 0.7905 0.7873333333333333 0.7965 0.7886666666666666 0.8105 0.78 0.821 0.7626666666666667 0.8265 0.7473333333333333 0.826 0.7366666666666667 0.8215 0.7286666666666667 0.813 0.7266666666666667 0.803 0.7306666666666667 0.7965 0.7466666666666667 0.786 0.7733333333333333 0.786
0 0.804 0.574 0.8213333333333334 0.586 0.8246666666666667 0.595 0.824 0.6025 0.8213333333333334 0.609 0.8133333333333334 0.616 0.8046666666666666 0.62 0.794 0.6215 0.7773333333333333 0.62 0.7686666666666667 0.6155 0.7606666666666667 0.606 0.76 0.5945 0.766 0.5845 0.7753333333333333 0.5775 0.7893333333333333 0.574 0.8033333333333333 0.574
1 0.18533333333333332 0.309 0.252 0.312 0.266 0.3145 0.37133333333333335 0.3145 0.4013333333333333 0.318 0.41333333333333333 0.316 0.41333333333333333 0.3105 0.416 0.31 0.42866666666666664 0.311 0.43866666666666665 0.3185 0.4706666666666667 0.3185 0.4826666666666667 0.3215 0.48933333333333334 0.321 0.49133333333333334 0.3175 0.48933333333333334 0.314 0.49266666666666664 0.3105 0.5013333333333333 0.311 0.504 0.314 0.5046666666666667 0.3215 0.5153333333333333 0.32 0.516 0.316 0.5106666666666667 0.3145 0.512 0.3105 0.5233333333333333 0.3095 0.5406666666666666 0.3105 0.5393333333333333 0.312 0.5326666666666666 0.3105 0.5293333333333333 0.3155 0.522 0.3175 0.534 0.322 0.5573333333333333 0.323 0.572 0.321 0.592 0.324 0.6053333333333333 0.32 0.6086666666666667 0.325 0.622 0.325 0.622 0.3235 0.6146666666666667 0.3225 0.6146666666666667 0.317 0.6166666666666667 0.314 0.6266666666666667 0.3135 0.628 0.321 0.624 0.3245 0.6313333333333333 0.326 0.6646666666666666 0.3275 0.6693333333333333 0.3255 0.6746666666666666 0.3285 0.7573333333333333 0.33 0.7693333333333333 0.332 0.7793333333333333 0.3295 0.79 0.333 0.814 0.3335 0.8173333333333334 0.3365 0.8386666666666667 0.336 0.8506666666666667 0.34 0.8626666666666667 0.3545 0.8626666666666667 0.3665 0.8553333333333333 0.3805 0.8353333333333334 0.395 0.8306666666666667 0.408 0.83 0.432 0.8253333333333334 0.456 0.826 0.46 0.8346666666666667 0.465 0.8386666666666667 0.4725 0.84 0.4865 0.8346666666666667 0.499 0.8246666666666667 0.5055 0.814 0.519 0.808 0.5565 0.804 0.5675 0.808 0.576 0.8213333333333334 0.5875 0.8213333333333334 0.6055 0.8133333333333334 0.6145 0.7953333333333333 0.6225 0.792 0.637 0.7926666666666666 0.651 0.7873333333333333 0.6645 0.788 0.6785 0.7973333333333333 0.6855 0.8046666666666666 0.696 0.804 0.7115 0.7966666666666666 0.72 0.7886666666666666 0.721 0.7806666666666666 0.725 0.7793333333333333 0.7305 0.7746666666666666 0.734 0.7706666666666667 0.7585 0.7666666666666667 0.7655 0.768 0.7725 0.7653333333333333 0.774 0.7626666666666667 0.7725 0.7633333333333333 0.7685 0.758 0.758 0.7566666666666667 0.7655 0.7533333333333333 0.768 0.7553333333333333 0.7725 0.7513333333333333 0.776 0.7453333333333333 0.7735 0.744 0.7685 0.748 0.7695 0.7486666666666667 0.768 0.7446666666666667 0.762 0.744 0.754 0.7406666666666667 0.7515 0.7426666666666667 0.748 0.7353333333333333 0.7465 0.7313333333333333 0.748 0.7313333333333333 0.7515 0.7386666666666667 0.755 0.7366666666666667 0.759 0.742 0.7655 0.7386666666666667 0.7715 0.7406666666666667 0.7795 0.7386666666666667 0.784 0.734 0.781 0.7273333333333334 0.7875 0.7206666666666667 0.7885 0.7166666666666667 0.7855 0.7106666666666667 0.787 0.6726666666666666 0.787 0.34 0.7735 0.3293333333333333 0.7715 0.2966666666666667 0.7715 0.232 0.765 0.23 0.7615 0.24 0.748 0.24133333333333334 0.7375 0.23666666666666666 0.731 0.22333333333333333 0.7225 0.20266666666666666 0.721 0.19533333333333333 0.723 0.182 0.735 0.17933333333333334 0.7335 0.178 0.7015 0.162 0.692 0.15733333333333333 0.683 0.16066666666666668 0.6795 0.15733333333333333 0.668 0.16533333333333333 0.658 0.17466666666666666 0.654 0.18 0.644 0.17533333333333334 0.6245 0.178 0.5975 0.17533333333333334 0.594 0.168 0.5925 0.158 0.5845 0.15333333333333332 0.578 0.15266666666666667 0.572 0.158 0.557 0.178 0.5435 0.176 0.5375 0.17666666666666667 0.484 0.15933333333333333 0.474 0.154 0.4675 0.152 0.4605 0.154 0.4495 0.158 0.444 0.16533333333333333 0.4355 0.17466666666666666 0.432 0.17133333333333334 0.414 0.174 0.411 0.17533333333333334 0.368 0.154 0.3525 0.15066666666666667 0.3485 0.14933333333333335 0.339 0.15066666666666667 0.3305 0.15733333333333333 0.321 0.16466666666666666 0.3165 0.17933333333333334 0.314 0.18466666666666667 0.3095
2 0.266 0.614 0.3973333333333333 0.6195 0.40066666666666667 0.6215 0.3973333333333333 0.7095 0.394 0.7185 0.38266666666666665 0.7195 0.264 0.7145 0.25733333333333336 0.712 0.25533333333333336 0.7075 0.25666666666666665 0.624 0.25866666666666666 0.616 0.2653333333333333 0.614
2 0.462 0.3905 0.5453333333333333 0.3925 0.5733333333333334 0.397 0.5746666666666667 0.405 0.568 0.461 0.5666666666666667 0.499 0.564 0.5045 0.556 0.5055 0.45666666666666667 0.5 0.43 0.5005 0.42 0.498 0.424 0.394 0.42866666666666664 0.39 0.4613333333333333 0.3905
2 0.4266666666666667 0.5085 0.5186666666666667 0.5115 0.5626666666666666 0.5155 0.564 0.5215 0.556 0.609 0.5533333333333333 0.6165 0.5473333333333333 0.6185 0.414 0.6125 0.412 0.6095 0.412 0.5915 0.4166666666666667 0.517 0.4186666666666667 0.5105 0.426 0.5085
2 0.454 0.622 0.54 0.6255 0.5533333333333333 0.6275 0.5466666666666666 0.7145 0.544 0.724 0.5406666666666666 0.726 0.44533333333333336 0.723 0.4073333333333333 0.7195 0.4053333333333333 0.702 0.41133333333333333 0.6235 0.41733333333333333 0.6205 0.4533333333333333 0.622
2 0.6013333333333334 0.3955 0.6953333333333334 0.3975 0.7373333333333333 0.402 0.738 0.4255 0.7286666666666667 0.4915 0.7253333333333334 0.509 0.7213333333333334 0.512 0.618 0.509 0.584 0.507 0.5766666666666667 0.505 0.586 0.402 0.5886666666666667 0.3965 0.6006666666666667 0.3955
2 0.284 0.382 0.396 0.3885 0.402 0.3875 0.41133333333333333 0.3905 0.4093333333333333 0.488 0.4086666666666667 0.495 0.4046666666666667 0.4985 0.2806666666666667 0.4955 0.2653333333333333 0.4945 0.2613333333333333 0.492 0.25933333333333336 0.4325 0.2613333333333333 0.389 0.2653333333333333 0.3825 0.2833333333333333 0.382
2 0.6046666666666667 0.628 0.658 0.6295 0.702 0.6325 0.7073333333333334 0.6345 0.7053333333333334 0.6705 0.6966666666666667 0.728 0.6953333333333334 0.731 0.6893333333333334 0.7325 0.658 0.7305 0.638 0.732 0.626 0.73 0.5566666666666666 0.727 0.5546666666666666 0.7195 0.5573333333333333 0.6815 0.564 0.6295 0.5673333333333334 0.627 0.604 0.628
2 0.30866666666666664 0.5025 0.39466666666666667 0.5065 0.406 0.509 0.402 0.609 0.3973333333333333 0.612 0.2653333333333333 0.6075 0.25933333333333336 0.604 0.25733333333333336 0.5965 0.25733333333333336 0.5415 0.26 0.505 0.264 0.502 0.308 0.5025
2 0.5926666666666667 0.5145 0.7133333333333334 0.519 0.7206666666666667 0.521 0.7226666666666667 0.536 0.7113333333333334 0.6175 0.7073333333333334 0.6245 0.6966666666666667 0.6255 0.5666666666666667 0.619 0.5653333333333334 0.6075 0.5746666666666667 0.518 0.5773333333333334 0.515 0.592 0.5145
4 0.188 0.7585 0.196 0.7605 0.208 0.7685 0.214 0.778 0.214 0.783 0.20666666666666667 0.7945 0.18733333333333332 0.8005 0.17933333333333334 0.8005 0.16866666666666666 0.797 0.15933333333333333 0.7905 0.15466666666666667 0.783 0.15466666666666667 0.774 0.16 0.7645 0.172 0.7585 0.18733333333333332 0.7585
4 0.18266666666666667 0.3145 0.20266666666666666 0.32 0.208 0.3245 0.21466666666666667 0.338 0.214 0.348 0.20733333333333334 0.358 0.19866666666666666 0.363 0.18333333333333332 0.366 0.17333333333333334 0.366 0.15733333333333333 0.3595 0.148 0.3485 0.146 0.3415 0.14733333333333334 0.3305 0.154 0.3215 0.16466666666666666 0.3155 0.182 0.3145
4 0.18666666666666668 0.657 0.206 0.6645 0.21133333333333335 0.672 0.21333333333333335 0.685 0.202 0.6965 0.186 0.7005 0.17533333333333334 0.7 0.16133333333333333 0.6945 0.15333333333333332 0.6855 0.152 0.68 0.15466666666666667 0.668 0.164 0.66 0.17533333333333334 0.6565 0.186 0.657
4 0.18066666666666667 0.548 0.194 0.55 0.20533333333333334 0.556 0.214 0.5725 0.21333333333333335 0.5785 0.20733333333333334 0.5875 0.2 0.592 0.186 0.5955 0.17533333333333334 0.595 0.16533333333333333 0.592 0.156 0.585 0.15066666666666667 0.576 0.15133333333333332 0.5645 0.156 0.557 0.168 0.55 0.18 0.548
4 0.182 0.434 0.19066666666666668 0.435 0.20466666666666666 0.4415 0.21333333333333335 0.452 0.21466666666666667 0.4575 0.214 0.467 0.20866666666666667 0.4745 0.19866666666666666 0.481 0.18333333333333332 0.4835 0.17533333333333334 0.4835 0.16133333333333333 0.478 0.15333333333333332 0.47 0.15 0.4615 0.15133333333333332 0.4505 0.15666666666666668 0.4425 0.17 0.435 0.18133333333333335 0.434
3 0.2653333333333333 0.3755 0.30933333333333335 0.379 0.37 0.3795 0.4646666666666667 0.3845 0.4786666666666667 0.3835 0.5113333333333333 0.3865 0.7266666666666667 0.3935 0.7426666666666667 0.395 0.7473333333333333 0.3975 0.748 0.4065 0.7393333333333333 0.4655 0.7366666666666667 0.4705 0.7353333333333333 0.5005 0.7246666666666667 0.5735 0.7213333333333334 0.583 0.7173333333333334 0.626 0.7093333333333334 0.675 0.706 0.682 0.706 0.707 0.7013333333333334 0.7335 0.6966666666666667 0.7375 0.674 0.737 0.668 0.735 0.62 0.735 0.614 0.734 0.6126666666666667 0.732 0.5986666666666667 0.7335 0.5233333333333333 0.729 0.44733333333333336 0.728 0.35333333333333333 0.722 0.2986666666666667 0.721 0.25266666666666665 0.7165 0.25066666666666665 0.643 0.25466666666666665 0.4605 0.25333333333333335 0.38 0.25466666666666665 0.3765 0.26466666666666666 0.3755