0 0.44625 0.275 0.4575 0.2816666666666667 0.46375 0.29833333333333334 0.4625 0.31666666666666665 0.45375 0.33 0.44625 0.3333333333333333 0.43375 0.33166666666666667 0.42875 0.3283333333333333 0.4225 0.32 0.41875 0.305 0.42 0.29333333333333333 0.42625 0.2816666666666667 0.43625 0.275 0.445 0.275
0 0.35125 0.44333333333333336 0.36 0.4483333333333333 0.36875 0.465 0.36875 0.47833333333333333 0.36625 0.48833333333333334 0.35375 0.5016666666666667 0.34375 0.5016666666666667 0.33375 0.49666666666666665 0.3275 0.4866666666666667 0.325 0.47 0.3275 0.4583333333333333 0.335 0.4483333333333333 0.33875 0.445 0.35 0.44333333333333336
0 0.2425 0.30333333333333334 0.24875 0.30666666666666664 0.2575 0.31666666666666665 0.26 0.33 0.26 0.34 0.2575 0.34833333333333333 0.25125 0.3566666666666667 0.24375 0.36 0.22875 0.36 0.2225 0.3566666666666667 0.215 0.3383333333333333 0.215 0.3233333333333333 0.2175 0.315 0.22625 0.305 0.24125 0.30333333333333334
0 0.24375 0.165 0.25375 0.17666666666666667 0.25625 0.185 0.25625 0.19666666666666666 0.24875 0.215 0.235 0.22 0.22375 0.21833333333333332 0.215 0.20833333333333334 0.21125 0.19666666666666666 0.21125 0.18166666666666667 0.21625 0.17 0.2225 0.16333333333333333 0.2375 0.16166666666666665 0.2425 0.165
0 0.25125 0.44333333333333336 0.2575 0.44666666666666666 0.265 0.4583333333333333 0.2675 0.4683333333333333 0.2675 0.4816666666666667 0.26375 0.49166666666666664 0.2575 0.5 0.2475 0.505 0.23625 0.5016666666666667 0.225 0.49166666666666664 0.22125 0.48 0.22125 0.4633333333333333 0.23 0.4483333333333333 0.23875 0.44333333333333336 0.25 0.44333333333333336
1 0.66 0.14666666666666667 0.66875 0.155 0.675 0.17166666666666666 0.6725 0.18666666666666668 0.66375 0.20166666666666666 0.66375 0.205 0.66875 0.245 0.6675 0.2816666666666667 0.67625 0.295 0.68 0.305 0.68 0.32166666666666666 0.67 0.34 0.6725 0.345 0.67375 0.3616666666666667 0.67375 0.42 0.6825 0.43333333333333335 0.68625 0.44666666666666666 0.685 0.4583333333333333 0.67625 0.475 0.67625 0.47833333333333333 0.68 0.53 0.68125 0.625 0.68375 0.6416666666666667 0.6875 0.745 0.6825 0.75 0.67375 0.7516666666666667 0.5375 0.76 0.475 0.7666666666666667 0.445 0.7666666666666667 0.42875 0.77 0.3175 0.7766666666666666 0.29875 0.78 0.2725 0.78 0.2525 0.7833333333333333 0.24 0.7816666666666666 0.23625 0.7666666666666667 0.235 0.7 0.23125 0.6483333333333333 0.23125 0.5983333333333334 0.22625 0.5 0.2275 0.49833333333333335 0.22125 0.48 0.22125 0.4633333333333333 0.225 0.4533333333333333 0.2225 0.37166666666666665 0.22125 0.35833333333333334 0.215 0.3333333333333333 0.21625 0.31833333333333336 0.22 0.30666666666666664 0.22 0.295 0.21625 0.24666666666666667 0.21625 0.21166666666666667 0.2125 0.2 0.21125 0.18666666666666668 0.21875 0.16833333333333333 0.22625 0.16333333333333333 0.2375 0.16333333333333333 0.25375 0.17666666666666667 0.26 0.17833333333333334 0.3025 0.175 0.30875 0.17666666666666667 0.43375 0.17 0.47625 0.17 0.54375 0.165 0.585 0.165 0.6325 0.16166666666666665 0.64375 0.14833333333333334 0.65875 0.14666666666666667
2 0.56125 0.315 0.1075 0.14
2 0.435 0.5466666666666666 0.43875 0.5483333333333333 0.44875 0.545 0.455 0.5466666666666666 0.48625 0.5433333333333333 0.50875 0.545 0.51375 0.62 0.51375 0.6783333333333333 0.50875 0.6816666666666666 0.46625 0.6833333333333333 0.42625 0.6883333333333334 0.415 0.6883333333333334 0.4125 0.685 0.41 0.6733333333333333 0.40625 0.5566666666666666 0.41 0.55 0.41375 0.5483333333333333 0.43375 0.5483333333333333
2 0.5 0.39666666666666667 0.50375 0.40166666666666667 0.505 0.41833333333333333 0.50875 0.53 0.49875 0.5333333333333333 0.44125 0.535 0.41875 0.5383333333333333 0.4075 0.5366666666666666 0.405 0.5316666666666666 0.40125 0.405 0.40375 0.40166666666666667 0.41125 0.4 0.45625 0.4 0.475 0.39666666666666667 0.49875 0.39666666666666667
2 0.385 0.255 0.38875 0.285 0.39125 0.3883333333333333 0.375 0.39166666666666666 0.305 0.39666666666666667 0.28875 0.39666666666666667 0.28625 0.3883333333333333 0.28125 0.31833333333333336 0.28125 0.26 0.2925 0.25666666666666665 0.3175 0.255 0.38375 0.255
2 0.61125 0.39 0.615 0.4083333333333333 0.61625 0.4483333333333333 0.61875 0.4633333333333333 0.6175 0.525 0.54375 0.53 0.5175 0.5283333333333333 0.5125 0.43666666666666665 0.51375 0.3983333333333333 0.51625 0.395 0.61 0.39
2 0.3925 0.55 0.39625 0.5516666666666666 0.39875 0.5566666666666666 0.39875 0.61 0.4025 0.685 0.4 0.6883333333333334 0.39 0.69 0.30625 0.6966666666666667 0.2975 0.6933333333333334 0.2925 0.5666666666666667 0.29375 0.5566666666666666 0.39125 0.55
2 0.61875 0.5366666666666666 0.62125 0.5466666666666666 0.625 0.6716666666666666 0.6175 0.675 0.58625 0.675 0.58 0.6783333333333333 0.53125 0.68 0.52625 0.68 0.5225 0.6733333333333333 0.51875 0.6066666666666667 0.51875 0.545 0.5225 0.5416666666666666 0.5375 0.54 0.6175 0.5366666666666666
2 0.49375 0.25 0.4975 0.25333333333333335 0.49875 0.26166666666666666 0.5025 0.38333333333333336 0.40625 0.39 0.40375 0.39 0.4 0.38333333333333336 0.395 0.27 0.39625 0.25666666666666665 0.4 0.25333333333333335 0.4125 0.25166666666666665 0.4925 0.25
2 0.39125 0.4033333333333333 0.39375 0.4216666666666667 0.3975 0.535 0.39 0.54 0.31625 0.545 0.29375 0.545 0.29125 0.54 0.29 0.4766666666666667 0.2875 0.465 0.28875 0.4083333333333333 0.33125 0.4033333333333333 0.39 0.4033333333333333
4 0.65875 0.145 0.66375 0.14666666666666667 0.67 0.15333333333333332 0.67625 0.17333333333333334 0.675 0.18333333333333332 0.67 0.195 0.65875 0.20333333333333334 0.6525 0.20333333333333334 0.64 0.19666666666666666 0.635 0.19 0.6325 0.17833333333333334 0.6325 0.16333333333333333 0.635 0.15666666666666668 0.64375 0.14666666666666667 0.6575 0.145
4 0.66875 0.285 0.68 0.3 0.68125 0.32166666666666666 0.675 0.335 0.6625 0.3416666666666667 0.65375 0.3416666666666667 0.6425 0.33 0.64 0.32166666666666666 0.64 0.3 0.6475 0.28833333333333333 0.6525 0.285 0.6675 0.285
4 0.58875 0.61 0.6 0.6183333333333333 0.60375 0.6283333333333333 0.605 0.6433333333333333 0.60125 0.655 0.595 0.6633333333333333 0.58625 0.6683333333333333 0.575 0.6666666666666666 0.56625 0.6583333333333333 0.5625 0.6483333333333333 0.56125 0.6333333333333333 0.5625 0.6266666666666667 0.56875 0.615 0.58 0.6083333333333333 0.5875 0.61
4 0.66625 0.42 0.6775 0.425 0.685 0.43666666666666665 0.6875 0.44666666666666666 0.68375 0.465 0.67625 0.475 0.67 0.47833333333333333 0.655 0.4766666666666667 0.64875 0.47 0.64375 0.4583333333333333 0.64375 0.44 0.6475 0.43 0.65375 0.42333333333333334 0.665 0.42
3 0.28625 0.46166666666666667 0.2825 0.44666666666666666 0.28125 0.42833333333333334 0.28125 0.39666666666666667 0.2775 0.3466666666666667 0.2775 0.2966666666666667 0.275 0.27 0.27625 0.25 0.6075 0.235 0.6125 0.23666666666666666 0.615 0.26 0.61625 0.335 0.61875 0.35333333333333333 0.62125 0.43333333333333335 0.62375 0.4483333333333333 0.6225 0.4633333333333333 0.625 0.545 0.63 0.6366666666666667 0.62875 0.68 0.61625 0.68 0.605 0.6833333333333333 0.525 0.6866666666666666 0.505 0.69 0.295 0.7033333333333334 0.2925 0.7 0.29125 0.6866666666666666 0.28375 0.4766666666666667 0.28875 0.475 0.28875 0.49166666666666664 0.29125 0.5033333333333333 0.29125 0.5383333333333333 0.2925 0.5433333333333333 0.29625 0.5466666666666666 0.39 0.5416666666666666 0.395 0.54 0.39875 0.535 0.39875 0.52 0.395 0.4766666666666667 0.39625 0.46166666666666667 0.39375 0.4116666666666667 0.39125 0.40166666666666667 0.36875 0.4 0.29 0.4066666666666667 0.2875 0.41 0.28875 0.455 0.28625 0.46