0 0.545 0.27 0.55375 0.2866666666666667 0.55375 0.30833333333333335 0.54625 0.3233333333333333 0.53625 0.33 0.525 0.33 0.51875 0.32666666666666666 0.51 0.315 0.505 0.3 0.505 0.2916666666666667 0.5075 0.2816666666666667 0.52125 0.26666666666666666 0.5325 0.265 0.54375 0.27
0 0.6775 0.45166666666666666 0.68625 0.465 0.68625 0.49 0.67625 0.5066666666666667 0.66875 0.51 0.655 0.5083333333333333 0.6475 0.5033333333333333 0.6425 0.495 0.64 0.4766666666666667 0.645 0.4583333333333333 0.65 0.45166666666666666 0.66375 0.44666666666666666 0.67375 0.4483333333333333 0.67625 0.45166666666666666
1 0.28125 0.16 0.2875 0.15666666666666668 0.3375 0.15333333333333332 0.54 0.14666666666666667 0.5925 0.14166666666666666 0.66875 0.14 0.715 0.135 0.77 0.13666666666666666 0.77375 0.17833333333333334 0.77375 0.31666666666666665 0.7775 0.36666666666666664 0.77625 0.37333333333333335 0.78 0.5133333333333333 0.77875 0.5516666666666666 0.78125 0.5766666666666667 0.78 0.62 0.7825 0.67 0.78125 0.6916666666666667 0.78375 0.725 0.78375 0.7816666666666666 0.78125 0.7866666666666666 0.7775 0.7883333333333333 0.53 0.795 0.50375 0.7983333333333333 0.4 0.8 0.365 0.8033333333333333 0.29875 0.8033333333333333 0.29625 0.7983333333333333 0.295 0.7816666666666666 0.29375 0.655 0.29 0.5966666666666667 0.29125 0.565 0.2875 0.4683333333333333 0.28875 0.46 0.285 0.3883333333333333 0.285 0.33166666666666667 0.28125 0.27 0.28125 0.16166666666666665
2 0.46875 0.5633333333333334 0.4725 0.6466666666666666 0.47125 0.65 0.47375 0.6716666666666666 0.4725 0.7066666666666667 0.465 0.7116666666666667 0.39875 0.715 0.36375 0.715 0.36 0.7083333333333334 0.35625 0.6083333333333333 0.3575 0.5666666666666667 0.395 0.5633333333333334 0.4375 0.5633333333333334 0.45375 0.56 0.4625 0.56 0.4675 0.5633333333333334
2 0.57875 0.23333333333333334 0.5825 0.23833333333333334 0.58375 0.2783333333333333 0.58625 0.2966666666666667 0.58625 0.38 0.58125 0.38333333333333336 0.52125 0.38333333333333336 0.4925 0.38666666666666666 0.47875 0.385 0.475 0.38 0.47125 0.24333333333333335 0.47625 0.23833333333333334 0.48375 0.23666666666666666 0.5775 0.23333333333333334
2 0.57375 0.395 0.5825 0.395 0.5875 0.4 0.59125 0.5133333333333333 0.59 0.5416666666666666 0.5875 0.545 0.54 0.545 0.5075 0.5483333333333333 0.485 0.5483333333333333 0.47875 0.545 0.475 0.46166666666666667 0.475 0.4033333333333333 0.47875 0.4 0.495 0.3983333333333333 0.53875 0.3983333333333333 0.5725 0.395
2 0.651875 0.305 0.11875 0.15666666666666668
2 0.355 0.39 0.3525 0.37833333333333335 0.35 0.335 0.35 0.24666666666666667 0.36 0.24166666666666667 0.44875 0.23833333333333334 0.455 0.23833333333333334 0.46125 0.24333333333333335 0.46625 0.38333333333333336 0.4625 0.38666666666666666 0.45375 0.3883333333333333 0.3775 0.39166666666666666 0.35625 0.39
2 0.7075 0.39 0.71 0.39666666666666667 0.7125 0.43 0.7125 0.5366666666666666 0.71 0.54 0.695 0.5416666666666666 0.68875 0.54 0.64375 0.5433333333333333 0.6 0.5416666666666666 0.59875 0.48 0.59625 0.45 0.5975 0.3983333333333333 0.60625 0.3933333333333333 0.6225 0.39166666666666666 0.70625 0.39
2 0.465 0.40166666666666667 0.47 0.505 0.46875 0.5466666666666666 0.4575 0.55 0.4175 0.55 0.39375 0.5533333333333333 0.3575 0.5516666666666666 0.35375 0.505 0.355 0.4066666666666667 0.35875 0.4033333333333333 0.43375 0.4 0.46375 0.40166666666666667
2 0.5375 0.6341666666666667 0.1175 0.155
2 0.675 0.5516666666666666 0.7125 0.555 0.7175 0.67 0.71625 0.6983333333333334 0.71 0.7033333333333334 0.70625 0.7016666666666667 0.68375 0.705 0.60875 0.7066666666666667 0.605 0.705 0.60375 0.7016666666666667 0.60125 0.6633333333333333 0.60125 0.6083333333333333 0.59875 0.57 0.6 0.5616666666666666 0.60375 0.5566666666666666 0.6125 0.555 0.67375 0.5533333333333333
4 0.675 0.6333333333333333 0.685 0.6383333333333333 0.69125 0.6466666666666666 0.695 0.6583333333333333 0.695 0.6766666666666666 0.6925 0.6833333333333333 0.6875 0.6916666666666667 0.67625 0.6983333333333334 0.66625 0.6983333333333334 0.66 0.695 0.65125 0.6833333333333333 0.6475 0.67 0.6475 0.66 0.65125 0.6466666666666666 0.665 0.6333333333333333 0.67375 0.6333333333333333
3 0.71125 0.21833333333333332 0.71375 0.245 0.71375 0.31333333333333335 0.71875 0.4683333333333333 0.71875 0.5816666666666667 0.7225 0.635 0.72125 0.7083333333333334 0.69625 0.7116666666666667 0.49625 0.7166666666666667 0.4675 0.72 0.38875 0.72 0.36125 0.7233333333333334 0.355 0.72 0.3525 0.6683333333333333 0.35375 0.6483333333333333 0.35125 0.6266666666666667 0.3525 0.59 0.35 0.545 0.35125 0.52 0.3475 0.47833333333333333 0.34875 0.445 0.345 0.37166666666666665 0.3425 0.235 0.38875 0.23 0.45625 0.23 0.48625 0.22666666666666666 0.71 0.21833333333333332