0 0.0775 0.47333333333333333 0.09375 0.4866666666666667 0.09875 0.5033333333333333 0.09875 0.515 0.095 0.53 0.085 0.5433333333333333 0.075 0.5516666666666666 0.05125 0.5516666666666666 0.04375 0.5466666666666666 0.03875 0.5416666666666666 0.0325 0.5266666666666666 0.03125 0.5083333333333333 0.035 0.495 0.04625 0.47833333333333333 0.05875 0.4716666666666667 0.07625 0.47333333333333333
0 0.0725 0.27666666666666667 0.09 0.2833333333333333 0.1025 0.30333333333333334 0.1025 0.3233333333333333 0.0975 0.3383333333333333 0.09 0.35 0.07875 0.35833333333333334 0.055 0.355 0.04125 0.3383333333333333 0.0375 0.32166666666666666 0.0375 0.30833333333333335 0.0425 0.29333333333333333 0.05375 0.28 0.07125 0.27666666666666667
0 0.06375 0.8766666666666667 0.075 0.8816666666666667 0.0825 0.8933333333333333 0.0875 0.9083333333333333 0.08875 0.9233333333333333 0.08625 0.9383333333333334 0.07625 0.955 0.06375 0.9633333333333334 0.05375 0.9666666666666667 0.0375 0.9633333333333334 0.02375 0.9483333333333334 0.01875 0.93 0.01875 0.915 0.02375 0.8983333333333333 0.035 0.8833333333333333 0.045 0.8783333333333333 0.0625 0.8766666666666667
0 0.08 0.085 0.1 0.095 0.1075 0.105 0.1125 0.12 0.10875 0.14166666666666666 0.10375 0.15333333333333332 0.1 0.15833333333333333 0.0825 0.16833333333333333 0.065 0.16666666666666666 0.06 0.16333333333333333 0.05 0.15166666666666667 0.045 0.13166666666666665 0.04625 0.115 0.05 0.105 0.06125 0.09166666666666666 0.07875 0.085
0 0.07375 0.6733333333333333 0.0875 0.685 0.09375 0.705 0.09375 0.7133333333333334 0.09125 0.73 0.085 0.745 0.0775 0.7516666666666667 0.0675 0.755 0.04375 0.755 0.03875 0.7516666666666667 0.02875 0.74 0.025 0.715 0.03 0.6933333333333334 0.04 0.68 0.0475 0.675 0.0725 0.6733333333333333
1 0.09 0.09166666666666666 0.1 0.09833333333333333 0.105 0.105 0.10875 0.11666666666666667 0.11875 0.12666666666666668 0.13375 0.125 0.3325 0.13833333333333334 0.37125 0.13833333333333334 0.39 0.14166666666666666 0.42 0.14166666666666666 0.50125 0.14833333333333334 0.59875 0.15166666666666667 0.62 0.155 0.6225 0.16333333333333333 0.6325 0.14666666666666667 0.63625 0.135 0.6475 0.125 0.66125 0.12333333333333334 0.67375 0.13166666666666665 0.68125 0.14 0.68125 0.14333333333333334 0.685 0.14833333333333334 0.68625 0.17 0.6725 0.19833333333333333 0.675 0.23833333333333334 0.675 0.305 0.6725 0.31333333333333335 0.68125 0.32166666666666666 0.68625 0.33 0.68875 0.3416666666666667 0.68625 0.3616666666666667 0.675 0.38 0.67625 0.49166666666666664 0.67375 0.49833333333333335 0.6825 0.51 0.68875 0.5233333333333333 0.68875 0.54 0.6825 0.5566666666666666 0.67375 0.57 0.67875 0.5733333333333334 0.6775 0.69 0.685 0.7016666666666667 0.6925 0.7233333333333334 0.68875 0.745 0.67625 0.7633333333333333 0.68 0.7683333333333333 0.68125 0.8583333333333333 0.68125 0.9533333333333334 0.67875 0.9566666666666667 0.46 0.9533333333333334 0.385 0.955 0.29375 0.9516666666666667 0.24375 0.9533333333333334 0.17 0.95 0.11 0.9516666666666667 0.08 0.9483333333333334 0.0575 0.9633333333333334 0.04375 0.9633333333333334 0.0375 0.96 0.02875 0.9516666666666667 0.02125 0.935 0.02125 0.91 0.025 0.9 0.035 0.885 0.04625 0.8766666666666667 0.045 0.8516666666666667 0.0475 0.83 0.04875 0.7566666666666667 0.03625 0.745 0.02875 0.7333333333333333 0.0275 0.7116666666666667 0.0325 0.6933333333333334 0.05125 0.6716666666666666 0.05125 0.63 0.055 0.5533333333333333 0.03875 0.5366666666666666 0.035 0.5266666666666666 0.03375 0.5083333333333333 0.03625 0.49666666666666665 0.0475 0.48 0.05375 0.475 0.0575 0.465 0.06125 0.37833333333333335 0.06125 0.35833333333333334 0.0425 0.33666666666666667 0.03875 0.31333333333333335 0.045 0.29333333333333333 0.05125 0.285 0.06375 0.275 0.065 0.2633333333333333 0.0675 0.17166666666666666 0.05375 0.15333333333333332 0.05 0.145 0.0475 0.12166666666666667 0.0525 0.10666666666666667 0.06375 0.09333333333333334 0.075 0.08833333333333333 0.08875 0.09166666666666666
2 0.49875 0.25 0.58125 0.25333333333333335 0.59125 0.255 0.595 0.26 0.59625 0.4033333333333333 0.595 0.42833333333333334 0.59125 0.435 0.5875 0.43666666666666665 0.50125 0.43333333333333335 0.48125 0.43 0.45875 0.43 0.455 0.4266666666666667 0.45375 0.29 0.45625 0.25333333333333335 0.46125 0.25 0.4975 0.25
2 0.50125 0.6433333333333333 0.57375 0.6466666666666666 0.595 0.65 0.5975 0.69 0.5975 0.835 0.59 0.8416666666666667 0.49 0.84 0.45625 0.8383333333333334 0.45375 0.835 0.45125 0.8283333333333334 0.45 0.7933333333333333 0.45125 0.655 0.45625 0.645 0.5 0.6433333333333333
2 0.42875 0.6416666666666667 0.43875 0.6433333333333333 0.4425 0.6483333333333333 0.4425 0.8316666666666667 0.43875 0.8366666666666667 0.41375 0.8383333333333334 0.30625 0.8366666666666667 0.29625 0.8333333333333334 0.29375 0.83 0.29625 0.7133333333333334 0.295 0.6666666666666666 0.2975 0.6466666666666666 0.30125 0.6416666666666667 0.4275 0.6416666666666667
2 0.16375 0.23166666666666666 0.21625 0.23666666666666666 0.2275 0.235 0.27875 0.23833333333333334 0.29 0.24 0.29375 0.24333333333333335 0.295 0.34833333333333333 0.2925 0.37166666666666665 0.2925 0.4166666666666667 0.28875 0.42333333333333334 0.1625 0.42 0.15 0.41833333333333333 0.145 0.41333333333333333 0.14375 0.395 0.14625 0.37666666666666665 0.145 0.3416666666666667 0.14875 0.24333333333333335 0.15375 0.23333333333333334 0.1625 0.23166666666666666
2 0.50875 0.445 0.5775 0.4483333333333333 0.58625 0.44666666666666666 0.5925 0.4483333333333333 0.595 0.45166666666666666 0.5975 0.5283333333333333 0.59625 0.6283333333333333 0.59375 0.6333333333333333 0.58875 0.6366666666666667 0.5275 0.635 0.51125 0.6316666666666667 0.46625 0.6333333333333333 0.45875 0.6316666666666667 0.4525 0.6266666666666667 0.45125 0.5866666666666667 0.45375 0.5733333333333334 0.45125 0.5583333333333333 0.45125 0.49833333333333335 0.45375 0.45 0.455 0.44666666666666666 0.46125 0.445 0.5075 0.445
2 0.16375 0.43166666666666664 0.28125 0.43666666666666665 0.29125 0.44166666666666665 0.29125 0.535 0.28875 0.5733333333333334 0.28875 0.6216666666666667 0.28125 0.6266666666666667 0.23 0.6266666666666667 0.14125 0.6216666666666667 0.14 0.5516666666666666 0.14375 0.48 0.14375 0.43833333333333335 0.14625 0.43333333333333335 0.15125 0.43166666666666664 0.1625 0.43333333333333335
2 0.2825 0.64 0.2875 0.6433333333333333 0.28875 0.685 0.285 0.8283333333333334 0.2825 0.8333333333333334 0.27875 0.835 0.23 0.8366666666666667 0.14625 0.835 0.13625 0.83 0.13625 0.6933333333333334 0.13875 0.685 0.14 0.64 0.14375 0.6366666666666667 0.28125 0.64
2 0.405 0.245 0.44 0.24833333333333332 0.445 0.25333333333333335 0.44625 0.30666666666666664 0.44375 0.345 0.44375 0.42 0.4425 0.4266666666666667 0.4375 0.43 0.32125 0.4266666666666667 0.30625 0.425 0.3 0.4166666666666667 0.3025 0.36666666666666664 0.30125 0.32 0.305 0.24666666666666667 0.3125 0.24166666666666667 0.40375 0.245
2 0.37125 0.44 0.42625 0.44166666666666665 0.44375 0.44666666666666666 0.44375 0.6183333333333333 0.4425 0.6266666666666667 0.435 0.6316666666666667 0.3975 0.6283333333333333 0.30375 0.6266666666666667 0.2975 0.6216666666666667 0.2975 0.5366666666666666 0.3 0.5183333333333333 0.29875 0.48 0.30125 0.44333333333333336 0.30625 0.44 0.37 0.44
4 0.6575 0.12 0.6725 0.12666666666666668 0.685 0.14166666666666666 0.68875 0.155 0.68875 0.17 0.685 0.18166666666666667 0.6725 0.195 0.65625 0.19833333333333333 0.645 0.19333333333333333 0.63375 0.17833333333333334 0.62875 0.155 0.6325 0.13833333333333334 0.64125 0.12666666666666668 0.64875 0.12166666666666667 0.65625 0.12166666666666667
4 0.6575 0.30666666666666664 0.67375 0.31333333333333335 0.6825 0.32 0.6875 0.3283333333333333 0.69 0.3383333333333333 0.69 0.35333333333333333 0.6825 0.37333333333333335 0.67125 0.38333333333333336 0.6525 0.38333333333333336 0.6425 0.37666666666666665 0.6325 0.35833333333333334 0.63 0.35 0.63 0.3333333333333333 0.6325 0.3233333333333333 0.645 0.31 0.65625 0.30833333333333335
4 0.66625 0.495 0.67875 0.5016666666666667 0.685 0.51 0.69125 0.5266666666666666 0.69 0.5416666666666666 0.685 0.5566666666666666 0.67875 0.565 0.66875 0.5716666666666667 0.6525 0.5716666666666667 0.64625 0.5683333333333334 0.635 0.555 0.63 0.5383333333333333 0.63125 0.5166666666666667 0.63875 0.5016666666666667 0.6475 0.495 0.665 0.495
4 0.6675 0.685 0.68125 0.6933333333333334 0.68625 0.7 0.6925 0.715 0.69375 0.7333333333333333 0.6925 0.7416666666666667 0.68625 0.755 0.67625 0.7633333333333333 0.66375 0.7666666666666667 0.65 0.7633333333333333 0.64 0.755 0.6325 0.7316666666666667 0.6325 0.7133333333333334 0.64 0.695 0.645 0.69 0.655 0.685 0.66625 0.685
3 0.15875 0.22166666666666668 0.21 0.22666666666666666 0.24875 0.22666666666666666 0.33 0.23333333333333334 0.3675 0.23333333333333334 0.38625 0.23666666666666666 0.425 0.23666666666666666 0.4775 0.24166666666666667 0.55875 0.24333333333333335 0.59875 0.24666666666666667 0.60125 0.2683333333333333 0.60125 0.36666666666666664 0.59875 0.45166666666666666 0.60125 0.4633333333333333 0.60125 0.5216666666666666 0.59875 0.525 0.59875 0.5433333333333333 0.60125 0.5466666666666666 0.6025 0.555 0.6025 0.5766666666666667 0.6 0.59 0.6025 0.61 0.6 0.655 0.6025 0.6966666666666667 0.60375 0.8166666666666667 0.6025 0.8416666666666667 0.60125 0.8466666666666667 0.59875 0.8483333333333334 0.45125 0.8466666666666667 0.43875 0.8433333333333334 0.39375 0.8466666666666667 0.29375 0.8416666666666667 0.14375 0.8416666666666667 0.1325 0.8383333333333334 0.13 0.835 0.13 0.81 0.1325 0.7866666666666666 0.13125 0.7683333333333333 0.13375 0.7583333333333333 0.13375 0.7333333333333333 0.13125 0.725 0.13125 0.685 0.13375 0.6816666666666666 0.13375 0.6583333333333333 0.13625 0.65 0.13625 0.635 0.13375 0.6283333333333333 0.13375 0.6016666666666667 0.1375 0.5566666666666666 0.135 0.55 0.135 0.5083333333333333 0.1375 0.49333333333333335 0.1375 0.445 0.14 0.43166666666666664 0.13875 0.335 0.1425 0.295 0.1425 0.24666666666666667 0.14375 0.22666666666666666 0.14875 0.22166666666666668 0.1575 0.22166666666666668