0 0.5186666666666667 0.326 0.5306666666666666 0.3315 0.5366666666666666 0.3455 0.5306666666666666 0.357 0.5153333333333333 0.364 0.5006666666666667 0.3635 0.49066666666666664 0.3575 0.486 0.349 0.486 0.3405 0.49 0.3335 0.498 0.328 0.5073333333333333 0.3255 0.518 0.326
0 0.516 0.4155 0.5246666666666666 0.419 0.532 0.425 0.534 0.4375 0.5293333333333333 0.4465 0.5233333333333333 0.4505 0.5126666666666667 0.4535 0.49733333333333335 0.452 0.49 0.4475 0.48533333333333334 0.4405 0.4846666666666667 0.4305 0.48733333333333334 0.4245 0.49533333333333335 0.418 0.5086666666666667 0.415 0.5153333333333333 0.4155
0 0.5113333333333333 0.6935 0.5266666666666666 0.701 0.5326666666666666 0.7125 0.5313333333333333 0.72 0.5266666666666666 0.727 0.512 0.734 0.5013333333333333 0.734 0.49333333333333335 0.731 0.484 0.7235 0.4806666666666667 0.7165 0.48133333333333334 0.707 0.48533333333333334 0.7 0.498 0.693 0.5106666666666667 0.6935
0 0.512 0.5965 0.526 0.6025 0.5333333333333333 0.615 0.5333333333333333 0.625 0.53 0.63 0.5253333333333333 0.6335 0.5133333333333333 0.637 0.5026666666666667 0.637 0.49333333333333335 0.634 0.48733333333333334 0.63 0.4826666666666667 0.62 0.484 0.6095 0.48933333333333334 0.603 0.498 0.5985 0.5113333333333333 0.5965
0 0.5146666666666667 0.5065 0.522 0.5085 0.5293333333333333 0.514 0.5333333333333333 0.5195 0.534 0.5275 0.526 0.5405 0.522 0.543 0.512 0.5445 0.49866666666666665 0.5435 0.49 0.539 0.4846666666666667 0.532 0.484 0.522 0.48733333333333334 0.515 0.49533333333333335 0.5085 0.514 0.5065
1 0.5013333333333333 0.328 0.522 0.328 0.536 0.34 0.5406666666666666 0.337 0.5533333333333333 0.338 0.556 0.344 0.5546666666666666 0.6455 0.5513333333333333 0.7165 0.5473333333333333 0.7225 0.5346666666666666 0.7235 0.5293333333333333 0.721 0.5186666666666667 0.7305 0.5013333333333333 0.7315 0.49066666666666664 0.7275 0.482 0.72 0.4653333333333333 0.721 0.3873333333333333 0.716 0.26866666666666666 0.713 0.23133333333333334 0.709 0.17133333333333334 0.708 0.11733333333333333 0.7035 0.11533333333333333 0.703 0.116 0.6995 0.12933333333333333 0.693 0.134 0.686 0.134 0.677 0.13066666666666665 0.6715 0.124 0.666 0.11533333333333333 0.664 0.10666666666666667 0.6645 0.09466666666666666 0.6685 0.09 0.6675 0.09 0.643 0.09333333333333334 0.6255 0.08466666666666667 0.623 0.06466666666666666 0.623 0.056666666666666664 0.6165 0.054 0.608 0.056666666666666664 0.598 0.06 0.595 0.06933333333333333 0.595 0.074 0.5915 0.084 0.5905 0.09266666666666666 0.5865 0.09466666666666666 0.5415 0.07333333333333333 0.5405 0.07066666666666667 0.5395 0.072 0.533 0.07 0.533 0.06933333333333333 0.537 0.064 0.537 0.059333333333333335 0.53 0.06066666666666667 0.5185 0.06666666666666667 0.512 0.07533333333333334 0.5085 0.088 0.5075 0.09133333333333334 0.505 0.09133333333333334 0.4965 0.09533333333333334 0.5025 0.09933333333333333 0.495 0.1 0.4625 0.07 0.456 0.06266666666666666 0.446 0.064 0.4385 0.074 0.428 0.09466666666666666 0.425 0.09466666666666666 0.4195 0.09933333333333333 0.4185 0.10266666666666667 0.4075 0.10333333333333333 0.382 0.09133333333333334 0.38 0.08133333333333333 0.3735 0.08133333333333333 0.3695 0.08466666666666667 0.371 0.08666666666666667 0.369 0.08733333333333333 0.363 0.08066666666666666 0.359 0.078 0.3635 0.074 0.3625 0.07066666666666667 0.365 0.072 0.3715 0.06733333333333333 0.3675 0.06733333333333333 0.358 0.07066666666666667 0.3565 0.07466666666666667 0.3625 0.08066666666666666 0.357 0.07733333333333334 0.3525 0.078 0.3485 0.09533333333333334 0.3475 0.104 0.3525 0.10466666666666667 0.3585 0.09533333333333334 0.359 0.09266666666666666 0.3625 0.096 0.366 0.092 0.3705 0.09533333333333334 0.3725 0.10133333333333333 0.3695 0.10266666666666667 0.365 0.10933333333333334 0.3635 0.106 0.359 0.10866666666666666 0.3565 0.11266666666666666 0.3585 0.126 0.353 0.14733333333333334 0.353 0.162 0.35 0.17533333333333334 0.35 0.17866666666666667 0.345 0.18466666666666667 0.3455 0.18533333333333332 0.3495 0.19333333333333333 0.35 0.218 0.349 0.22666666666666666 0.346 0.23733333333333334 0.3465 0.24133333333333334 0.342 0.24133333333333334 0.345 0.24466666666666667 0.3465 0.24666666666666667 0.345 0.24533333333333332 0.342 0.25133333333333335 0.3405 0.25533333333333336 0.346 0.2806666666666667 0.3465 0.31866666666666665 0.345 0.3313333333333333 0.3385 0.338 0.342 0.35733333333333334 0.3435 0.43133333333333335 0.3395 0.4673333333333333 0.3395 0.4806666666666667 0.3375 0.48533333333333334 0.34 0.49466666666666664 0.3315 0.5013333333333333 0.3285
2 0.446 0.389 0.484 0.3905 0.48333333333333334 0.471 0.48 0.4755 0.43666666666666665 0.4755 0.432 0.477 0.37666666666666665 0.476 0.374 0.474 0.37466666666666665 0.396 0.37666666666666665 0.393 0.382 0.392 0.44533333333333336 0.389
2 0.27666666666666667 0.5735 0.3606666666666667 0.5745 0.3626666666666667 0.5775 0.362 0.631 0.3606666666666667 0.6555 0.35733333333333334 0.6625 0.2853333333333333 0.662 0.25333333333333335 0.658 0.25666666666666665 0.5765 0.26 0.5735 0.276 0.5735
2 0.37333333333333335 0.574 0.478 0.576 0.482 0.578 0.48333333333333334 0.644 0.48133333333333334 0.6655 0.466 0.6675 0.386 0.6645 0.36933333333333335 0.662 0.37 0.578 0.37266666666666665 0.5745
2 0.466 0.482 0.4806666666666667 0.482 0.484 0.487 0.48333333333333334 0.56 0.482 0.5675 0.478 0.5695 0.37666666666666665 0.568 0.37066666666666664 0.5645 0.37333333333333335 0.4845 0.37666666666666665 0.4825 0.3933333333333333 0.482 0.4653333333333333 0.482
2 0.18733333333333332 0.4835 0.248 0.4835 0.252 0.4865 0.24933333333333332 0.564 0.24733333333333332 0.5665 0.222 0.5675 0.15666666666666668 0.5665 0.14866666666666667 0.564 0.15066666666666667 0.4875 0.154 0.4845 0.18666666666666668 0.4835
2 0.19533333333333333 0.396 0.248 0.3955 0.25266666666666665 0.3965 0.25533333333333336 0.4005 0.252 0.4755 0.24866666666666667 0.478 0.21666666666666667 0.479 0.156 0.4785 0.15266666666666667 0.4755 0.156 0.401 0.16066666666666668 0.3975 0.19466666666666665 0.396
2 0.2753333333333333 0.483 0.3626666666666667 0.483 0.36466666666666664 0.486 0.3626666666666667 0.565 0.35933333333333334 0.5675 0.352 0.568 0.27266666666666667 0.568 0.25666666666666665 0.5645 0.25933333333333336 0.4865 0.2633333333333333 0.483 0.27466666666666667 0.483
2 0.2846666666666667 0.394 0.366 0.394 0.36533333333333334 0.4735 0.362 0.4765 0.3393333333333333 0.4775 0.264 0.4775 0.2613333333333333 0.476 0.26266666666666666 0.3975 0.2653333333333333 0.395 0.284 0.394
2 0.17333333333333334 0.5725 0.236 0.5725 0.248 0.574 0.24933333333333332 0.577 0.246 0.6565 0.24133333333333334 0.659 0.182 0.66 0.168 0.657 0.14666666666666667 0.6565 0.14333333333333334 0.6545 0.14666666666666667 0.5745 0.15 0.572 0.17266666666666666 0.5725
4 0.09066666666666667 0.4255 0.09733333333333333 0.429 0.10066666666666667 0.443 0.09533333333333334 0.4535 0.08466666666666667 0.4595 0.06733333333333333 0.4555 0.06133333333333333 0.449 0.06066666666666667 0.4415 0.07066666666666667 0.427 0.07533333333333334 0.425 0.09 0.4255
4 0.078 0.676 0.086 0.6845 0.08866666666666667 0.6955 0.08266666666666667 0.7065 0.06733333333333333 0.711 0.06066666666666667 0.71 0.052 0.703 0.048 0.6955 0.048 0.6885 0.05 0.6835 0.058 0.677 0.06333333333333334 0.675 0.07733333333333334 0.676
4 0.084 0.5075 0.09133333333333334 0.5115 0.096 0.5185 0.096 0.5275 0.08933333333333333 0.5395 0.07933333333333334 0.5415 0.06666666666666667 0.54 0.06 0.536 0.056666666666666664 0.531 0.056 0.5225 0.059333333333333335 0.515 0.068 0.5085 0.08333333333333333 0.5075
4 0.07533333333333334 0.59 0.08133333333333333 0.5915 0.088 0.5965 0.09266666666666666 0.609 0.08666666666666667 0.6225 0.078 0.626 0.06133333333333333 0.624 0.05533333333333333 0.6195 0.052 0.613 0.05266666666666667 0.6025 0.05733333333333333 0.595 0.06733333333333333 0.5905 0.07466666666666667 0.59
4 0.092 0.345 0.102 0.35 0.10466666666666667 0.363 0.09866666666666667 0.3725 0.08466666666666667 0.3795 0.078 0.3785 0.06733333333333333 0.3725 0.064 0.3665 0.064 0.3585 0.07333333333333333 0.348 0.08266666666666667 0.345 0.09133333333333334 0.345
3 0.48933333333333334 0.3855 0.492 0.39 0.49133333333333334 0.418 0.48133333333333334 0.427 0.482 0.439 0.48933333333333334 0.4525 0.49066666666666664 0.463 0.48933333333333334 0.507 0.48133333333333334 0.5185 0.4806666666666667 0.525 0.4806666666666667 0.543 0.488 0.5465 0.4886666666666667 0.5535 0.48733333333333334 0.5995 0.4806666666666667 0.6075 0.48 0.6125 0.47533333333333333 0.599 0.4766666666666667 0.5815 0.47333333333333333 0.5785 0.47 0.582 0.4633333333333333 0.5785 0.46 0.5815 0.4686666666666667 0.588 0.4666666666666667 0.5955 0.462 0.5925 0.462 0.588 0.456 0.5845 0.448 0.5875 0.446 0.593 0.44266666666666665 0.593 0.44133333333333336 0.589 0.43533333333333335 0.586 0.428 0.5865 0.4266666666666667 0.584 0.42866666666666664 0.582 0.432 0.5845 0.43666666666666665 0.5815 0.43533333333333335 0.578 0.432 0.577 0.42 0.5775 0.418 0.581 0.4106666666666667 0.58 0.4086666666666667 0.5855 0.404 0.584 0.3973333333333333 0.59 0.394 0.587 0.39266666666666666 0.5885 0.39266666666666666 0.5925 0.398 0.5935 0.40066666666666667 0.5975 0.404 0.5975 0.406 0.602 0.404 0.6195 0.408 0.661 0.4126666666666667 0.661 0.4126666666666667 0.6575 0.418 0.6515 0.422 0.659 0.43533333333333335 0.6545 0.44066666666666665 0.6565 0.446 0.6525 0.448 0.654 0.44666666666666666 0.6615 0.46066666666666667 0.662 0.46266666666666667 0.6605 0.458 0.6575 0.46066666666666667 0.6555 0.464 0.659 0.4666666666666667 0.6415 0.4666666666666667 0.6525 0.472 0.658 0.4706666666666667 0.661 0.4746666666666667 0.662 0.47733333333333333 0.6475 0.47733333333333333 0.618 0.4806666666666667 0.6285 0.484 0.6305 0.4866666666666667 0.637 0.488 0.648 0.4866666666666667 0.668 0.4846666666666667 0.67 0.434 0.6695 0.39066666666666666 0.666 0.292 0.665 0.2793333333333333 0.6625 0.21466666666666667 0.663 0.18266666666666667 0.6595 0.17533333333333334 0.661 0.144 0.6595 0.14 0.656 0.14 0.624 0.14266666666666666 0.61 0.14333333333333334 0.5575 0.14733333333333334 0.5295 0.14666666666666667 0.476 0.15 0.4475 0.15066666666666667 0.3975 0.154 0.395 0.23466666666666666 0.391 0.256 0.392 0.33866666666666667 0.3895 0.3933333333333333 0.386 0.4886666666666667 0.3855