1 0.51875 0.2125 0.521875 0.21666666666666667 0.6 0.21666666666666667 0.603125 0.22083333333333333 0.60625 0.22083333333333333 0.609375 0.21666666666666667 0.6125 0.22083333333333333 0.640625 0.22083333333333333 0.640625 0.3125 0.64375 0.31666666666666665 0.64375 0.325 0.646875 0.32916666666666666 0.646875 0.3375 0.65 0.3416666666666667 0.65 0.3458333333333333 0.646875 0.35 0.646875 0.3625 0.64375 0.36666666666666664 0.64375 0.43333333333333335 0.646875 0.4375 0.646875 0.45416666666666666 0.65 0.4583333333333333 0.65 0.48333333333333334 0.646875 0.4875 0.646875 0.575 0.65625 0.5958333333333333 0.65625 0.6083333333333333 0.65 0.6208333333333333 0.65 0.6666666666666666 0.653125 0.6708333333333333 0.65 0.675 0.65 0.6958333333333333 0.653125 0.7 0.653125 0.7083333333333334 0.65 0.7125 0.653125 0.7166666666666667 0.653125 0.7625 0.65 0.7666666666666667 0.6125 0.7666666666666667 0.609375 0.7708333333333334 0.578125 0.7708333333333334 0.575 0.7666666666666667 0.54375 0.7666666666666667 0.540625 0.7708333333333334 0.5375 0.7708333333333334 0.534375 0.7666666666666667 0.53125 0.7666666666666667 0.528125 0.7708333333333334 0.525 0.7666666666666667 0.521875 0.7708333333333334 0.51875 0.7708333333333334 0.515625 0.7666666666666667 0.3875 0.7666666666666667 0.384375 0.7708333333333334 0.328125 0.7708333333333334 0.325 0.7666666666666667 0.265625 0.7666666666666667 0.2625 0.7708333333333334 0.259375 0.7708333333333334 0.25625 0.7666666666666667 0.253125 0.7666666666666667 0.25 0.7708333333333334 0.246875 0.7666666666666667 0.20625 0.7666666666666667 0.20625 0.7541666666666667 0.203125 0.75 0.203125 0.7416666666666667 0.2 0.7375 0.2 0.7333333333333333 0.203125 0.7291666666666666 0.203125 0.7166666666666667 0.20625 0.7125 0.20625 0.6708333333333333 0.209375 0.6666666666666666 0.209375 0.6083333333333333 0.20625 0.6041666666666666 0.20625 0.5791666666666667 0.2125 0.5666666666666667 0.2125 0.5208333333333334 0.215625 0.5166666666666667 0.215625 0.5083333333333333 0.2125 0.5041666666666667 0.215625 0.5 0.215625 0.4666666666666667 0.2125 0.4625 0.2125 0.4375 0.21875 0.425 0.21875 0.35 0.221875 0.3458333333333333 0.21875 0.3416666666666667 0.21875 0.3333333333333333 0.215625 0.32916666666666666 0.21875 0.325 0.21875 0.3 0.221875 0.29583333333333334 0.221875 0.2625 0.225 0.25833333333333336 0.225 0.20416666666666666 0.228125 0.2 0.29375 0.2 0.296875 0.20416666666666666 0.359375 0.20416666666666666 0.3625 0.20833333333333334 0.4375 0.20833333333333334 0.440625 0.2125 0.515625 0.2125
2 0.54375 0.34791666666666665 0.1 0.12916666666666668
2 0.496875 0.4166666666666667 0.55 0.4166666666666667 0.553125 0.42083333333333334 0.5875 0.42083333333333334 0.5875 0.4375 0.590625 0.44166666666666665 0.590625 0.4791666666666667 0.59375 0.48333333333333334 0.59375 0.4875 0.590625 0.49166666666666664 0.590625 0.5416666666666666 0.571875 0.5416666666666666 0.56875 0.5458333333333333 0.565625 0.5416666666666666 0.496875 0.5416666666666666 0.496875 0.5375 0.49375 0.5333333333333333 0.49375 0.425 0.496875 0.42083333333333334
2 0.571875 0.5541666666666667 0.575 0.5583333333333333 0.590625 0.5583333333333333 0.590625 0.6041666666666666 0.59375 0.6083333333333333 0.590625 0.6125 0.590625 0.6583333333333333 0.59375 0.6625 0.590625 0.6666666666666666 0.590625 0.6833333333333333 0.5875 0.6875 0.55625 0.6875 0.553125 0.6833333333333333 0.496875 0.6833333333333333 0.496875 0.6791666666666667 0.49375 0.675 0.49375 0.5583333333333333 0.496875 0.5541666666666667 0.56875 0.5541666666666667
2 0.3875 0.5541666666666667 0.48125 0.5541666666666667 0.484375 0.5583333333333333 0.484375 0.6791666666666667 0.48125 0.6833333333333333 0.3875 0.6833333333333333 0.3875 0.6666666666666666 0.384375 0.6625 0.384375 0.5625 0.3875 0.5583333333333333
2 0.384375 0.4708333333333333 0.3875 0.4666666666666667 0.3875 0.4166666666666667 0.390625 0.4125 0.45 0.4125 0.453125 0.4166666666666667 0.484375 0.4166666666666667 0.484375 0.5375 0.48125 0.5416666666666666 0.434375 0.5416666666666666 0.43125 0.5375 0.428125 0.5416666666666666 0.425 0.5416666666666666 0.421875 0.5375 0.3875 0.5375 0.3875 0.49166666666666664 0.384375 0.4875 0.3875 0.475
2 0.375 0.275 0.378125 0.2791666666666667 0.38125 0.2791666666666667 0.38125 0.37916666666666665 0.378125 0.38333333333333336 0.38125 0.3875 0.378125 0.39166666666666666 0.378125 0.4 0.33125 0.4 0.328125 0.3958333333333333 0.28125 0.3958333333333333 0.28125 0.35833333333333334 0.278125 0.3541666666666667 0.278125 0.3458333333333333 0.28125 0.3416666666666667 0.28125 0.3375 0.278125 0.3333333333333333 0.28125 0.32916666666666666 0.28125 0.29583333333333334 0.284375 0.2916666666666667 0.284375 0.2791666666666667 0.2875 0.275 0.371875 0.275
2 0.371875 0.55 0.375 0.5541666666666667 0.375 0.6833333333333333 0.275 0.6833333333333333 0.271875 0.6791666666666667 0.271875 0.6375 0.275 0.6333333333333333 0.275 0.5541666666666667 0.278125 0.55 0.36875 0.55
2 0.390625 0.2791666666666667 0.459375 0.2791666666666667 0.4625 0.2833333333333333 0.484375 0.2833333333333333 0.484375 0.4 0.390625 0.4 0.3875 0.3958333333333333 0.3875 0.32083333333333336 0.390625 0.31666666666666665 0.390625 0.2833333333333333
2 0.378125 0.4125 0.378125 0.525 0.375 0.5291666666666667 0.375 0.5375 0.30625 0.5375 0.303125 0.5333333333333333 0.278125 0.5333333333333333 0.278125 0.525 0.275 0.5208333333333334 0.278125 0.5166666666666667 0.278125 0.5125 0.2875 0.525 0.303125 0.5291666666666667 0.315625 0.5166666666666667 0.315625 0.5125 0.321875 0.5 0.321875 0.4875 0.31875 0.48333333333333334 0.31875 0.475 0.309375 0.4625 0.28125 0.4625 0.278125 0.4666666666666667 0.278125 0.45416666666666666 0.28125 0.45 0.28125 0.44583333333333336 0.278125 0.44166666666666665 0.278125 0.425 0.28125 0.42083333333333334 0.278125 0.4166666666666667 0.278125 0.4125 0.28125 0.4083333333333333 0.346875 0.4083333333333333 0.35 0.4125 0.375 0.4125
3 0.325 0.26666666666666666 0.328125 0.2708333333333333 0.346875 0.2708333333333333 0.35 0.26666666666666666 0.353125 0.26666666666666666 0.35625 0.2708333333333333 0.415625 0.2708333333333333 0.41875 0.275 0.490625 0.275 0.49375 0.2791666666666667 0.571875 0.2791666666666667 0.575 0.2833333333333333 0.590625 0.2833333333333333 0.590625 0.3125 0.59375 0.31666666666666665 0.59375 0.44166666666666665 0.596875 0.44583333333333336 0.59375 0.45 0.596875 0.45416666666666666 0.596875 0.6916666666666667 0.26875 0.6916666666666667 0.26875 0.6875 0.265625 0.6833333333333333 0.265625 0.6375 0.26875 0.6333333333333333 0.26875 0.6125 0.265625 0.6083333333333333 0.265625 0.6041666666666666 0.26875 0.6 0.26875 0.5916666666666667 0.271875 0.5875 0.26875 0.5833333333333334 0.26875 0.525 0.271875 0.5208333333333334 0.271875 0.5041666666666667 0.275 0.5041666666666667 0.271875 0.5083333333333333 0.275 0.5125 0.275 0.5291666666666667 0.28125 0.5375 0.325 0.5375 0.328125 0.5416666666666666 0.371875 0.5416666666666666 0.378125 0.5333333333333333 0.378125 0.4791666666666667 0.38125 0.475 0.38125 0.4625 0.378125 0.4583333333333333 0.378125 0.44583333333333336 0.38125 0.44166666666666665 0.38125 0.43333333333333335 0.378125 0.42916666666666664 0.378125 0.4166666666666667 0.375 0.4125 0.36875 0.4125 0.365625 0.4083333333333333 0.2875 0.4083333333333333 0.278125 0.42083333333333334 0.278125 0.4708333333333333 0.275 0.475 0.275 0.4791666666666667 0.271875 0.4791666666666667 0.271875 0.4125 0.275 0.4083333333333333 0.275 0.36666666666666664 0.271875 0.3625 0.271875 0.35833333333333334 0.275 0.3541666666666667 0.275 0.325 0.278125 0.32083333333333336 0.278125 0.2708333333333333 0.28125 0.26666666666666666 0.321875 0.26666666666666666
4 0.64375 0.325 0.65 0.3333333333333333 0.65 0.3625 0.646875 0.36666666666666664 0.621875 0.36666666666666664 0.6125 0.35 0.6125 0.3333333333333333 0.621875 0.32083333333333336 0.6375 0.32083333333333336 0.640625 0.325
4 0.2375 0.42916666666666664 0.240625 0.43333333333333335 0.246875 0.43333333333333335 0.253125 0.44583333333333336 0.253125 0.4625 0.25 0.4666666666666667 0.25 0.4708333333333333 0.2375 0.48333333333333334 0.225 0.48333333333333334 0.21875 0.475 0.215625 0.475 0.215625 0.4708333333333333 0.2125 0.4666666666666667 0.2125 0.4375 0.215625 0.43333333333333335 0.221875 0.43333333333333335 0.225 0.42916666666666664 0.234375 0.42916666666666664
4 0.246875 0.3 0.25625 0.30833333333333335 0.25625 0.3125 0.259375 0.31666666666666665 0.259375 0.3333333333333333 0.253125 0.3458333333333333 0.25 0.3458333333333333 0.246875 0.35 0.2375 0.35 0.234375 0.3541666666666667 0.23125 0.35 0.225 0.35 0.221875 0.3458333333333333 0.215625 0.325 0.21875 0.32083333333333336 0.21875 0.3125 0.221875 0.30833333333333335 0.221875 0.30416666666666664 0.225 0.30416666666666664 0.228125 0.3 0.24375 0.3
4 0.28125 0.4708333333333333 0.284375 0.4708333333333333 0.2875 0.4666666666666667 0.309375 0.4666666666666667 0.31875 0.48333333333333334 0.31875 0.5041666666666667 0.309375 0.5166666666666667 0.30625 0.5166666666666667 0.303125 0.5208333333333334 0.290625 0.5208333333333334 0.28125 0.5125 0.28125 0.5083333333333333 0.275 0.49583333333333335 0.278125 0.49166666666666664 0.278125 0.4791666666666667 0.28125 0.475
4 0.6328125 0.47291666666666665 0.040625 0.05416666666666667
0 0.3375 0.30416666666666664 0.04375 0.058333333333333334
0 0.246875 0.7125 0.246875 0.7208333333333333 0.25 0.725 0.25 0.7458333333333333 0.246875 0.75 0.246875 0.7541666666666667 0.2375 0.7625 0.2125 0.7625 0.209375 0.7583333333333333 0.20625 0.7583333333333333 0.2 0.7458333333333333 0.2 0.725 0.203125 0.7208333333333333 0.203125 0.7166666666666667 0.2125 0.7083333333333334 0.240625 0.7083333333333334 0.24375 0.7125
0 0.209375 0.6125 0.209375 0.6083333333333333 0.20625 0.6041666666666666 0.20625 0.5791666666666667 0.21875 0.5666666666666667 0.234375 0.5666666666666667 0.2375 0.5708333333333333 0.24375 0.5708333333333333 0.25 0.5833333333333334 0.25 0.6 0.24375 0.6125 0.240625 0.6125 0.23125 0.6208333333333333 0.228125 0.6208333333333333 0.225 0.6166666666666667 0.215625 0.6166666666666667 0.2125 0.6125
0 0.646875 0.575 0.65625 0.5916666666666667 0.65625 0.6125 0.646875 0.625 0.63125 0.625 0.628125 0.6208333333333333 0.625 0.6208333333333333 0.61875 0.6083333333333333 0.61875 0.5916666666666667 0.621875 0.5875 0.621875 0.5833333333333334 0.628125 0.575 0.64375 0.575