4 0.07466666666666667 0.675 0.08533333333333333 0.6835 0.08866666666666667 0.6955 0.082 0.707 0.06733333333333333 0.711 0.06066666666666667 0.71 0.052 0.703 0.048 0.695 0.048 0.6885 0.05 0.6835 0.05733333333333333 0.6775 0.064 0.675 0.074 0.675
4 0.084 0.5075 0.09066666666666667 0.511 0.09533333333333334 0.5175 0.096 0.5275 0.08933333333333333 0.5395 0.07866666666666666 0.5415 0.06666666666666667 0.54 0.06 0.536 0.056 0.5285 0.056 0.5225 0.059333333333333335 0.515 0.068 0.5085 0.08333333333333333 0.5075
4 0.07533333333333334 0.59 0.08733333333333333 0.596 0.092 0.6035 0.09066666666666667 0.6165 0.08466666666666667 0.624 0.07733333333333334 0.626 0.06066666666666667 0.6235 0.05533333333333333 0.6195 0.052 0.613 0.05266666666666667 0.6025 0.05733333333333333 0.595 0.06733333333333333 0.5905 0.07466666666666667 0.59
4 0.09066666666666667 0.4255 0.09866666666666667 0.4315 0.1 0.4465 0.09533333333333334 0.4535 0.08333333333333333 0.4595 0.072 0.4575 0.06333333333333334 0.452 0.06066666666666667 0.4415 0.06266666666666666 0.4355 0.07133333333333333 0.4265 0.07533333333333334 0.425 0.09 0.4255
4 0.09533333333333334 0.346 0.10333333333333333 0.352 0.104 0.3655 0.092 0.377 0.08466666666666667 0.3795 0.078 0.3785 0.06733333333333333 0.3725 0.064 0.3665 0.064 0.359 0.07466666666666667 0.3475 0.08333333333333333 0.345 0.09466666666666666 0.346
0 0.5226666666666666 0.327 0.5326666666666666 0.3335 0.5366666666666666 0.3475 0.528 0.3595 0.5153333333333333 0.364 0.5006666666666667 0.3635 0.49266666666666664 0.3595 0.4866666666666667 0.3515 0.486 0.3405 0.49 0.3335 0.49733333333333335 0.328 0.5073333333333333 0.3255 0.522 0.327
0 0.512 0.506 0.522 0.5085 0.5273333333333333 0.512 0.5333333333333333 0.5195 0.534 0.524 0.53 0.5365 0.5226666666666666 0.5425 0.5166666666666667 0.544 0.49666666666666665 0.543 0.48733333333333334 0.5365 0.484 0.5295 0.4846666666666667 0.5195 0.49 0.512 0.49666666666666665 0.508 0.5113333333333333 0.506
0 0.502 0.6925 0.5126666666666667 0.694 0.5233333333333333 0.6985 0.53 0.7055 0.5326666666666666 0.713 0.5266666666666666 0.727 0.512 0.734 0.5013333333333333 0.734 0.49333333333333335 0.731 0.484 0.7235 0.4806666666666667 0.7165 0.4826666666666667 0.703 0.49066666666666664 0.696 0.5013333333333333 0.6925
0 0.5113333333333333 0.5965 0.526 0.6025 0.5333333333333333 0.6145 0.5333333333333333 0.6245 0.53 0.63 0.5253333333333333 0.6335 0.5133333333333333 0.637 0.502 0.637 0.492 0.6335 0.48533333333333334 0.6275 0.4826666666666667 0.6205 0.48333333333333334 0.6115 0.488 0.604 0.498 0.5985 0.5106666666666667 0.5965
0 0.516 0.4155 0.5233333333333333 0.418 0.532 0.425 0.534 0.4375 0.5293333333333333 0.4465 0.514 0.4535 0.5006666666666667 0.453 0.49133333333333334 0.449 0.48533333333333334 0.441 0.4846666666666667 0.4305 0.4866666666666667 0.425 0.49533333333333335 0.418 0.5086666666666667 0.415 0.5153333333333333 0.4155
1 0.524 0.3295 0.536 0.34 0.5406666666666666 0.337 0.5533333333333333 0.338 0.5566666666666666 0.345 0.554 0.446 0.5566666666666666 0.5185 0.5553333333333333 0.6245 0.5506666666666666 0.719 0.5433333333333333 0.724 0.5353333333333333 0.724 0.5286666666666666 0.7215 0.5186666666666667 0.7305 0.5113333333333333 0.732 0.496 0.7305 0.48333333333333334 0.7205 0.46266666666666667 0.721 0.3413333333333333 0.7145 0.31266666666666665 0.715 0.236 0.7095 0.17066666666666666 0.708 0.114 0.703 0.116 0.6995 0.12533333333333332 0.6965 0.13066666666666665 0.692 0.134 0.6865 0.134 0.6765 0.12733333333333333 0.668 0.122 0.665 0.11 0.664 0.094 0.6685 0.09 0.6675 0.09 0.6435 0.09333333333333334 0.625 0.086 0.623 0.06533333333333333 0.623 0.06666666666666667 0.6205 0.08466666666666667 0.622 0.09333333333333334 0.616 0.08266666666666667 0.613 0.078 0.615 0.07533333333333334 0.613 0.078 0.6085 0.08133333333333333 0.612 0.08666666666666667 0.609 0.08933333333333333 0.606 0.088 0.601 0.08133333333333333 0.599 0.078 0.6035 0.074 0.604 0.07133333333333333 0.6005 0.076 0.5955 0.07333333333333333 0.592 0.08466666666666667 0.591 0.09266666666666666 0.587 0.09333333333333334 0.549 0.09666666666666666 0.539 0.09466666666666666 0.5375 0.092 0.54 0.08466666666666667 0.541 0.07266666666666667 0.54 0.07466666666666667 0.5305 0.07066666666666667 0.53 0.06733333333333333 0.5365 0.064 0.5365 0.06 0.528 0.064 0.529 0.06733333333333333 0.526 0.06333333333333334 0.519 0.06733333333333333 0.512 0.072 0.512 0.07666666666666666 0.5085 0.09 0.507 0.092 0.505 0.09066666666666667 0.4975 0.09266666666666666 0.4975 0.09533333333333334 0.5035 0.09933333333333333 0.4955 0.10066666666666667 0.463 0.06733333333333333 0.4545 0.06333333333333334 0.448 0.064 0.439 0.06733333333333333 0.434 0.07066666666666667 0.433 0.07533333333333334 0.4365 0.074 0.4285 0.08466666666666667 0.4255 0.088 0.4275 0.09933333333333333 0.4255 0.09933333333333333 0.4235 0.09533333333333334 0.424 0.094 0.4215 0.09533333333333334 0.419 0.09933333333333333 0.4195 0.10266666666666667 0.4085 0.10333333333333333 0.38 0.10933333333333334 0.3775 0.114 0.38 0.11333333333333333 0.3845 0.116 0.388 0.126 0.3885 0.14 0.384 0.146 0.3755 0.14533333333333334 0.366 0.13733333333333334 0.3605 0.122 0.36 0.118 0.3625 0.12 0.367 0.116 0.371 0.11333333333333333 0.359 0.11933333333333333 0.3555 0.16733333333333333 0.3495 0.17533333333333334 0.35 0.17866666666666667 0.345 0.18333333333333332 0.345 0.18533333333333332 0.3495 0.21866666666666668 0.349 0.22666666666666666 0.3465 0.23733333333333334 0.3465 0.24066666666666667 0.3435 0.24466666666666667 0.3465 0.24533333333333332 0.342 0.248 0.3405 0.252 0.3405 0.25533333333333336 0.346 0.2806666666666667 0.3465 0.31733333333333336 0.345 0.3313333333333333 0.3395 0.3373333333333333 0.342 0.35733333333333334 0.3435 0.374 0.341 0.39 0.3425 0.45 0.3385 0.4673333333333333 0.3395 0.48 0.337 0.486 0.34 0.5013333333333333 0.328 0.5193333333333333 0.3275 0.5233333333333333 0.3295
2 0.48133333333333334 0.3895 0.4846666666666667 0.393 0.48533333333333334 0.421 0.4826666666666667 0.474 0.48 0.4755 0.436 0.476 0.43266666666666664 0.4775 0.41133333333333333 0.4755 0.37666666666666665 0.476 0.374 0.474 0.37533333333333335 0.3945 0.37866666666666665 0.3925 0.404 0.3905 0.4806666666666667 0.3895
2 0.31933333333333336 0.5735 0.36 0.574 0.3626666666666667 0.5775 0.3606666666666667 0.6555 0.35733333333333334 0.6625 0.2733333333333333 0.6615 0.25733333333333336 0.6595 0.25266666666666665 0.6565 0.25733333333333336 0.5745 0.31866666666666665 0.5735
2 0.372 0.5745 0.4786666666666667 0.576 0.4826666666666667 0.581 0.48333333333333334 0.604 0.48133333333333334 0.614 0.48333333333333334 0.6445 0.48 0.6665 0.466 0.6675 0.37266666666666665 0.6635 0.368 0.6595 0.37 0.578 0.372 0.575
2 0.4126666666666667 0.482 0.4806666666666667 0.482 0.4826666666666667 0.4835 0.48333333333333334 0.5605 0.482 0.5675 0.47733333333333333 0.5695 0.4033333333333333 0.569 0.372 0.5665 0.37266666666666665 0.4855 0.37666666666666665 0.4825 0.412 0.482
2 0.22066666666666668 0.4835 0.248 0.4835 0.252 0.4865 0.24933333333333332 0.564 0.24733333333333332 0.5665 0.24133333333333334 0.567 0.16733333333333333 0.5665 0.15266666666666667 0.566 0.14866666666666667 0.564 0.15066666666666667 0.487 0.15933333333333333 0.484 0.22 0.4835
2 0.22933333333333333 0.396 0.25133333333333335 0.396 0.25533333333333336 0.4005 0.25266666666666665 0.474 0.24866666666666667 0.478 0.196 0.4795 0.15333333333333332 0.4775 0.156 0.401 0.16066666666666668 0.3975 0.16733333333333333 0.397 0.22866666666666666 0.396
2 0.36333333333333334 0.393 0.36666666666666664 0.395 0.36533333333333334 0.4735 0.362 0.4765 0.31866666666666665 0.478 0.262 0.4765 0.26266666666666666 0.3975 0.2653333333333333 0.395 0.28 0.394 0.3626666666666667 0.393
2 0.17333333333333334 0.5725 0.23666666666666666 0.5725 0.24866666666666667 0.575 0.24666666666666667 0.656 0.242 0.659 0.22533333333333333 0.6595 0.18 0.6595 0.168 0.657 0.14666666666666667 0.6565 0.14333333333333334 0.6545 0.14666666666666667 0.5745 0.15 0.572 0.17266666666666666 0.5725
2 0.256 0.5605 0.25933333333333336 0.4865 0.262 0.4835 0.3626666666666667 0.483 0.36533333333333334 0.487 0.364 0.547 0.3606666666666667 0.567 0.27266666666666667 0.568 0.258 0.5655 0.25666666666666665 0.561
3 0.488 0.385 0.49133333333333334 0.3865 0.492 0.39 0.49133333333333334 0.418 0.48133333333333334 0.4275 0.48133333333333334 0.434 0.48933333333333334 0.4525 0.49066666666666664 0.489 0.48933333333333334 0.508 0.48133333333333334 0.5185 0.4806666666666667 0.525 0.48133333333333334 0.542 0.488 0.5465 0.4886666666666667 0.5535 0.48733333333333334 0.6 0.4806666666666667 0.6075 0.47933333333333333 0.6125 0.4746666666666667 0.597 0.476 0.581 0.474 0.579 0.4666666666666667 0.5845 0.4693333333333333 0.5875 0.4666666666666667 0.5985 0.4633333333333333 0.597 0.46066666666666667 0.588 0.456 0.586 0.45266666666666666 0.589 0.44866666666666666 0.588 0.446 0.5945 0.442 0.594 0.43733333333333335 0.5875 0.426 0.587 0.428 0.5805 0.43133333333333335 0.5835 0.434 0.5825 0.43333333333333335 0.5775 0.42133333333333334 0.5775 0.4186666666666667 0.585 0.41333333333333333 0.584 0.416 0.5935 0.41133333333333333 0.5945 0.4073333333333333 0.5915 0.4053333333333333 0.5935 0.4086666666666667 0.6075 0.4146666666666667 0.61 0.418 0.607 0.4186666666666667 0.6125 0.426 0.6155 0.418 0.627 0.4146666666666667 0.6225 0.41133333333333333 0.624 0.408 0.6195 0.406 0.621 0.4086666666666667 0.661 0.412 0.6615 0.4126666666666667 0.6575 0.41733333333333333 0.6545 0.416 0.6435 0.418 0.6415 0.4186666666666667 0.655 0.422 0.659 0.434 0.654 0.432 0.651 0.43466666666666665 0.647 0.436 0.654 0.44066666666666665 0.6555 0.44466666666666665 0.6505 0.44133333333333336 0.648 0.44266666666666665 0.6355 0.446 0.637 0.444 0.6405 0.446 0.647 0.45066666666666666 0.651 0.44733333333333336 0.661 0.45466666666666666 0.662 0.45666666666666667 0.6545 0.464 0.6505 0.4666666666666667 0.6335 0.468 0.6515 0.47333333333333333 0.6575 0.47733333333333333 0.6465 0.47533333333333333 0.6385 0.478 0.629 0.4746666666666667 0.6205 0.4766666666666667 0.616 0.4806666666666667 0.6285 0.484 0.63 0.4866666666666667 0.6365 0.488 0.6485 0.4846666666666667 0.67 0.434 0.6695 0.39066666666666666 0.666 0.2926666666666667 0.665 0.2826666666666667 0.6645 0.276 0.662 0.248 0.6635 0.14466666666666667 0.6595 0.14066666666666666 0.6575 0.14 0.6235 0.14266666666666666 0.61 0.14333333333333334 0.5585 0.14733333333333334 0.53 0.14666666666666667 0.477 0.15 0.4475 0.15066666666666667 0.3975 0.154 0.395 0.23333333333333334 0.391 0.25666666666666665 0.392 0.364 0.3885 0.3933333333333333 0.386 0.48733333333333334 0.385