4 0.3006666666666667 0.5655 0.306 0.5665 0.31066666666666665 0.5705 0.31533333333333335 0.5815 0.312 0.588 0.30666666666666664 0.592 0.29333333333333333 0.595 0.282 0.5905 0.2773333333333333 0.5835 0.27666666666666667 0.5775 0.2793333333333333 0.572 0.286 0.567 0.3 0.5655
4 0.312 0.3065 0.32466666666666666 0.3105 0.32866666666666666 0.3215 0.32133333333333336 0.3295 0.308 0.333 0.3 0.332 0.2906666666666667 0.321 0.29333333333333333 0.314 0.29933333333333334 0.3085 0.31133333333333335 0.3065
4 0.314 0.369 0.32466666666666666 0.376 0.326 0.384 0.322 0.3905 0.31066666666666665 0.3955 0.29733333333333334 0.3945 0.28933333333333333 0.387 0.2886666666666667 0.3795 0.2986666666666667 0.3695 0.31333333333333335 0.369
4 0.30733333333333335 0.4325 0.32066666666666666 0.439 0.322 0.4495 0.31466666666666665 0.458 0.3006666666666667 0.46 0.29333333333333333 0.4585 0.286 0.453 0.2846666666666667 0.444 0.292 0.4355 0.30666666666666664 0.4325
4 0.30466666666666664 0.4985 0.31333333333333335 0.5015 0.31866666666666665 0.5085 0.318 0.517 0.30733333333333335 0.526 0.28933333333333333 0.5245 0.2806666666666667 0.5155 0.282 0.5065 0.2906666666666667 0.4995 0.304 0.4985
0 0.6586666666666666 0.3725 0.6686666666666666 0.3775 0.672 0.387 0.668 0.396 0.6586666666666666 0.4 0.644 0.398 0.6353333333333333 0.3885 0.6353333333333333 0.3835 0.64 0.376 0.648 0.3725 0.658 0.3725
0 0.6613333333333333 0.502 0.6713333333333333 0.508 0.674 0.5185 0.6673333333333333 0.5275 0.6546666666666666 0.53 0.6473333333333333 0.5295 0.6393333333333333 0.524 0.636 0.5195 0.6353333333333333 0.512 0.6433333333333333 0.5035 0.65 0.5015 0.6606666666666666 0.502
0 0.6586666666666666 0.437 0.6693333333333333 0.4415 0.6726666666666666 0.4475 0.6726666666666666 0.454 0.6653333333333333 0.463 0.658 0.4645 0.644 0.4625 0.6366666666666667 0.453 0.6366666666666667 0.4455 0.6406666666666667 0.44 0.65 0.4365 0.658 0.437
0 0.66 0.31 0.67 0.315 0.6733333333333333 0.3215 0.6686666666666666 0.3325 0.6593333333333333 0.337 0.6433333333333333 0.334 0.6366666666666667 0.328 0.6346666666666667 0.322 0.6373333333333333 0.316 0.6433333333333333 0.3115 0.6593333333333333 0.31
0 0.6506666666666666 0.5695 0.6646666666666666 0.571 0.6706666666666666 0.575 0.6746666666666666 0.5855 0.6686666666666666 0.5945 0.6606666666666666 0.5985 0.654 0.599 0.6433333333333333 0.5955 0.6393333333333333 0.592 0.6353333333333333 0.586 0.636 0.5805 0.64 0.5745 0.65 0.57
1 0.30733333333333335 0.307 0.31933333333333336 0.309 0.3293333333333333 0.315 0.3446666666666667 0.317 0.3626666666666667 0.317 0.37 0.3145 0.384 0.316 0.39266666666666666 0.3135 0.4066666666666667 0.317 0.41733333333333333 0.315 0.43666666666666665 0.315 0.44266666666666665 0.318 0.474 0.3185 0.48733333333333334 0.315 0.49466666666666664 0.317 0.5013333333333333 0.3145 0.5106666666666667 0.318 0.5366666666666666 0.318 0.5433333333333333 0.315 0.5546666666666666 0.3185 0.5646666666666667 0.3185 0.5706666666666667 0.316 0.5906666666666667 0.319 0.6133333333333333 0.3195 0.6373333333333333 0.3165 0.65 0.3105 0.658 0.3105 0.668 0.315 0.672 0.3205 0.6673333333333333 0.372 0.6713333333333333 0.3895 0.666 0.4045 0.67 0.4285 0.6686666666666666 0.441 0.672 0.453 0.6673333333333333 0.474 0.6726666666666666 0.512 0.672 0.521 0.668 0.528 0.6686666666666666 0.5605 0.6666666666666666 0.571 0.6726666666666666 0.5825 0.6726666666666666 0.589 0.6686666666666666 0.596 0.6653333333333333 0.598 0.6406666666666667 0.6 0.352 0.597 0.324 0.5975 0.31 0.6005 0.30666666666666664 0.5975 0.2926666666666667 0.5975 0.28733333333333333 0.5955 0.2786666666666667 0.586 0.2773333333333333 0.576 0.2793333333333333 0.5695 0.2853333333333333 0.5675 0.2833333333333333 0.5605 0.2866666666666667 0.555 0.28733333333333333 0.546 0.288 0.5255 0.282 0.519 0.2813333333333333 0.5085 0.284 0.5015 0.2826666666666667 0.4905 0.286 0.487 0.284 0.477 0.2866666666666667 0.4755 0.288 0.4805 0.286 0.4845 0.29 0.4875 0.2906666666666667 0.4685 0.2853333333333333 0.4615 0.2846666666666667 0.4455 0.2866666666666667 0.435 0.292 0.432 0.2906666666666667 0.427 0.2946666666666667 0.4145 0.29333333333333333 0.4 0.2886666666666667 0.398 0.29 0.394 0.29333333333333333 0.396 0.2886666666666667 0.3865 0.2886666666666667 0.379 0.2946666666666667 0.3645 0.2946666666666667 0.359 0.292 0.356 0.2926666666666667 0.3195 0.2966666666666667 0.3125 0.30666666666666664 0.3075
2 0.5653333333333334 0.3555 0.614 0.3555 0.6173333333333333 0.3575 0.6173333333333333 0.412 0.6166666666666667 0.4175 0.6126666666666667 0.4195 0.5313333333333333 0.4175 0.5293333333333333 0.4145 0.532 0.3555 0.5646666666666667 0.3555
2 0.5326666666666666 0.4915 0.6133333333333333 0.4925 0.616 0.494 0.6166666666666667 0.558 0.5953333333333334 0.56 0.5293333333333333 0.558 0.528 0.507 0.5286666666666666 0.4945 0.532 0.492
2 0.47733333333333333 0.4905 0.52 0.4915 0.5226666666666666 0.4935 0.5226666666666666 0.548 0.5206666666666667 0.557 0.5186666666666667 0.5585 0.44333333333333336 0.558 0.434 0.555 0.43533333333333335 0.4945 0.44 0.491 0.4766666666666667 0.491
2 0.35333333333333333 0.3515 0.4086666666666667 0.3525 0.432 0.355 0.43266666666666664 0.403 0.43133333333333335 0.4145 0.42866666666666664 0.417 0.3473333333333333 0.4165 0.3453333333333333 0.415 0.3466666666666667 0.3645 0.348 0.354 0.3526666666666667 0.3515
2 0.6026666666666667 0.4235 0.6166666666666667 0.425 0.6186666666666667 0.474 0.616 0.488 0.5326666666666666 0.487 0.5286666666666666 0.485 0.5306666666666666 0.4245 0.5413333333333333 0.423 0.602 0.4235
2 0.3486666666666667 0.4195 0.43 0.422 0.42933333333333334 0.485 0.358 0.486 0.3426666666666667 0.4835 0.3433333333333333 0.4275 0.3446666666666667 0.4215 0.348 0.42
2 0.39 0.4905 0.424 0.4905 0.42933333333333334 0.4925 0.4266666666666667 0.555 0.4206666666666667 0.557 0.39 0.5585 0.36666666666666664 0.557 0.342 0.558 0.338 0.5565 0.3373333333333333 0.5535 0.342 0.491 0.3893333333333333 0.4905
2 0.48733333333333334 0.3535 0.524 0.356 0.5233333333333333 0.415 0.522 0.4175 0.5166666666666667 0.4185 0.44533333333333336 0.417 0.43866666666666665 0.4145 0.44066666666666665 0.3555 0.44266666666666665 0.354 0.4866666666666667 0.3535
2 0.44666666666666666 0.422 0.5226666666666666 0.4235 0.5233333333333333 0.4775 0.5226666666666666 0.4845 0.52 0.486 0.44533333333333336 0.486 0.43533333333333335 0.484 0.43733333333333335 0.428 0.44 0.4225 0.446 0.422
3 0.3446666666666667 0.3505 0.5713333333333334 0.352 0.6173333333333333 0.354 0.6213333333333333 0.3585 0.62 0.388 0.622 0.399 0.6213333333333333 0.5575 0.6193333333333333 0.5615 0.3406666666666667 0.5605 0.334 0.557 0.334 0.532 0.3373333333333333 0.5025 0.3426666666666667 0.356 0.3446666666666667 0.351