4 0.7393333333333333 0.436 0.7473333333333333 0.4375 0.7566666666666667 0.4425 0.762 0.451 0.758 0.467 0.7413333333333333 0.474 0.7233333333333334 0.4715 0.716 0.4655 0.7133333333333334 0.458 0.7166666666666667 0.4435 0.724 0.439 0.7386666666666667 0.436
4 0.63 0.537 0.6406666666666667 0.5455 0.6426666666666667 0.5505 0.6413333333333333 0.561 0.6313333333333333 0.5685 0.616 0.572 0.6026666666666667 0.5685 0.5973333333333334 0.564 0.594 0.5585 0.5946666666666667 0.5465 0.5973333333333334 0.5425 0.608 0.5365 0.622 0.5355 0.6293333333333333 0.537
4 0.5006666666666667 0.6255 0.512 0.6285 0.522 0.6405 0.522 0.648 0.5186666666666667 0.6545 0.5113333333333333 0.66 0.502 0.6625 0.4846666666666667 0.6605 0.47733333333333333 0.6555 0.47333333333333333 0.6485 0.47333333333333333 0.6405 0.4806666666666667 0.63 0.4886666666666667 0.626 0.5 0.6255
4 0.84 0.354 0.8506666666666667 0.3575 0.856 0.362 0.86 0.3695 0.86 0.378 0.852 0.388 0.8353333333333334 0.3925 0.8246666666666667 0.391 0.8166666666666667 0.386 0.812 0.378 0.812 0.368 0.8133333333333334 0.363 0.8206666666666667 0.3585 0.8393333333333334 0.354
0 0.484 0.4375 0.49466666666666664 0.446 0.49666666666666665 0.457 0.49133333333333334 0.4655 0.48 0.471 0.466 0.4705 0.456 0.4675 0.4493333333333333 0.4605 0.44733333333333336 0.4505 0.45266666666666666 0.4415 0.46266666666666667 0.436 0.47533333333333333 0.4355 0.48333333333333334 0.4375
0 0.6306666666666667 0.6305 0.644 0.637 0.6493333333333333 0.6445 0.65 0.651 0.6446666666666667 0.6615 0.6293333333333333 0.6685 0.616 0.6675 0.604 0.661 0.6 0.6545 0.6 0.645 0.604 0.638 0.6126666666666667 0.632 0.63 0.6305
0 0.37533333333333335 0.448 0.39066666666666666 0.455 0.39466666666666667 0.4615 0.3953333333333333 0.4705 0.39 0.479 0.382 0.484 0.37333333333333335 0.486 0.352 0.4815 0.3453333333333333 0.473 0.344 0.464 0.35133333333333333 0.4525 0.36133333333333334 0.4485 0.37466666666666665 0.448
0 0.37333333333333335 0.3605 0.38 0.3625 0.3893333333333333 0.3695 0.392 0.384 0.386 0.392 0.372 0.398 0.36133333333333334 0.398 0.35333333333333333 0.3945 0.3453333333333333 0.3875 0.3426666666666667 0.376 0.3506666666666667 0.364 0.3626666666666667 0.3605 0.37266666666666665 0.3605
0 0.7626666666666667 0.6285 0.7746666666666666 0.6365 0.7773333333333333 0.6505 0.768 0.6605 0.756 0.6645 0.7446666666666667 0.6635 0.734 0.658 0.728 0.646 0.73 0.6385 0.7373333333333333 0.631 0.7513333333333333 0.627 0.762 0.6285
1 0.8153333333333334 0.352 0.8206666666666667 0.3575 0.8346666666666667 0.355 0.8486666666666667 0.3575 0.8566666666666667 0.365 0.858 0.372 0.856 0.3835 0.852 0.388 0.8426666666666667 0.39 0.84 0.393 0.842 0.398 0.852 0.399 0.8526666666666667 0.401 0.852 0.4075 0.8486666666666667 0.405 0.846 0.4075 0.848 0.412 0.844 0.417 0.8486666666666667 0.4215 0.8446666666666667 0.4245 0.8446666666666667 0.4355 0.85 0.4325 0.852 0.4235 0.8526666666666667 0.488 0.852 0.49 0.8473333333333334 0.488 0.8453333333333334 0.4725 0.8406666666666667 0.48 0.8413333333333334 0.5065 0.8433333333333334 0.51 0.8413333333333334 0.523 0.8453333333333334 0.529 0.8506666666666667 0.5225 0.8473333333333334 0.505 0.852 0.4995 0.8526666666666667 0.5445 0.8493333333333334 0.55 0.8533333333333334 0.5535 0.852 0.5655 0.8493333333333334 0.5675 0.852 0.5685 0.852 0.575 0.8453333333333334 0.575 0.8426666666666667 0.5775 0.844 0.583 0.842 0.588 0.842 0.6015 0.8446666666666667 0.6055 0.8433333333333334 0.6195 0.8453333333333334 0.621 0.85 0.6195 0.8473333333333334 0.6125 0.852 0.6095 0.8546666666666667 0.622 0.852 0.662 0.8486666666666667 0.673 0.8446666666666667 0.6725 0.844 0.6855 0.846 0.686 0.8486666666666667 0.679 0.8533333333333334 0.6865 0.852 0.724 0.842 0.7305 0.8313333333333334 0.734 0.818 0.7305 0.806 0.73 0.804 0.735 0.7966666666666666 0.733 0.7913333333333333 0.7355 0.7826666666666666 0.733 0.7786666666666666 0.7375 0.748 0.7375 0.7426666666666667 0.733 0.7353333333333333 0.734 0.7326666666666667 0.7375 0.7273333333333334 0.736 0.7213333333333334 0.7375 0.726 0.7345 0.72 0.733 0.7173333333333334 0.7375 0.7126666666666667 0.7335 0.7126666666666667 0.7375 0.664 0.7395 0.6333333333333333 0.737 0.6193333333333333 0.7385 0.612 0.7345 0.6053333333333333 0.7385 0.5913333333333334 0.738 0.5853333333333334 0.741 0.5593333333333333 0.738 0.55 0.739 0.548 0.741 0.5046666666666667 0.7405 0.488 0.7435 0.47 0.7415 0.4646666666666667 0.7435 0.4593333333333333 0.7395 0.45266666666666666 0.738 0.446 0.7435 0.442 0.7425 0.43866666666666665 0.744 0.43466666666666665 0.7415 0.42866666666666664 0.7415 0.42133333333333334 0.742 0.418 0.7445 0.4086666666666667 0.742 0.40066666666666667 0.744 0.3953333333333333 0.742 0.39 0.743 0.37 0.7375 0.366 0.7375 0.3626666666666667 0.7405 0.3486666666666667 0.738 0.3433333333333333 0.734 0.3393333333333333 0.725 0.338 0.6355 0.3413333333333333 0.6335 0.3486666666666667 0.6385 0.35133333333333333 0.6335 0.34933333333333333 0.62 0.342 0.6245 0.33866666666666667 0.6205 0.33866666666666667 0.6065 0.3486666666666667 0.6075 0.34933333333333333 0.6 0.3453333333333333 0.598 0.33866666666666667 0.6055 0.3373333333333333 0.592 0.338 0.552 0.3406666666666667 0.548 0.33866666666666667 0.5445 0.3373333333333333 0.5125 0.33866666666666667 0.494 0.3446666666666667 0.498 0.34 0.5075 0.3446666666666667 0.512 0.3446666666666667 0.5155 0.3466666666666667 0.5155 0.34933333333333333 0.5095 0.3453333333333333 0.49 0.3393333333333333 0.481 0.3453333333333333 0.477 0.3373333333333333 0.4635 0.3393333333333333 0.4495 0.33466666666666667 0.431 0.33466666666666667 0.4215 0.3393333333333333 0.4165 0.336 0.3795 0.3406666666666667 0.366 0.3626666666666667 0.3595 0.412 0.3625 0.418 0.3615 0.42333333333333334 0.356 0.426 0.356 0.428 0.363 0.432 0.361 0.43666666666666665 0.363 0.462 0.363 0.462 0.359 0.4653333333333333 0.3555 0.474 0.3555 0.4786666666666667 0.3615 0.51 0.363 0.524 0.3605 0.558 0.3625 0.584 0.36 0.592 0.362 0.6766666666666666 0.36 0.6846666666666666 0.3585 0.6753333333333333 0.356 0.6713333333333333 0.3585 0.6706666666666666 0.356 0.6813333333333333 0.355 0.6966666666666667 0.3555 0.6946666666666667 0.359 0.7026666666666667 0.36 0.7273333333333334 0.3595 0.7306666666666667 0.357 0.732 0.3595 0.7513333333333333 0.3605 0.7826666666666666 0.3595 0.78 0.357 0.7653333333333333 0.357 0.764 0.3555 0.7793333333333333 0.355 0.7933333333333333 0.357 0.7986666666666666 0.3525 0.8146666666666667 0.352
2 0.6813333333333333 0.4105 0.762 0.41 0.7713333333333333 0.4125 0.7726666666666666 0.494 0.7653333333333333 0.496 0.71 0.497 0.6613333333333333 0.497 0.6586666666666666 0.4945 0.658 0.4145 0.6626666666666666 0.412 0.6806666666666666 0.4105
2 0.6386666666666667 0.412 0.6466666666666666 0.4125 0.65 0.4155 0.6506666666666666 0.4955 0.6406666666666667 0.498 0.616 0.4985 0.5433333333333333 0.498 0.5393333333333333 0.4965 0.5366666666666666 0.417 0.5393333333333333 0.4135 0.5426666666666666 0.413 0.638 0.412
2 0.7333333333333333 0.593 0.7713333333333333 0.593 0.774 0.5945 0.776 0.6355 0.7726666666666666 0.6355 0.7646666666666667 0.6295 0.752 0.625 0.7426666666666667 0.6185 0.7333333333333333 0.6155 0.7233333333333334 0.6155 0.7086666666666667 0.6235 0.7053333333333334 0.629 0.7053333333333334 0.6365 0.7293333333333333 0.655 0.748 0.664 0.7586666666666667 0.664 0.7766666666666666 0.655 0.7766666666666666 0.6765 0.7653333333333333 0.6795 0.71 0.6805 0.6666666666666666 0.6805 0.6626666666666666 0.678 0.6606666666666666 0.5985 0.6646666666666666 0.5945 0.7326666666666667 0.593
2 0.45066666666666666 0.5045 0.526 0.5045 0.5293333333333333 0.5075 0.5306666666666666 0.518 0.5326666666666666 0.5755 0.53 0.589 0.45466666666666666 0.592 0.4206666666666667 0.5915 0.41733333333333333 0.587 0.4166666666666667 0.575 0.4166666666666667 0.508 0.45 0.5045
2 0.4746666666666667 0.4125 0.5253333333333333 0.4135 0.5273333333333333 0.417 0.5293333333333333 0.496 0.5266666666666666 0.4985 0.49866666666666665 0.4995 0.418 0.4995 0.41533333333333333 0.4945 0.414 0.42 0.416 0.4155 0.474 0.4125
2 0.6173333333333333 0.5945 0.6506666666666666 0.595 0.6526666666666666 0.597 0.6546666666666666 0.6785 0.6486666666666666 0.681 0.6366666666666667 0.6805 0.6333333333333333 0.682 0.574 0.681 0.564 0.6825 0.5433333333333333 0.682 0.5413333333333333 0.679 0.5406666666666666 0.5985 0.5433333333333333 0.5965 0.6166666666666667 0.5945
2 0.4866666666666667 0.654 0.48933333333333334 0.6505 0.49133333333333334 0.637 0.4866666666666667 0.634 0.4866666666666667 0.63 0.484 0.6295 0.476 0.636 0.474 0.6475 0.4826666666666667 0.658 0.49 0.658 0.48733333333333334 0.6545
2 0.624 0.503 0.6506666666666666 0.504 0.652 0.506 0.654 0.5615 0.6533333333333333 0.585 0.6506666666666666 0.5885 0.5433333333333333 0.5905 0.54 0.5875 0.5393333333333333 0.5795 0.538 0.512 0.54 0.505 0.6233333333333333 0.503
2 0.75 0.501 0.768 0.502 0.7733333333333333 0.5055 0.774 0.5845 0.7706666666666667 0.587 0.7633333333333333 0.588 0.6993333333333334 0.589 0.6646666666666666 0.589 0.6613333333333333 0.5855 0.6606666666666666 0.5055 0.664 0.5035 0.6833333333333333 0.5025 0.7493333333333333 0.501
3 0.76 0.4055 0.776 0.4065 0.7786666666666666 0.4095 0.7806666666666666 0.682 0.5613333333333334 0.6875 0.516 0.6865 0.5046666666666667 0.689 0.48733333333333334 0.6895 0.43066666666666664 0.689 0.418 0.688 0.414 0.6855 0.4073333333333333 0.411 0.4653333333333333 0.4085 0.47 0.4115 0.4673333333333333 0.415 0.42333333333333334 0.4155 0.4166666666666667 0.418 0.41733333333333333 0.498 0.42133333333333334 0.4995 0.502 0.4995 0.5226666666666666 0.499 0.5293333333333333 0.4945 0.5273333333333333 0.418 0.524 0.4155 0.512 0.4145 0.47733333333333333 0.415 0.4726666666666667 0.411 0.522 0.4075 0.7593333333333333 0.4055