1 0.2325 0.21333333333333335 0.24375 0.22666666666666666 0.26375 0.22666666666666666 0.30875 0.235 0.3225 0.235 0.37125 0.245 0.51875 0.2633333333333333 0.525 0.26666666666666666 0.55125 0.2683333333333333 0.56625 0.275 0.57375 0.275 0.57875 0.2683333333333333 0.58375 0.26666666666666666 0.58875 0.27 0.59625 0.2683333333333333 0.6025 0.275 0.605 0.2816666666666667 0.605 0.295 0.59875 0.305 0.5875 0.30833333333333335 0.5825 0.315 0.5825 0.375 0.58 0.38666666666666666 0.59875 0.38666666666666666 0.60625 0.4 0.60625 0.41333333333333333 0.605 0.41833333333333333 0.595 0.42833333333333334 0.57875 0.42833333333333334 0.58375 0.44 0.5825 0.5333333333333333 0.585 0.6316666666666667 0.585 0.7866666666666666 0.5825 0.7916666666666666 0.53 0.7983333333333333 0.4275 0.8066666666666666 0.3725 0.8083333333333333 0.345 0.8133333333333334 0.32 0.8133333333333334 0.19875 0.825 0.17875 0.825 0.17625 0.82 0.17625 0.635 0.17875 0.5233333333333333 0.1775 0.4033333333333333 0.18 0.39 0.18 0.22333333333333333 0.1825 0.21833333333333332 0.18625 0.21666666666666667 0.205 0.21666666666666667 0.215 0.21 0.22625 0.21 0.23125 0.21333333333333335
0 0.32 0.5116666666666667 0.33125 0.52 0.33625 0.535 0.33625 0.545 0.3325 0.5583333333333333 0.3275 0.565 0.32125 0.5683333333333334 0.3075 0.5683333333333334 0.3 0.5633333333333334 0.29375 0.55 0.29375 0.53 0.29625 0.5216666666666666 0.3025 0.515 0.31 0.5116666666666667 0.31875 0.5116666666666667
0 0.22125 0.48333333333333334 0.23375 0.49 0.24125 0.5033333333333333 0.24125 0.5233333333333333 0.23875 0.5316666666666666 0.23125 0.5383333333333333 0.2225 0.5416666666666666 0.215 0.5416666666666666 0.20625 0.5366666666666666 0.2025 0.5333333333333333 0.19875 0.5216666666666666 0.19875 0.5016666666666667 0.20125 0.49333333333333335 0.20875 0.4866666666666667 0.22 0.48333333333333334
0 0.22625 0.20666666666666667 0.24 0.21833333333333332 0.24375 0.23166666666666666 0.24375 0.24666666666666667 0.23875 0.25833333333333336 0.23125 0.265 0.2225 0.265 0.215 0.26166666666666666 0.205 0.25166666666666665 0.2 0.24 0.20125 0.21833333333333332 0.21125 0.20833333333333334 0.225 0.20666666666666667
0 0.22375 0.3433333333333333 0.23375 0.34833333333333333 0.24125 0.35833333333333334 0.24375 0.36833333333333335 0.24375 0.38166666666666665 0.24125 0.39 0.23625 0.39666666666666667 0.22875 0.4 0.21375 0.3983333333333333 0.205 0.39166666666666666 0.2 0.38333333333333336 0.2 0.3616666666666667 0.20375 0.3516666666666667 0.20875 0.3466666666666667 0.2225 0.3433333333333333
0 0.42125 0.5083333333333333 0.42875 0.5166666666666667 0.4325 0.5283333333333333 0.4325 0.5433333333333333 0.43 0.55 0.42125 0.56 0.40375 0.56 0.39875 0.5566666666666666 0.395 0.5466666666666666 0.39375 0.535 0.395 0.5216666666666666 0.4025 0.51 0.41 0.5066666666666667 0.42 0.5083333333333333
4 0.59625 0.38166666666666665 0.605 0.39 0.60875 0.4 0.6075 0.42 0.605 0.425 0.59625 0.43166666666666664 0.585 0.43166666666666664 0.58125 0.42833333333333334 0.57625 0.41833333333333333 0.575 0.41 0.5775 0.39 0.585 0.38333333333333336 0.595 0.38166666666666665
4 0.53 0.6483333333333333 0.53625 0.655 0.54 0.6633333333333333 0.54 0.6816666666666666 0.5325 0.695 0.52625 0.6983333333333334 0.51125 0.6966666666666667 0.505 0.6866666666666666 0.50375 0.6683333333333333 0.51125 0.6483333333333333 0.52875 0.6483333333333333
4 0.5925 0.26166666666666666 0.6 0.265 0.605 0.27166666666666667 0.60875 0.2833333333333333 0.60875 0.29333333333333333 0.60625 0.3 0.595 0.31166666666666665 0.5825 0.30833333333333335 0.57875 0.30333333333333334 0.57375 0.28833333333333333 0.57375 0.275 0.57625 0.2683333333333333 0.5825 0.2633333333333333 0.59125 0.26166666666666666
4 0.43 0.3616666666666667 0.43875 0.37666666666666665 0.44 0.39 0.4375 0.4 0.4275 0.4116666666666667 0.4125 0.41 0.40375 0.3983333333333333 0.40125 0.39 0.40125 0.375 0.405 0.365 0.41125 0.36 0.42375 0.35833333333333334 0.42875 0.3616666666666667
2 0.47 0.3283333333333333 0.5025 0.335 0.51875 0.3333333333333333 0.5375 0.3383333333333333 0.54 0.35833333333333334 0.54 0.425 0.53875 0.45666666666666667 0.53375 0.46 0.45875 0.455 0.45375 0.45 0.45125 0.42 0.4525 0.38333333333333336 0.45 0.37666666666666665 0.4525 0.36833333333333335 0.4525 0.3333333333333333 0.4575 0.3283333333333333 0.46875 0.3283333333333333
2 0.5425 0.6583333333333333 0.545 0.6683333333333333 0.5425 0.6766666666666666 0.54375 0.6833333333333333 0.54125 0.6966666666666667 0.54125 0.72 0.53875 0.725 0.4675 0.73 0.45625 0.73 0.45375 0.725 0.4525 0.605 0.455 0.6 0.5375 0.6 0.54 0.61 0.53875 0.6466666666666666 0.54125 0.6583333333333333
2 0.41125 0.5983333333333334 0.44375 0.6 0.44625 0.6033333333333334 0.44625 0.7266666666666667 0.44375 0.73 0.4325 0.7316666666666667 0.42 0.73 0.375 0.735 0.35625 0.7333333333333333 0.35375 0.73 0.3525 0.6033333333333334 0.355 0.6 0.41 0.5983333333333334
2 0.25125 0.30333333333333334 0.265 0.30666666666666664 0.26875 0.305 0.32125 0.31 0.345 0.31833333333333336 0.3475 0.36333333333333334 0.3475 0.41833333333333333 0.345 0.44666666666666666 0.30125 0.44666666666666666 0.28625 0.44333333333333336 0.24625 0.44166666666666665 0.24625 0.37 0.24375 0.345 0.24625 0.30666666666666664 0.25 0.305
2 0.53625 0.4683333333333333 0.54 0.47333333333333333 0.53875 0.5883333333333334 0.535 0.5916666666666667 0.4625 0.59 0.45875 0.595 0.45625 0.5933333333333334 0.4525 0.5833333333333334 0.4525 0.4683333333333333 0.455 0.465 0.535 0.4683333333333333
2 0.24625 0.45166666666666666 0.25125 0.45 0.275 0.4533333333333333 0.32125 0.4533333333333333 0.34125 0.45666666666666667 0.345 0.4583333333333333 0.34625 0.46166666666666667 0.345 0.5883333333333334 0.24625 0.59 0.24375 0.5833333333333334 0.24375 0.4716666666666667 0.24625 0.4533333333333333
2 0.255 0.5983333333333334 0.345 0.6016666666666667 0.345 0.7316666666666667 0.3375 0.7366666666666667 0.29625 0.7366666666666667 0.2875 0.74 0.24625 0.74 0.2425 0.7366666666666667 0.24375 0.6066666666666667 0.24625 0.6 0.25375 0.5983333333333334
2 0.4425 0.32666666666666666 0.445 0.3333333333333333 0.445 0.38166666666666665 0.4475 0.39 0.445 0.3933333333333333 0.445 0.4483333333333333 0.43875 0.4533333333333333 0.415 0.45 0.37375 0.45 0.3575 0.4483333333333333 0.35375 0.445 0.35375 0.32166666666666666 0.35625 0.31833333333333336 0.375 0.31833333333333336 0.4225 0.32166666666666666 0.44125 0.32666666666666666
2 0.395 0.4583333333333333 0.41625 0.46166666666666667 0.44125 0.46166666666666667 0.44625 0.47 0.445 0.48333333333333334 0.4475 0.5566666666666666 0.44625 0.585 0.4425 0.59 0.35625 0.59 0.35375 0.5866666666666667 0.35375 0.46 0.39375 0.4583333333333333
3 0.24125 0.2966666666666667 0.28375 0.3 0.345 0.31 0.43125 0.31666666666666665 0.45 0.32 0.455 0.3233333333333333 0.48 0.3233333333333333 0.5375 0.33 0.54 0.3333333333333333 0.54125 0.34833333333333333 0.54375 0.3516666666666667 0.54375 0.38333333333333336 0.54125 0.405 0.54375 0.42333333333333334 0.5425 0.5133333333333333 0.545 0.5783333333333334 0.5425 0.5916666666666667 0.545 0.6016666666666667 0.545 0.6616666666666666 0.5425 0.6633333333333333 0.53875 0.6533333333333333 0.53875 0.6083333333333333 0.53375 0.6 0.45625 0.5983333333333334 0.45375 0.6033333333333334 0.4525 0.675 0.45375 0.7233333333333334 0.45875 0.7283333333333334 0.48 0.7283333333333334 0.5 0.725 0.535 0.725 0.53875 0.72 0.54 0.7133333333333334 0.54 0.6983333333333334 0.5375 0.6916666666666667 0.54125 0.6816666666666666 0.54125 0.6733333333333333 0.5425 0.67 0.54625 0.67 0.545 0.7183333333333334 0.54375 0.7266666666666667 0.54125 0.73 0.52625 0.73 0.5225 0.7333333333333333 0.46375 0.7333333333333333 0.435 0.735 0.425 0.7383333333333333 0.41375 0.7366666666666667 0.38625 0.74 0.345 0.74 0.26375 0.7466666666666667 0.24 0.745 0.23875 0.56 0.24 0.5366666666666666 0.24375 0.5233333333333333 0.245 0.585 0.24875 0.59 0.34375 0.59 0.3475 0.58 0.34625 0.5366666666666666 0.34375 0.5316666666666666 0.3475 0.5216666666666666 0.34625 0.465 0.34375 0.4583333333333333 0.33625 0.455 0.2475 0.45166666666666666 0.245 0.45666666666666667 0.24375 0.5016666666666667 0.24 0.495 0.23875 0.43833333333333335 0.24 0.3983333333333333 0.2425 0.3933333333333333 0.245 0.3933333333333333 0.245 0.43333333333333335 0.24875 0.44333333333333336 0.285 0.44333333333333336 0.32875 0.4483333333333333 0.345 0.44666666666666666 0.3475 0.43833333333333335 0.34625 0.32166666666666666 0.34125 0.31666666666666665 0.32625 0.315 0.32 0.31166666666666665 0.25375 0.305 0.24625 0.31333333333333335 0.24625 0.3566666666666667 0.24875 0.36 0.2475 0.36666666666666664 0.24375 0.36333333333333334 0.24375 0.35833333333333334 0.24 0.3516666666666667 0.23875 0.33 0.24125 0.29833333333333334